Metabolite,t.score,p.value,FDR,logFC,Rank
HILIC_85.02841798_290.4586431,1.8402728534632278,0.07345626406579418,0.6716828542500342,0.7517242253917917,1
HILIC_85.02846539_56.5877659,-0.9227136050635804,0.3619106138688334,0.9621959289015692,-0.27345822355453014,2
HILIC_85.0414635_71.26778911,0.2433778832546787,0.8090064835372108,1,0.08986218532919267,3
HILIC_85.04779606_71.95313692,-0.549900653077247,0.5855678465431138,0.9913379189285378,-0.1316676269862502,4
HILIC_85.08415983_112.488396,-1.7360586316175384,0.09056155888460361,0.7034396994003055,-1.1696395278706173,5
HILIC_85.10119486_291.8284664,2.624195015770431,0.012391338465769702,0.3216997248155867,1.4335276446168093,6
HILIC_85.51560053_246.8553878,-0.7306577623376165,0.4694172663564917,0.9777549229263227,-0.546147479402453,7
HILIC_85.96310233_203.505821,0.4205585060807235,0.6764187711167499,0.9996367449012522,0.2136051260889919,8
HILIC_86.06007085_287.4093516,2.8213747587831017,0.0075267423487963255,0.2584514400413996,0.9126271148046715,9
HILIC_86.0601188_67.60032266,-0.945864509078956,0.3501241961453285,0.9578247927857968,-0.24931535395885873,10
HILIC_86.07134649_31.06981639,-0.5916790837858944,0.5575285666556556,0.9878934493313638,-0.14181610101764422,11
HILIC_86.09663859_36.79735597,2.980113725001555,0.0049741385403296,0.21527194619442977,0.7123210892321188,12
HILIC_86.50246097_105.8203745,-0.08745056303105464,0.930767242505944,1,-0.08414052952077546,13
HILIC_86.71706644_48.17979105,0.2630397561115439,0.7939243657790191,1,0.1972714918265296,14
HILIC_86.90869577_42.67711193,-0.41770954038530017,0.6784829806669008,0.9996367449012522,-0.10311409478490165,15
HILIC_86.93890293_48.06127491,-0.9954756736033673,0.3257287324664939,0.9506069103298993,-0.7519023836058737,16
HILIC_86.95260182_25.39613694,1.9099937839296541,0.06361424232637292,0.636547609520585,0.883425796842107,17
HILIC_86.95581031_178.7232882,0.6869678285138674,0.4962256854901741,0.9781047779839798,0.600776787403006,18
HILIC_86.96401272_165.1674532,-1.1686953221237806,0.24972136690280278,0.9046740560864915,-0.7197894953360457,19
HILIC_87.02636387_42.70896931,4.750515320592361,2.8195922180244924e-5,0.02395189232850786,1.8982080045415257,20
HILIC_87.04407159_289.5254113,1.0542744015651007,0.29833736897616675,0.9388638086478203,0.459689322657942,21
HILIC_87.04410261_38.700804,2.4912665664663627,0.0171570828584714,0.3785642861047552,1.0983617543937145,22
HILIC_87.05531146_75.31729616,1.9046860091976237,0.06432153554846166,0.6379364415822807,0.4855271480178657,23
HILIC_87.0641035_25.25585843,1.7845967016053421,0.08221884048001923,0.6948552844377854,1.302880383508981,24
HILIC_87.0917115_292.1118076,1.5061971313237508,0.14018867966047452,0.7851055614738052,0.634565304596357,25
HILIC_87.09352591_36.60956775,1.9334639975328207,0.06056620318196184,0.62680833464336,1.36044802928834,26
HILIC_87.09985007_37.17141102,3.4380295980477413,0.0014224912615824355,0.11343826253533026,0.814873322401925,27
HILIC_87.16080947_48.28601042,-0.6989091689929325,0.48881509280511526,0.9781047779839798,-0.3345255692781617,28
HILIC_87.17652527_25.47557987,-1.749836323881704,0.08812438516048528,0.6987283714390797,-0.9055075865309068,29
HILIC_87.25464156_258.6436112,-0.23673614201914936,0.8141182188665989,1,-0.13550580781252233,30
HILIC_87.28809142_25.43432856,-0.5518089572248458,0.5842723850896412,0.9913379189285378,-0.2236551182998602,31
HILIC_87.40056958_25.99308903,-1.7882593357591698,0.08161646201223847,0.6948552844377854,-1.2696941851848709,32
HILIC_88.00425131_284.1698492,0.08905022870230778,0.9295042207369407,1,0.02873980608108823,33
HILIC_88.02159395_153.8199004,-0.2805509906058141,0.780558856644488,1,-0.3380319267890128,34
HILIC_88.02318786_251.4833965,-1.3330921777929219,0.1903467753261557,0.8507713974810356,-0.41633576771525416,35
HILIC_88.03933581_286.5493904,0.059790296427853766,0.9526323403030773,1,0.031639318571920226,36
HILIC_88.03935127_80.39524183,1.277187972906566,0.2091946669014245,0.8683661493536527,0.40379259263299216,37
HILIC_88.03938885_185.4880557,-0.9070103953768116,0.37005075718835967,0.9637531830220828,-0.5243306057176136,38
HILIC_88.05789901_64.27036148,-0.6799084414296558,0.5006357557572132,0.9781047779839798,-0.16964224204779574,39
HILIC_88.07574809_83.18402635,0.4382983848949792,0.6636227329982382,0.9978767801948073,0.15429512763275444,40
HILIC_88.52081017_222.3868003,-0.9385678113438681,0.3538114326781121,0.9588670540445742,-0.3726620098907828,41
HILIC_88.61739048_81.10970972,0.1754055379139991,0.8616814681059868,1,0.09369419620109716,42
HILIC_88.95268286_252.2971503,0.6121740708289178,0.5440260260717515,0.9844101439284977,0.25562763715088993,43
HILIC_88.96846102_294.2321983,-0.6374421545134075,0.5276146534865818,0.9824083431236167,-0.3794513049660255,44
HILIC_89.001987_284.0176711,0.12179900487325111,0.9036925459797354,1,0.04229078451696255,45
HILIC_89.00201042_81.13984198,-0.4841548860414736,0.6310223212792496,0.9947980550876518,-0.3737522753198664,46
HILIC_89.0083215_71.42808776,-1.22703847642176,0.2272684769522299,0.8838402126105115,-0.49024516657132006,47
HILIC_89.00833293_279.7373193,0.5173150678887507,0.6078996765279214,0.9928201179984223,0.07595206563994827,48
HILIC_89.03864944_34.64945445,-1.7243445310482863,0.09267778705023613,0.7109023686553717,-0.518193845942207,49
HILIC_89.04188835_54.55857461,-0.10114402851986218,0.9199617216876192,1,-0.04518424020197892,50
HILIC_89.059759_130.7241784,-1.2001847514314428,0.23741022709853543,0.8932665963443939,-0.3740774153541154,51
HILIC_89.05982223_296.0381341,-0.7532496175715638,0.4558876058818837,0.9753792522951469,-0.2217332492628245,52
HILIC_89.07096677_288.26625,2.440211956662503,0.01939465398581031,0.4041228254674534,1.536976219455195,53
HILIC_89.10736192_274.5428103,0.012240193229002182,0.9902972736130085,1,0.0058897278471915435,54
HILIC_89.50682187_281.9276928,-0.9042472969194197,0.37149522017542347,0.9637531830220828,-0.2786633059964002,55
HILIC_89.51002308_192.2789219,-0.4164229851617191,0.679415974073855,0.9999159889500627,-0.14327556458244367,56
HILIC_89.61936919_24.73978144,-0.04255638040635358,0.9662753973845983,1,-0.02545155144260686,57
HILIC_89.7309166_24.58527972,-0.6818883063485417,0.49939673874764545,0.9781047779839798,-0.5496098436843208,58
HILIC_89.95081898_282.4417173,0.10685699567623129,0.9154580333066705,1,0.03485444456583144,59
HILIC_89.95083549_169.2771538,-1.2283916108632174,0.2267660676897147,0.8838307314088665,-1.0866636603594264,60
HILIC_89.96249768_225.0080642,-0.29005001391557567,0.7733365063297836,1,-0.09536339229014361,61
HILIC_90.03723536_290.3656427,2.0947669158758315,0.0428319018637324,0.5439686162322036,0.898190689284063,62
HILIC_90.05502652_57.64460634,0.49432477930376956,0.6238893620477554,0.9947980550876518,0.22938396614088175,63
HILIC_90.06723026_25.35141934,-1.0568469958583684,0.29717651676119067,0.9388638086478203,-0.7130694208563362,64
HILIC_90.09138826_283.2392524,1.217067309562103,0.23099615115206532,0.8875782173548652,0.5150945213907505,65
HILIC_90.50698229_257.3794829,1.1319277825460934,0.2646749039378533,0.9153716740091526,0.17061076355094543,66
HILIC_90.5242414_206.845207,0.1683960482919351,0.8671544135918643,1,0.08065040922371713,67
HILIC_90.5273569_255.510963,0.12319063256857397,0.9025978405135074,1,0.13741601760226108,68
HILIC_90.97669008_56.16844276,-1.1918891644994258,0.2406094248361384,0.8961162212635817,-0.3666879833284798,69
HILIC_91.00589404_283.2412351,0.6129342897185897,0.5435284460537371,0.9844101439284977,0.178271745074178,70
HILIC_91.00865137_281.5012103,0.3501712266787901,0.7281212259592219,1,0.08521232751795481,71
HILIC_91.00866596_81.45515544,1.1423675230136547,0.26036518860783725,0.911112589206785,0.6471654919572364,72
HILIC_91.01795313_194.9575463,0.1901766302331916,0.8501712266570538,1,0.07231670279120286,73
HILIC_91.02903867_270.4874102,0.4514055478726604,0.6542331494497737,0.9965858111391217,0.17598476055739273,74
HILIC_91.03979443_42.58728616,-0.44524531972421727,0.6586391925520477,0.9966192045168055,-0.0826566006700832,75
HILIC_91.05430844_39.49641254,-1.0483910915004422,0.3010039598969215,0.9396681966123791,-0.35903234897599695,76
HILIC_91.05836822_61.3065251,-0.6520048567835282,0.518276850442569,0.9824083431236167,-0.4555316317697867,77
HILIC_91.50469881_274.0240948,0.19429321939617814,0.8469692025290944,1,0.030469852749522224,78
HILIC_91.51486603_35.59365995,0.6320702304998234,0.5310815895712689,0.9824083431236167,0.34515879229353835,79
HILIC_91.52206465_196.2333935,0.14690138753133267,0.8839774170701257,1,0.07130590668721758,80
HILIC_91.52521365_216.803652,-0.6336291831009199,0.5300742357993824,0.9824083431236167,-0.2946626657277428,81
HILIC_91.52857066_203.377437,-1.1923906273379339,0.2404151433120791,0.8961162212635817,-0.6351044477027284,82
HILIC_91.98005305_59.24161099,0.8183333673420387,0.41820970083454334,0.9715960129104287,0.2901819567364376,83
HILIC_92.00482047_280.1555784,0.7791650550199597,0.4406519162876381,0.9745894987688215,0.20334159514032765,84
HILIC_92.00636441_282.3773474,0.9008365308462052,0.3732832702164016,0.9637531830220828,0.28182630403370623,85
HILIC_92.02157614_188.9048091,-0.3751071460989835,0.7096420318310129,1,-0.19555916231984072,86
HILIC_92.0240254_201.4034171,0.8146255704048088,0.4203037252963179,0.9716822081080376,0.30930161853466204,87
HILIC_92.02569931_217.6720968,-0.47675822287958536,0.6362327790910705,0.9953585489094753,-0.1378057736892794,88
HILIC_92.0369682_125.5009436,0.49231066718277255,0.6252991416962299,0.9947980550876518,0.15174466398619615,89
HILIC_92.04953958_27.12485427,-1.0482662124535695,0.30106073922801696,0.9396681966123791,-0.9297145954583284,90
HILIC_92.05761655_290.2283105,1.3088250661601515,0.19836253507975385,0.8593515168411124,0.46769094353319196,91
HILIC_92.33810774_22.54292926,-0.1144342456280384,0.9094890539165701,1,-0.11117926487180263,92
HILIC_92.50348013_284.0719607,0.5303692147497084,0.5989058851463787,0.9927179766037689,0.11564716919685657,93
HILIC_92.503492_80.48193747,-2.5268838307626043,0.015738248487148526,0.36253355386085534,-1.227386123150109,94
HILIC_92.94813874_85.31516333,0.17401494553433533,0.8627666902154918,1,0.1631495271084395,95
HILIC_92.94814353_284.9895186,0.1465144171466374,0.8842808065014891,1,0.04229574977763549,96
HILIC_93.01997413_217.7475323,-0.6934900165924579,0.49217042455102855,0.9781047779839798,-0.27835240435335934,97
HILIC_93.0240484_203.0219762,-0.5353402088824668,0.5954976232113541,0.9924074341965825,-0.26949687280641876,98
HILIC_93.04480659_99.74035108,0.3450456787365838,0.7319404758438524,1,0.08316876332349894,99
HILIC_93.06994024_59.20747924,-1.521327099529293,0.1363598560599701,0.7769535981134155,-0.5147156682476796,100
HILIC_93.06994572_134.0334726,-1.272651152171131,0.21078386761288395,0.8683661493536527,-0.551410815992513,101
HILIC_93.50377753_275.5340212,-0.18648660310717832,0.8530436426391192,1,-0.08598192418147557,102
HILIC_93.98409529_279.4198637,-1.5548523696689334,0.12817473378998698,0.7671458326289821,-0.5973410203708361,103
HILIC_94.02880157_39.22809772,0.6533669934715488,0.517407992226885,0.9824083431236167,0.26472683111083867,104
HILIC_94.0451383_123.2344593,-0.5523323554596006,0.5839173160752879,0.9913379189285378,-0.35592157727552526,105
HILIC_94.06518108_125.0537174,0.062116781647560244,0.9507916144243266,1,0.025017434491408603,106
HILIC_94.07324692_290.7029809,2.2451118839841153,0.030588851778437016,0.4865601487856593,1.6105543112228042,107
HILIC_94.5023231_274.5414159,0.534870508348849,0.5958192702178018,0.9924074341965825,0.18589065865799778,108
HILIC_94.52084594_220.0657357,-0.6884926878877234,0.4952759265648825,0.9781047779839798,-0.2474360865192434,109
HILIC_94.543682_151.0944294,0.2452589159306938,0.8075602971111433,1,0.11840564892615332,110
HILIC_94.54642742_251.5590928,-0.8644422800242384,0.3927060496599045,0.9669701703160376,-0.4491666015351424,111
HILIC_94.94357368_283.2714483,0.18809279348529814,0.8517930896256722,1,0.0789613923030326,112
HILIC_95.01280726_71.5910938,0.4979311776106331,0.6213686364046258,0.9947980550876518,0.13330459204058046,113
HILIC_95.02402448_270.0370196,1.867808433314927,0.06942433005259627,0.6554424429845478,0.6701237327356644,114
HILIC_95.04387206_240.8349018,0.5286975367502392,0.6000540996708714,0.9927179766037689,0.28732690548451517,115
HILIC_95.04389743_127.814977,-0.8961843929700187,0.3757310060761395,0.9637531830220828,-0.4726072256279864,116
HILIC_95.04721541_147.7880064,0.7533310992729184,0.45583922470039073,0.9753792522951469,0.39785504254836446,117
HILIC_95.04905656_276.6921965,0.9026615384117436,0.37232584569816785,0.9637531830220828,0.20191348312764035,118
HILIC_95.04921145_145.0280525,-0.26541799326421633,0.7921053730299008,1,-0.08043389817692481,119
HILIC_95.06043216_100.9513343,0.08403910239342138,0.9334613748016927,1,0.04968202145933652,120
HILIC_95.06854325_38.04931808,-0.20516142630263773,0.8385282872692142,1,-0.10771976426390825,121
HILIC_95.08560012_30.83855528,-2.17338536089824,0.03597621733046303,0.5143847335746973,-1.0725787239251001,122
HILIC_95.50172477_273.7309703,1.4244555873201796,0.16238079000834305,0.8230328618602025,0.7186927467860965,123
HILIC_95.54560673_123.8812145,0.09530227610941215,0.9245696949476265,1,0.06184531029729039,124
HILIC_95.96404634_278.394581,0.703928876260889,0.48571854578562124,0.9781047779839798,0.2290949434301042,125
HILIC_96.02085669_24.05666906,-1.0113838074234671,0.3181552194138746,0.946632291096964,-0.5370188808632301,126
HILIC_96.04443233_293.0843421,-1.3619866145304365,0.18112866927736937,0.8441208526690812,-0.22398182346776588,127
HILIC_96.04445963_155.8886054,0.46962474618889893,0.6412756268057539,0.9955023063019077,0.12655733265662814,128
HILIC_96.05565544_283.8187459,1.0855378421350854,0.28444275272300434,0.9295944216943315,0.3120101664161217,129
HILIC_96.06824022_119.6157906,-0.7156709936804891,0.47851836535413295,0.9781047779839798,-0.30965125237121505,130
HILIC_96.08079825_285.5052228,-0.40061183135351763,0.690923327137559,0.9999159889500627,-0.18205747793887697,131
HILIC_96.0808262_35.31049728,0.6963573797199991,0.4903934651100136,0.9781047779839798,0.385268103824081,132
HILIC_96.08891983_289.9822178,-0.3506042732116348,0.7277988653880243,1,-0.08766834208331994,133
HILIC_96.08894104_29.14321708,-1.6310591026827015,0.11104314779163083,0.736040478094709,-0.8114530077163374,134
HILIC_96.92181876_47.53810749,-0.8485201465197638,0.40140011707610346,0.9669701703160376,-0.13210600799873368,135
HILIC_96.96098643_290.5945809,-0.5321583950444032,0.5976781109224734,0.9926487049255592,-0.17732123921056597,136
HILIC_96.96099024_104.6093719,0.23962938801322808,0.8118904414711965,1,0.06915291152908969,137
HILIC_97.02846259_63.43590937,0.804077141765574,0.42629599560565123,0.9732405036444339,0.2494495653281148,138
HILIC_97.03968749_94.14561617,0.9697404112377952,0.3382367772296446,0.9541737438762358,0.22374131398006972,139
HILIC_97.03970055_163.6304677,-0.35989835979158186,0.7208924842901554,1,-0.09196509873917073,140
HILIC_97.03970679_290.2586911,0.9930588104938083,0.3268899265263048,0.9506069103298993,0.33164347047636056,141
HILIC_97.04775017_287.1402126,0.5669903111222464,0.5740161540907985,0.9913379189285378,0.21775177780833022,142
HILIC_97.06485236_163.0285505,0.349463463416029,0.7286481937409288,1,0.12476519813561764,143
HILIC_97.07608559_170.8608285,0.21601824818066545,0.8301154508633177,1,0.07457087849752334,144
HILIC_97.07609276_74.33076214,-0.5057073900555832,0.6159491002320843,0.9932827309224024,-0.21785269454906028,145
HILIC_97.10123931_22.28581663,1.1629343274925579,0.2520230075306571,0.9054022050039036,0.26121068647625484,146
HILIC_97.10129888_288.167834,0.029893313168144555,0.9763067667577742,1,0.009389139509182453,147
HILIC_97.53373188_219.1342954,0.8144727446669288,0.4203901726897866,0.9716822081080376,0.4208754215948804,148
HILIC_97.98919663_237.7273891,-1.8876386868957065,0.06663899436668447,0.6468300924586318,-1.0372837403724777,149
HILIC_98.00176807_123.3700829,-1.4509745265044063,0.15489708934975552,0.8124985888763471,-1.0105175985017374,150
HILIC_98.01361244_281.1273285,-0.5219497476317211,0.6046993979559008,0.9928201179984223,-0.06658446483462525,151
HILIC_98.01363092_70.58617975,-1.716223640756572,0.09416897021876522,0.7121317722762723,-0.7191569550196916,152
HILIC_98.0236956_75.54460817,-0.21956865592321467,0.8273686124110107,1,-0.11144058631096632,153
HILIC_98.02575733_182.1130742,0.4290725109075891,0.6702650735857331,0.9996367449012522,0.367423221295408,154
HILIC_98.06008303_178.1258925,-0.3549491810890347,0.7245672879826841,1,-0.1329338289267371,155
HILIC_98.06815562_288.5114588,1.7462248529987925,0.08875785319945861,0.6991326024755875,0.943380015271973,156
HILIC_98.09645043_273.6405819,1.7534049659260964,0.08750215529351227,0.6965941799907964,0.5584811941185587,157
HILIC_98.09648549_124.1422019,0.5969621884484354,0.5540317738207292,0.9865181901455302,0.24969553624908797,158
HILIC_98.09649188_48.37430132,0.7216809852510414,0.47485665640590213,0.9781047779839798,0.25546408876944343,159
HILIC_98.47062059_292.8913911,1.2561082185535417,0.21665559012552355,0.8729569943246921,0.5046174089327015,160
HILIC_98.51204815_288.3568145,-0.5449395714709097,0.5889421714960111,0.9913379189285378,-0.1805827797812458,161
HILIC_98.51528591_176.1853492,0.5173048535414876,0.6079067382687271,0.9928201179984223,0.2855073805566126,162
HILIC_98.91893138_47.0325855,-0.9362912310572291,0.3549670583480269,0.9588670540445742,-0.14964292721929684,163
HILIC_98.96136145_260.1261305,0.3793140971214133,0.7065414632335754,0.9999159889500627,0.07618657947366135,164
HILIC_98.97539012_214.3014805,-0.12318719051948837,0.902600547919217,1,-0.05213063262661576,165
HILIC_98.98422559_105.8917001,1.1061672040082975,0.27552726800531907,0.9227236778686373,0.38293733377840805,166
HILIC_98.98615197_100.5545223,0.5131761536574085,0.6107642435324263,0.9928201179984223,0.712149168626411,167
HILIC_98.98840414_238.9183973,-0.08406961266460712,0.9334372763702858,1,-0.04056574251721308,168
HILIC_98.99852692_123.0100047,0.3676322087269982,0.7151634603978387,1,0.21593973974041253,169
HILIC_99.04411687_60.08975595,-1.5060374280937157,0.1402295484083703,0.7851055614738052,-0.5045586577675192,170
HILIC_99.05533344_297.0103276,-0.5738055643832993,0.5694408925120236,0.9913379189285378,-0.21672874152185462,171
HILIC_99.05533651_163.9203534,0.1851058805793668,0.8541189572236143,1,0.04589863153013678,172
HILIC_99.05534101_87.08416295,0.009479298409041022,0.9924857410177694,1,0.002063802931718277,173
HILIC_99.06341917_289.4532463,1.9311837946353234,0.06085671002750545,0.6269238783817119,0.6566431763919387,174
HILIC_99.0805155_142.5193386,-1.9950887224091627,0.05315533652986348,0.597129438335422,-0.65426213314941,175
HILIC_99.08051802_292.26679,-0.6290712876892233,0.5330222614687015,0.9833164118236528,-0.16242751634431613,176
HILIC_99.09169577_286.9111017,1.810013690618229,0.07811482896817454,0.6878833873822994,0.6793873430302015,177
HILIC_99.09171677_100.5174632,1.5474040875279267,0.12995807005822024,0.7695072627505222,0.5131989242942392,178
HILIC_99.51225545_55.61824635,-1.7412148170385535,0.08964294650735502,0.7023904516472353,-0.6516900333780801,179
HILIC_99.51225712_276.7252816,0.06666634686589412,0.9471927753128819,1,0.01039407330335797,180
HILIC_99.95920468_280.9702017,0.7323968694411648,0.4683676264235964,0.9777549229263227,0.5158201100498503,181
HILIC_99.96468762_278.0108076,-0.2363998820658244,0.8143772382530202,1,-0.08319349005773019,182
HILIC_99.99563149_193.6873917,-0.17500267435959163,0.8619958361039801,1,-0.07741602334463063,183
HILIC_100.0111241_274.4741316,0.8157320872445952,0.41967813691552724,0.9716822081080376,0.19724876823550902,184
HILIC_100.0111519_27.55851035,-0.28596318134699644,0.7764413717008052,1,-0.09118144802302447,185
HILIC_100.0139313_284.8321984,0.7731295911927716,0.4441728266952232,0.9745894987688215,0.1657968224701583,186
HILIC_100.0216084_32.48403668,-1.7174728461101523,0.09393829422208919,0.7121317722762723,-1.5584936876961817,187
HILIC_100.02167_182.9745393,-2.632710413750248,0.0121320607470291,0.3197683515102585,-2.220231391129738,188
HILIC_100.0243614_259.7935001,-1.0837081287411654,0.2852431986420584,0.9295944216943315,-0.3053536712808839,189
HILIC_100.0393283_294.4010288,-1.7704051747621758,0.08458835584602657,0.6959761542836904,-0.4842540120705462,190
HILIC_100.0393634_118.7619905,-1.1569898658703313,0.254414022274292,0.906563406245264,-0.37834840035528866,191
HILIC_100.050611_34.59658404,0.6788276581257247,0.5013128336402339,0.9781047779839798,0.35491419037500277,192
HILIC_100.0712647_29.4520803,-0.17315839175812314,0.863435281271707,1,-0.06335233519622924,193
HILIC_100.0757693_36.99313229,-0.8250875381614903,0.414411646058361,0.9702967640516138,-0.4476110954257816,194
HILIC_100.1121549_285.3191436,1.5573741454948777,0.1275754463334649,0.767062863320257,0.4122629980845763,195
HILIC_100.5099716_276.5208986,0.5369023388024785,0.5944284823793651,0.9921034274533279,0.10061962401478718,196
HILIC_100.5264513_192.3290747,0.20478483305014217,0.8388204560346221,1,0.1748912632157017,197
HILIC_100.5305324_222.7017959,-0.9038365015763438,0.3717102813833363,0.9637531830220828,-0.2800808913925984,198
HILIC_100.916966_47.64662423,-0.7309549230025917,0.4692378190133659,0.9777549229263227,-0.1261711264493689,199
HILIC_100.9568037_271.5810892,0.6324887860915109,0.5308110309724381,0.9824083431236167,0.14738130083080705,200
HILIC_100.9821196_163.7898975,1.0908563176199952,0.2821250510594687,0.9295944216943315,0.42616323562629455,201
HILIC_100.9876143_210.1514726,-0.7037074449262202,0.48585490892334515,0.9781047779839798,-0.3743715865532663,202
HILIC_101.0100592_280.7734605,0.3967338092171653,0.6937572542754339,0.9999159889500627,0.1255628668605923,203
HILIC_101.0116367_283.1023428,0.5662614333963415,0.5745065386022317,0.9913379189285378,0.20904036539710655,204
HILIC_101.016815_289.0938376,-0.766599581066589,0.44800097768561487,0.9745894987688215,-0.7304402429987277,205
HILIC_101.016853_26.70163452,-0.313965628355029,0.7552442860493122,1,-0.3377202967367661,206
HILIC_101.0251718_266.1332447,-0.9051634733162842,0.37101586892538774,0.9637531830220828,-0.2398545254099096,207
HILIC_101.0277546_258.8626165,-0.8158795808752471,0.41959479183806214,0.9716822081080376,-0.2362950981808863,208
HILIC_101.034601_289.838328,1.1085725578692336,0.2745007756749581,0.9222085663954013,0.4106742695405491,209
HILIC_101.0597509_136.6752684,-0.3623427706930555,0.7190799522822743,1,-0.13252361937681728,210
HILIC_101.0709836_72.19408023,-0.3217048199983465,0.7494187725655785,1,-0.08579045508925555,211
HILIC_101.0727658_29.13025205,-0.5424162593574338,0.5906619972159144,0.9919344024228657,-0.29241109612303146,212
HILIC_101.0790856_282.5519024,0.01863283959677224,0.9852303603436035,1,0.005194855074046554,213
HILIC_101.0791024_35.68622166,-0.9345625174403441,0.35584623118589476,0.9588670540445742,-0.5269547674028957,214
HILIC_101.1073463_285.4129869,-0.22675518153580726,0.8218153725302213,1,-0.09483119278202057,215
HILIC_101.107363_118.5518052,-1.1369162281075258,0.26260924676486336,0.9133476348629629,-0.4486600581795943,216
HILIC_101.5087479_284.7624304,0.48635477546910566,0.6294763001140196,0.9947980550876518,0.1115046945043891,217
HILIC_102.0131298_292.8318349,0.558292668889155,0.5798812740186274,0.9913379189285378,0.2671156016340143,218
HILIC_102.0219893_240.6621843,-0.7835843764653556,0.43808439383219633,0.9745124110909839,-0.26363655221900173,219
HILIC_102.0277401_221.2047237,-0.3222440588644711,0.7490134205673806,1,-0.19373487735603984,220
HILIC_102.0294367_164.7936887,0.26066172171206103,0.7957443690826647,1,0.15622381876603722,221
HILIC_102.0338832_262.5194063,0.023685323852204645,0.9812261084814498,1,0.021173368872710274,222
HILIC_102.0372939_39.63006056,8.304707455213255e-15,0.9999999999999933,1,9.00615890358531e-16,223
HILIC_102.0451811_289.4750658,-0.7196124766710228,0.47611512963907265,0.9781047779839798,-0.6913876881992181,224
HILIC_102.046197_40.95796745,2.362338392030171,0.023320556123068267,0.4340828633808086,0.5047848978142704,225
HILIC_102.0549989_185.1784258,0.6005231526567174,0.551681146178138,0.9858134543858914,0.20164319669848735,226
HILIC_102.055038_66.92770247,-0.6000642750912902,0.5519837697066334,0.9858134543858914,-0.19237539460914585,227
HILIC_102.0743309_71.45306575,0.011230705767043865,0.991097452087278,1,0.004431309156857589,228
HILIC_102.080016_29.27716303,-0.5838727808807331,0.5627157766033861,0.9905058655954281,-0.41008539308787545,229
HILIC_102.0824314_29.41610451,-0.41780802841636655,0.6784115794854211,0.9996367449012522,-0.22371016949905909,230
HILIC_102.0913463_277.7363395,1.4766679001961767,0.14790863652624794,0.7998776866875578,0.3898359126367818,231
HILIC_102.0914025_164.3902838,0.5787671430043684,0.5661214704163336,0.9913379189285378,0.2994257376219413,232
HILIC_102.5087195_284.3439086,0.7998108648901765,0.42873418920327677,0.9742203846590763,0.2359477649826049,233
HILIC_102.5258755_207.4874015,0.12221055250785398,0.9033687875766283,1,0.05825296300743651,234
HILIC_102.9256602_227.76655,0.24269627688092119,0.8095306878005101,1,0.07523625462347348,235
HILIC_102.9481978_290.191349,1.2406250474270437,0.22226120636684388,0.8798719757146458,0.5488013151400871,236
HILIC_102.9543663_283.2809517,0.27484532012969476,0.7849065497347891,1,0.08757176034074567,237
HILIC_102.9702763_290.6963801,-0.9046053981540869,0.37130781105942623,0.9637531830220828,-0.9390726453354304,238
HILIC_103.0340897_220.6854777,1.9318188950629807,0.06077567542615632,0.6269238783817119,0.9779798368769644,239
HILIC_103.0372094_212.7826831,-0.2666923443071893,0.7911311697585313,1,-0.1069497793574318,240
HILIC_103.0389809_290.8946108,0.611507456603475,0.5444625334479579,0.9847303701966784,0.1624900968379576,241
HILIC_103.0390329_44.3563029,0.07007428452473811,0.9444977262634082,1,0.019128030218215682,242
HILIC_103.041713_35.09304853,0.47807494066805917,0.6353038589250833,0.9953585489094753,0.23838525949014458,243
HILIC_103.0543033_37.95300076,1.5423333304970386,0.13118357060038072,0.7697661366590566,0.3062850142694654,244
HILIC_103.0583409_147.9171193,0.88456201625887,0.38189104716907196,0.9638726330536317,0.7443589591789948,245
HILIC_103.058373_74.13770668,1.736989546173365,0.09039512976818735,0.7030235092367443,0.4393033950668829,246
HILIC_103.0753926_291.8858375,-0.053007475614566334,0.9580004018479744,1,-0.016302159161995376,247
HILIC_103.0754058_119.6413017,-0.9725850414775566,0.33683864632914984,0.9540620942988052,-0.3430490391362059,248
HILIC_103.0946981_280.1756547,0.29179253805674604,0.7720138109442368,1,0.07332754465462757,249
HILIC_103.5319831_211.1846094,-0.43885413080410424,0.6632234825899028,0.9978767801948073,-0.15410768575522416,250
HILIC_103.5336844_207.1843593,-0.8859852265576053,0.38113328132606916,0.9638726330536317,-0.21593078539288707,251
HILIC_103.9556363_180.9345259,0.11283071628215384,0.9107518033547397,1,0.040743227753632295,252
HILIC_103.9556429_20.71838704,-0.35925969023504045,0.7213663272860034,1,-0.10290308570722431,253
HILIC_103.9556431_266.6482657,-1.1657283450213087,0.25090482458295055,0.9053010394091442,-0.3324894482076479,254
HILIC_104.0529375_42.66611359,3.3504596429934543,0.0018181236822501791,0.12645543842736506,1.000170451169019,255
HILIC_104.0576793_38.08938404,1.9556159480604915,0.057805594271278016,0.614428880921365,0.39094050895276267,256
HILIC_104.0608796_288.9872927,0.6398074395598436,0.5260919560305634,0.9824083431236167,0.20567448573381303,257
HILIC_104.0706517_52.47566146,0.26334957753236393,0.7936873328667019,1,0.09143928897300597,258
HILIC_104.0706644_282.3028219,2.526144825786407,0.015766564031428176,0.3626540570040068,0.4509052348150085,259
HILIC_104.0819632_34.02596895,0.08290302216381759,0.9343587487393604,1,0.020197023058813775,260
HILIC_104.1027701_36.82623371,-2.017126338664517,0.05070310344278474,0.5856954081515796,-1.175698020406344,261
HILIC_104.1070558_36.60967315,-1.082030574879608,0.28597846913416075,0.9295944216943315,-0.3794445908901359,262
HILIC_104.1089979_36.25232107,0.44306151589999376,0.6602041096470163,0.9968021749030789,0.21951142176191785,263
HILIC_104.1145047_37.12426609,0.060920999913512186,0.9517376890276127,1,0.039592270383186114,264
HILIC_104.5319779_215.9624248,-0.25973501427818285,0.7964539282572282,1,-0.09620684772235405,265
HILIC_104.9078379_159.6251897,0.5590426831775258,0.5793743644324534,0.9913379189285378,0.19425207957195692,266
HILIC_104.9078437_280.2324865,-0.11891970312188216,0.9059581123385126,1,-0.047454052333406445,267
HILIC_104.9551535_271.8462292,0.031736316275313314,0.9748465037320828,1,0.0164154850851658,268
HILIC_104.9923251_55.7163557,-0.4777114260996874,0.6355602522359969,0.9953585489094753,-0.1582934856909839,269
HILIC_105.0033247_153.7529865,0.12023879567359969,0.9049200900469652,1,0.04371756759900214,270
HILIC_105.0335342_34.40924321,0.9320054926823942,0.35714927341197567,0.9588670540445742,0.5450093105757903,271
HILIC_105.0369282_28.25267799,-0.3528269999056404,0.7261450528167636,1,-0.20228731236688272,272
HILIC_105.0447776_269.4954915,3.1137578074880423,0.0034807142571770854,0.17509515501087028,0.6201115755769466,273
HILIC_105.0699628_121.8601918,-0.17461165635243925,0.8623009823534383,1,-0.05004139724014292,274
HILIC_105.1041037_36.63736071,-1.2271444897066333,0.22722908521442378,0.8838402126105115,-0.5392454640629794,275
HILIC_105.1104003_35.96584736,-0.9380146869153768,0.3540919792668086,0.9588670540445742,-0.3416900367679632,276
HILIC_105.1132883_36.55585929,-0.791635163702922,0.4334301242935076,0.9742203846590763,-0.35137346198550184,277
HILIC_105.4921071_271.8124162,-0.4137239314949151,0.6813749512682491,0.9999159889500627,-0.2132210351834888,278
HILIC_105.9538124_234.6912392,-1.2288707063773268,0.2265883804056212,0.8837396862394016,-0.8781374591958194,279
HILIC_105.9629828_292.6181498,-0.5455500271058119,0.588526461543697,0.9913379189285378,-0.3680094704504455,280
HILIC_105.9813103_216.9339031,-0.2177871016260331,0.8287466726969805,1,-0.08178179400339404,281
HILIC_106.0231979_202.7907129,-0.7078508526655102,0.4833068619012356,0.9781047779839798,-0.23871611406970786,282
HILIC_106.0288416_212.5545494,-0.29324379014047464,0.7709127362278022,1,-0.11034625164998706,283
HILIC_106.0368771_287.7526441,1.716849963382957,0.0940532556862395,0.7121317722762723,0.6799633893659789,284
HILIC_106.049921_76.66102162,2.5812422692540973,0.01377860157106637,0.3378806910443402,0.7554674121358624,285
HILIC_106.0651743_285.5867667,0.03498166637741399,0.9722753380130817,1,0.008301327483942135,286
HILIC_106.0683823_292.3820937,2.4433001518109467,0.01925211791816309,0.40273072236263935,0.5537444492299919,287
HILIC_106.0684584_64.99025091,-0.20510040089266118,0.8385756304636712,1,-0.05472515387920662,288
HILIC_106.0863098_39.95710169,-0.17026345112096777,0.865695703889847,1,-0.07649740598901046,289
HILIC_106.1112747_36.93029145,0.15076345716516967,0.8809504845310753,1,0.07301511469471805,290
HILIC_106.1137745_36.80994721,-0.2905310888733065,0.7729712688591022,1,-0.18650585416773902,291
HILIC_106.9506163_57.51453935,-0.5224443163323264,0.6043583591127027,0.9928201179984223,-0.2592895382217385,292
HILIC_106.9520803_266.1639903,-1.2121043704525303,0.23286826881421796,0.8879258919320564,-0.6882310888523422,293
HILIC_106.9632104_225.6499538,1.1745816904069089,0.24738544281171723,0.9010955962374397,0.4314000488560295,294
HILIC_106.9921084_187.5888201,-0.855284789906944,0.39769179205351757,0.9669701703160376,-0.5970913460209701,295
HILIC_106.9990217_56.21593181,-1.0608710774699237,0.2953670002603551,0.938511025914046,-0.6266100906011052,296
HILIC_107.049187_43.43113224,0.5506747127410703,0.585042205318054,0.9913379189285378,0.10994565798902683,297
HILIC_107.0492089_141.3769768,-1.3436489336896607,0.18693808445068852,0.84811141863714,-0.3392528684092922,298
HILIC_107.0604045_278.9021161,1.163607126216306,0.25175341979172655,0.9053010394091442,0.40749600507368583,299
HILIC_107.0654664_42.96191545,-1.3264033806324103,0.1925310293078707,0.8515234707275139,-0.2930513920074501,300
HILIC_107.0685505_35.60199271,0.5381989604237818,0.5935417518534303,0.9921034274533279,0.2577250920595449,301
HILIC_107.0702845_288.3013189,0.01485989401471825,0.9882207958034939,1,0.009255402769551642,302
HILIC_107.0729645_24.8515501,0.2500699804840974,0.8038645470068555,1,0.1848784470718079,303
HILIC_107.0855841_127.5003646,-1.2769421018724887,0.20928056112454899,0.8683661493536527,-0.29634862029449616,304
HILIC_107.4759014_293.4190044,0.9559179441064776,0.34508555426442133,0.9569804161507607,0.39886150153506267,305
HILIC_107.5230451_180.6459089,0.6255714428171627,0.535291781747004,0.9833164118236528,0.6125640768057626,306
HILIC_107.674431_48.0353453,0.08626922138723968,0.9317000915780631,1,0.06585018869330156,307
HILIC_107.7287075_59.31584501,-0.32974489185002454,0.7433824800409758,1,-0.15016166396613137,308
HILIC_108.0113468_52.29693226,0.06317973925263755,0.9499506876529664,1,0.04874945554941297,309
HILIC_108.0228345_281.9738827,1.245986299688732,0.2203080911699963,0.8778528260192604,0.5221230937443361,310
HILIC_108.0444402_284.797333,0.408358061019132,0.6852761370357248,0.9999159889500627,0.08021222796704737,311
HILIC_108.0444558_127.422014,-1.1544052393838227,0.25545872646070483,0.9079932673140159,-0.5369716507759663,312
HILIC_108.0808183_266.8709673,-0.04845693239370269,0.9616029193323934,1,-0.01781999159836895,313
HILIC_108.1737335_48.10511774,-0.4823346806166436,0.6323027815263651,0.9947980550876518,-0.33159481026022614,314
HILIC_108.313538_59.53654815,2.473305598520143,0.017915949096956752,0.38784620630111405,1.8305810148900545,315
HILIC_109.0158687_290.1098887,2.306198725895383,0.02658116384197666,0.4579201795426374,1.0238425166324348,316
HILIC_109.0159092_22.19885214,-1.0206930858444585,0.3137793174822099,0.9421850854569164,-0.5911466544237336,317
HILIC_109.0284512_290.4993249,-1.2137689698203487,0.23223910645322196,0.8879258919320564,-0.29808154208483384,318
HILIC_109.0284542_58.49030794,-1.3471552017933883,0.18581636433263918,0.8473657717462296,-0.46808025878381343,319
HILIC_109.0522355_25.66561513,0.3160650183255525,0.7536625675065811,1,0.20382286408090997,320
HILIC_109.0637359_46.85803423,-1.653362673841447,0.10640018142253523,0.7270102455490702,-0.31652018956950917,321
HILIC_109.0760545_21.87244186,-0.10327426313983987,0.9182820792585535,1,-0.02933821889283627,322
HILIC_109.0760589_263.6507688,1.4243670931806371,0.16240622990239517,0.8230328618602025,0.47268647251777496,323
HILIC_109.0760819_101.520813,0.06429395434327963,0.949069272281527,1,0.019757194931056613,324
HILIC_109.1012417_31.93634254,1.134317844417335,0.26368375904193553,0.9146409754836018,0.25066108385549263,325
HILIC_109.5215732_277.029363,0.9660238628107382,0.34006928248802126,0.954346097572737,0.16082215294943927,326
HILIC_109.5215925_74.91454148,-1.8990313064030486,0.0650824707717031,0.6414338869657815,-0.7972619632677562,327
HILIC_109.9786204_292.4749758,-0.7914714987197535,0.4335244443459888,0.9742203846590763,-0.3182249120367713,328
HILIC_109.9786622_174.1359088,0.20466531995004805,0.8389131815770141,1,0.07794729725223837,329
HILIC_109.9890871_290.1321537,0.38983094271753965,0.6988126436573536,0.9999159889500627,0.2606359553721381,330
HILIC_109.9891316_108.2451676,-0.5034267361856342,0.6175363382443821,0.9943113532662954,-0.20543274355301153,331
HILIC_110.008755_245.7927281,-0.546267146873205,0.5880382951506755,0.9913379189285378,-0.2622037191158214,332
HILIC_110.0124992_179.5435099,-0.24750653906977688,0.8058331629341207,1,-0.1425354557252583,333
HILIC_110.0200768_278.90425,-0.1818218131316621,0.8566777360533732,1,-0.06888769960028066,334
HILIC_110.0270139_67.08855406,0.15534975212625834,0.877358284047996,1,0.04882601025796108,335
HILIC_110.0600871_36.83651895,1.0481729560744273,0.30110314537122346,0.9396681966123791,0.8484710361448089,336
HILIC_110.0688961_99.31880726,-0.11547797138966762,0.9086672668261581,1,-0.0481244771549394,337
HILIC_110.0713439_97.41896045,0.3885944460835784,0.6997196816215095,0.9999159889500627,0.09024227832524337,338
HILIC_110.0735273_100.5444471,-0.6243137431225642,0.536108588491815,0.9833164118236528,-0.7343545086198012,339
HILIC_110.079378_112.1103019,-0.08201967068289208,0.9350565557402123,1,-0.04204451475955397,340
HILIC_110.104513_284.8268425,1.05629572792072,0.29742500518645637,0.9388638086478203,0.37527789653536675,341
HILIC_110.5415945_204.9356818,-0.09381558245014993,0.9257428251680038,1,-0.039392707799178715,342
HILIC_110.9754415_178.5225782,-0.22484180204883641,0.8232930036575786,1,-0.11217691085476782,343
HILIC_111.0095471_249.5956609,-1.5887536540028597,0.1203061810782859,0.7563416341912984,-0.5317683100430353,344
HILIC_111.0202359_275.7817913,0.8945398834000398,0.37659872869242805,0.9637531830220828,0.13476281206206314,345
HILIC_111.0391851_182.2329325,-0.6137879640195185,0.5429699781552269,0.9844101439284977,-0.27735137498466195,346
HILIC_111.0441119_49.74546825,-1.5276998718850192,0.13477245842857774,0.7743408930418361,-0.6041624365143312,347
HILIC_111.0553247_69.09317788,-2.794443037142936,0.008065743289032713,0.26208748604396903,-1.0270344415518424,348
HILIC_111.0633911_292.1823074,0.37749139933870535,0.7078841936610956,0.9999159889500627,0.17848508949292868,349
HILIC_111.0634371_25.98219991,-0.09034415732943331,0.9284827296040206,1,-0.07551310119828954,350
HILIC_111.0683288_97.51483565,-0.18989365201738484,0.850391431847185,1,-0.04794020140756183,351
HILIC_111.0746691_97.47406498,-0.0833916263830814,0.9339727963820252,1,-0.020755031694291836,352
HILIC_111.0805117_130.9419568,0.4254361531713989,0.6728905549261854,0.9996367449012522,0.0945126676998824,353
HILIC_111.0917162_125.9397085,0.25755767039928384,0.7981217591935343,1,0.10737144108693779,354
HILIC_111.1168302_280.7864511,2.382426528965793,0.022244464511349465,0.4244273204202801,0.9891867067075996,355
HILIC_111.1168742_20.08113565,0.7680918527619295,0.4471244351531106,0.9745894987688215,0.3445196880353082,356
HILIC_111.519024_277.3153272,-0.005874795945398297,0.9953429933234765,1,-0.0010125251633252056,357
HILIC_111.5218986_282.2846748,0.9621875303540889,0.3419677740487833,0.9550137755006265,0.1551479399861916,358
HILIC_111.5311843_209.5997114,-0.23286709090385418,0.8170997995566418,1,-0.08740575281644228,359
HILIC_111.5408745_234.9113674,-0.2748377252750509,0.7849123416630743,1,-0.10138237047708243,360
HILIC_111.549418_188.4077584,-0.5067243402503968,0.6152419469489705,0.9931667617408494,-0.2618995720318483,361
HILIC_111.9683736_291.8497578,-1.792213694451659,0.08097028687754071,0.6939617698381066,-0.7822590593122072,362
HILIC_111.9844759_285.131931,-1.0516828527637938,0.2995099528798815,0.939581264905253,-0.2525168510363997,363
HILIC_112.0063448_254.4816381,-0.7146605044866544,0.4791355974262562,0.9781047779839798,-0.31634174862118974,364
HILIC_112.0129745_123.821105,0.9526490213112253,0.34671859519757375,0.9572455292742392,0.8783830825541866,365
HILIC_112.0179422_281.1061029,0.8104215515938143,0.4226857256167257,0.9720967280689153,0.1301617829085186,366
HILIC_112.0179755_75.05998577,-0.4427022211073011,0.6604617291370888,0.9968021749030789,-0.16098547316423542,367
HILIC_112.0393238_60.74892115,0.5234747355909655,0.6036481031698162,0.9928201179984223,0.15309284637120396,368
HILIC_112.0505703_293.0965186,1.4803225228346293,0.14693525685928685,0.7987344561931919,0.2996817766239001,369
HILIC_112.0506067_157.4100976,0.19543121457419563,0.8460844915664005,1,0.05618203477838964,370
HILIC_112.0757291_53.54997373,0.4591669718156706,0.6486996600415642,0.9965858111391217,0.17643262333553542,371
HILIC_112.0869668_96.66245095,1.2147585434049435,0.2318656758423969,0.8879258919320564,0.30948805580431654,372
HILIC_112.099524_259.8881594,2.253879310776835,0.02998231280447121,0.48300271584518656,1.4058349756252233,373
HILIC_112.1120796_251.815538,-1.647037287554289,0.10770041137136512,0.7299405333124399,-0.48026508944258134,374
HILIC_112.51868_281.7862356,1.0551558788299236,0.29793925897339774,0.9388638086478203,0.24079640327922014,375
HILIC_112.8927179_44.22279576,0.05033361333179894,0.9601171087857756,1,0.01966300985330693,376
HILIC_112.8957674_46.18530715,-0.5495880074878603,0.5857802196010153,0.9913379189285378,-0.11794987099552998,377
HILIC_112.8981735_44.19581755,-1.1330158790178049,0.26422334612679255,0.9153716740091526,-0.3292422534665737,378
HILIC_112.9668216_279.0627508,0.627478242183924,0.5340546651859444,0.9833164118236528,0.09223822793420337,379
HILIC_112.966836_69.49891932,-0.7267936587699942,0.4717542823236731,0.9781047779839798,-0.19497519890541107,380
HILIC_112.9759532_218.1486048,-0.21580652280537654,0.8302793246764175,1,-0.15140338343304355,381
HILIC_112.9784573_269.4937524,-1.2751714273341495,0.20989992457981732,0.8683661493536527,-1.1898866216054713,382
HILIC_113.0167198_282.7928297,2.2071250081640805,0.033345161965052925,0.4996956656890978,0.30244241131370503,383
HILIC_113.0233222_181.006144,-0.2699531015261275,0.7886399654380193,1,-0.10277325969183305,384
HILIC_113.0345911_120.1502011,-0.5248669854726212,0.6026890614735174,0.9928201179984223,-0.13473025836166444,385
HILIC_113.059733_28.91056962,-0.6706964204304348,0.5064229321528766,0.9781047779839798,-0.3002302081816341,386
HILIC_113.0709935_76.8443203,1.410581843061011,0.1664074457977595,0.8274419139233609,0.3665961294935755,387
HILIC_113.0902937_92.24400793,0.4089957180092745,0.6848120773129321,0.9999159889500627,0.3218143649823467,388
HILIC_113.0961037_288.2335371,-1.7791758489600311,0.08311725904090808,0.6948552844377854,-0.6024200138313186,389
HILIC_113.1073333_289.394497,-0.6252706537257545,0.535487068378117,0.9833164118236528,-0.2772915039933257,390
HILIC_113.1073374_84.43586317,-1.2711532102969578,0.21131056929354214,0.8683661493536527,-0.4900814111489109,391
HILIC_113.9636894_286.2213101,-1.345742474243494,0.18626769839505813,0.8479471288862251,-0.3583145981804178,392
HILIC_113.9637163_92.13103371,-3.34117531522867,0.0018657557195945695,0.12699856034871324,-1.295142361400627,393
HILIC_113.970123_282.0064257,1.0192082465303436,0.31447450642040325,0.9432451997699547,0.5126726118958306,394
HILIC_113.970152_186.3932628,-1.3921266273908608,0.17188422833450764,0.8326851500809265,-0.9884211966331016,395
HILIC_113.9754638_238.8027354,-1.2753349417079978,0.20984267122292588,0.8683661493536527,-0.6094617969991688,396
HILIC_113.9935962_32.14187685,0.36415630622334383,0.717736274407013,1,0.17114531742708836,397
HILIC_114.0165279_282.8170587,1.0384752809089033,0.3055355175666527,0.9402374180413365,0.20498782553763176,398
HILIC_114.0165669_83.77535228,-1.279841886615718,0.2082692198539537,0.8683661493536527,-0.8174500867237884,399
HILIC_114.0205529_167.0146724,-0.33723680782221616,0.7377724392953082,1,-0.08215357050236777,400
HILIC_114.0297771_279.3157741,1.251872641124381,0.2181784535992921,0.8743686367820893,0.5465829713672338,401
HILIC_114.031584_42.13603624,0.2539417951939446,0.8008936089411893,1,0.17813789476520533,402
HILIC_114.0606765_31.36858392,-0.1939875995701942,0.8472068345866149,1,-0.06704894883352303,403
HILIC_114.0662225_31.68351764,-0.06789301728724897,0.9462226316093809,1,-0.014236541793383841,404
HILIC_114.0733664_152.9260547,-0.05454261435494001,0.9567852795748433,1,-0.013519834332381431,405
HILIC_114.0734033_270.1377799,1.109019200319008,0.27431046883284765,0.9222085663954013,0.284510726390542,406
HILIC_114.0792835_31.93096014,0.3661269345998399,0.7162772322990991,1,0.13159152342930697,407
HILIC_114.0913094_30.81857967,-0.7054345055029082,0.48479191142682587,0.9781047779839798,-0.21898677773500755,408
HILIC_114.0913821_153.4824231,-0.0035556106118872317,0.9971814230757363,1,-0.0010254699458561607,409
HILIC_114.1026175_99.08964414,-0.8637100312585937,0.39310326409778495,0.9669701703160376,-0.3996899696464309,410
HILIC_114.1390508_32.05030846,0.04660622525814822,0.9630683016232566,1,0.021436526367425213,411
HILIC_114.4782776_180.7181473,-0.8497454752051095,0.4007268057203992,0.9669701703160376,-0.5668212484010605,412
HILIC_114.4973636_159.0124798,-1.2775285103585912,0.2090757451227046,0.8683661493536527,-0.4037177667054173,413
HILIC_114.8906029_44.0098262,-2.7746477245294687,0.008484582282389328,0.2687354589845491,-1.3207871055971598,414
HILIC_114.8929003_46.77181552,-1.3400332486805393,0.18810024557743968,0.8489710044879274,-0.2645823467914163,415
HILIC_114.8954643_44.53025045,0.19584147293055387,0.8457655940333494,1,0.12960544729954881,416
HILIC_114.9714902_288.2161151,-0.5496048124385252,0.5857688034342464,0.9913379189285378,-0.16874475327635996,417
HILIC_114.9826923_238.968344,-1.3900486305986972,0.17250957996377037,0.8326851500809265,-0.4003801278756395,418
HILIC_115.0114291_248.0875829,-0.3951691651991966,0.6949019075185325,0.9999159889500627,-0.11825266154050573,419
HILIC_115.0390008_112.6712674,-1.6102905762957884,0.11551478420543022,0.7446603446316409,-0.5922991312326767,420
HILIC_115.0390099_291.941901,0.22069042180620987,0.8265011919295027,1,0.04517592609650239,421
HILIC_115.0501267_72.05493299,-2.051039859590032,0.04712181771355362,0.565818155239673,-0.6782602250857244,422
HILIC_115.0502471_154.4916667,0.7391357727368676,0.4643131359133066,0.977038339924947,0.20829918159818345,423
HILIC_115.0542157_279.9180133,-1.1349121616704136,0.2634377127696501,0.9146091641129731,-0.2242492836606099,424
HILIC_115.0542635_29.77313328,-1.2005419939985675,0.23727316107404178,0.8932665963443939,-0.30524046317256875,425
HILIC_115.0582774_290.2814748,0.9292889197613681,0.3585370377638415,0.9596708186667041,0.33966594030987574,426
HILIC_115.0632463_30.43356808,-0.3304956311748119,0.742819672245424,1,-0.07090608447184481,427
HILIC_115.0695482_31.5861904,-0.17311265094737166,0.8634709875530722,1,-0.037155520476386636,428
HILIC_115.0723102_30.89104762,-0.24610459735620574,0.80691033778918,1,-0.05284621445213238,429
HILIC_115.0754014_136.3761705,0.5694715398296714,0.5723483449729735,0.9913379189285378,0.2221157792192991,430
HILIC_115.0866103_91.91948649,1.6899958751054034,0.09912211099107628,0.718134185467518,0.5584818163300485,431
HILIC_115.0946593_285.1012985,0.7695928097989517,0.4462438144906047,0.9745894987688215,0.24528398518998865,432
HILIC_115.0946937_20.29158662,-2.30286136198519,0.026787313654121937,0.45941997544351054,-1.1725196696271467,433
HILIC_115.8179955_71.59910926,0.2725711535626681,0.7866414085008038,1,0.2761294548165368,434
HILIC_115.9574793_277.6204001,-0.5917338672875951,0.5574922492092717,0.9878934493313638,-0.730832411346782,435
HILIC_115.9640895_277.0255123,0.11827552995607585,0.9064650868628893,1,0.01788678373124972,436
HILIC_115.9641078_70.16664183,-1.005091684768132,0.32113631195619047,0.9493072090184895,-0.32533853696793064,437
HILIC_115.9746563_192.9968638,0.4681057033122508,0.6423517156506369,0.9955023063019077,0.24756249338397124,438
HILIC_116.0164585_171.1701933,0.1983081097039793,0.8438488104058761,1,0.11921697290657997,439
HILIC_116.0342234_75.98230557,2.301235841719444,0.026888241076549795,0.4606480559570308,0.6009131056740414,440
HILIC_116.0369426_34.29891008,-0.04215979913637508,0.966589483763632,1,-0.01989077160234652,441
HILIC_116.0471042_58.06218058,0.41726638779036257,0.6788042915277979,0.9996367449012522,0.3587663441763987,442
HILIC_116.0494706_34.58046139,-0.12483838203278284,0.9013019092754854,1,-0.06447149155643869,443
HILIC_116.0526467_279.645812,0.3134780636176371,0.7556117791329733,1,0.08664229505873927,444
HILIC_116.0527207_157.617701,-0.038918539983749674,0.969156709513679,1,-0.007805737385361383,445
HILIC_116.0575832_33.41775111,-2.0005124884034813,0.05254244118987128,0.5955361003468702,-0.7497359865169209,446
HILIC_116.0668309_42.17486013,-0.6087740151675853,0.5462543151174668,0.9857989553982086,-0.19449971410958164,447
HILIC_116.0706279_60.74177998,-0.48905288557451737,0.6275824456779666,0.9947980550876518,-0.12432076012388579,448
HILIC_116.0726555_108.845903,0.38977337855999905,0.6988548602129933,0.9999159889500627,0.17204788894361764,449
HILIC_116.0732274_44.65978261,1.8082602134977748,0.07839228534794666,0.6896168250598674,1.3186150151865064,450
HILIC_116.0801298_291.1828404,1.654292643083519,0.10621011426061239,0.7270102455490702,0.4422045275138368,451
HILIC_116.0899435_96.98984766,1.9297388379240314,0.061041423582126976,0.6275921233476536,0.8795260144086323,452
HILIC_116.1069738_40.8066315,-1.441124896069598,0.1576442756386536,0.817448273034246,-0.4091298782501788,453
HILIC_116.1069801_134.6625647,-0.3704010073045075,0.7131164370684133,1,-0.10591285224958734,454
HILIC_116.8909099_46.13263866,-1.211257908708396,0.23318868436208284,0.8879258919320564,-0.2500469035556143,455
HILIC_116.9619126_33.139946,0.5545837445023635,0.5823911844907499,0.9913379189285378,0.17968961113481943,456
HILIC_116.9619288_278.9233996,-0.3806437882917014,0.7055625151794276,0.9999159889500627,-0.12629502880727025,457
HILIC_116.9674333_283.579967,-0.08441177296802498,0.9331670265948162,1,-0.019500709674913554,458
HILIC_116.9716948_249.2328151,0.8926542835159945,0.3775952422479891,0.9637531830220828,0.1656797381346505,459
HILIC_116.9859089_234.6211377,-0.512593932071124,0.6111677013257377,0.9928201179984223,-0.14448012812430525,460
HILIC_116.9971638_219.330893,0.10516529432325157,0.9167913606921297,1,0.04081017238979374,461
HILIC_117.0052683_242.6254548,0.11423014430977142,0.9096497667662147,1,0.03258475655957273,462
HILIC_117.037578_75.21511416,2.498277778918233,0.016868889990086195,0.37591025885983376,1.514185516681683,463
HILIC_117.0550968_290.0048777,0.20167908030788995,0.8412308395091084,1,0.06971720621575173,464
HILIC_117.0566209_32.47699268,-1.8241800135753679,0.07590359287030499,0.678296612054887,-0.5228507717347436,465
HILIC_117.0677072_55.63938398,-0.5037984826126425,0.6172774916070178,0.9941935580372473,-0.2878077201640645,466
HILIC_117.0698334_282.9264546,1.410848811115209,0.16632923233541436,0.8274419139233609,0.42742597756150563,467
HILIC_117.0698676_29.79615001,-0.46029322779541443,0.6478983610170366,0.9965858111391217,-0.13207492821637776,468
HILIC_117.0739762_65.36229131,-0.5968488650804722,0.5541066632854561,0.9865181901455302,-0.15097765643991237,469
HILIC_117.0767769_55.78623194,1.77947182961173,0.08306799255796254,0.6948552844377854,1.230051161808949,470
HILIC_117.091001_294.0775753,0.2626643523956552,0.7942115997880324,1,0.07338034826016723,471
HILIC_117.1022011_285.2514959,0.7957696764868135,0.4310515009723709,0.9742203846590763,0.3485673613511529,472
HILIC_117.9594943_284.9421089,-0.23424361285807727,0.8160387019635554,1,-0.03771020032893647,473
HILIC_117.9697282_286.1635061,-0.05659993988658695,0.9551569902523249,1,-0.02125683150991385,474
HILIC_117.9697287_26.64576241,-0.4796257175887853,0.6342105790547634,0.9947980550876518,-0.14029208173673358,475
HILIC_117.9752104_280.9894439,0.35210578445065926,0.726681525870895,1,0.09510258957089035,476
HILIC_117.9797118_284.1038155,-0.3538296123029225,0.7253994958118626,1,-0.12601006233487483,477
HILIC_117.9905077_124.0751938,-0.9870336714984751,0.32979688841968613,0.9506069103298993,-0.5693706042488662,478
HILIC_117.9975603_223.4550475,-0.9902453616795238,0.3282451781139134,0.9506069103298993,-0.4680042934601157,479
HILIC_118.0097208_53.93208588,-0.35707369375468867,0.7229890067169766,1,-0.1739003549085846,480
HILIC_118.0122135_268.0521369,2.598344332477109,0.013209996016553273,0.32941117050801894,1.1265100330737754,481
HILIC_118.0349222_265.6680462,0.12824459060272142,0.8986238459026534,1,0.02777731011346278,482
HILIC_118.0498089_283.3895801,0.9337865244632231,0.356241342133533,0.9588670540445742,0.428730517448834,483
HILIC_118.0610419_55.52259711,-2.745233961853587,0.009144376080046028,0.2752088704868528,-1.0714568852644186,484
HILIC_118.0651544_33.86089768,-0.6078733799194967,0.546845349682516,0.9857989553982086,-0.13462336658872479,485
HILIC_118.068484_291.4175318,0.26421947335324847,0.7930219136864254,1,0.07285873369648324,486
HILIC_118.0748019_58.45763729,-0.6817413455639475,0.49948864991579667,0.9781047779839798,-0.25852450250409936,487
HILIC_118.082063_54.06787001,-1.175698451892275,0.24694407163857623,0.9007027141911039,-0.4383171516382257,488
HILIC_118.0862743_52.4159736,-0.7287541212368809,0.47056775920143945,0.9781047779839798,-0.2014679625611799,489
HILIC_118.0963723_54.06167835,-1.2745782261824847,0.21010772826950147,0.8683661493536527,-0.7329812498486907,490
HILIC_118.1226572_173.2081212,0.7502668811461574,0.45766072323288787,0.9755657681934743,0.2477453715067785,491
HILIC_118.1629882_53.91338955,-1.5314452448841462,0.13384646856902863,0.7731053745689995,-1.00973928077205,492
HILIC_118.5390108_190.7901419,0.27134883638588037,0.7875743146555284,1,0.11676423431475835,493
HILIC_118.8889845_44.09410522,-1.39021271453316,0.17246013637632254,0.8326851500809265,-0.25111674253913685,494
HILIC_118.9205506_177.486567,-1.6529570607850406,0.10648316836463467,0.7270102455490702,-1.2159848058225282,495
HILIC_118.9597647_283.5833319,-1.2605593467719018,0.21506380957122387,0.8720020474983524,-0.24581877063605137,496
HILIC_118.9628493_280.5565789,-0.46727014362123176,0.6429439585490648,0.9955023063019077,-0.18024549898156866,497
HILIC_118.967318_275.6855215,0.26359692657138306,0.7934981094808303,1,0.05329256627638742,498
HILIC_118.9673543_74.42868461,-0.17194991668976778,0.8643787405818046,1,-0.08628859971501632,499
HILIC_118.9838261_292.7942064,0.7844757300908368,0.43756762388095005,0.9745124110909839,0.3253859081548901,500
HILIC_119.0140562_122.9226605,0.04752048034219559,0.9623443816839541,1,0.03532407785741288,501
HILIC_119.0161017_49.99042072,1.4128850433054825,0.1657336235924956,0.8274419139233609,0.5713399020602651,502
HILIC_119.0177583_178.277388,2.153725741063379,0.037592719648031535,0.5220805529735174,1.250026719581579,503
HILIC_119.0357434_138.1616092,0.4654765262810377,0.6442160670865411,0.996027400248948,0.1443586326132191,504
HILIC_119.0491269_45.65351513,0.025995818863419243,0.9793951263837869,1,0.005917365231649993,505
HILIC_119.0603547_288.3925339,1.676419803012361,0.10176969629758906,0.7218067398804172,0.4121091629761999,506
HILIC_119.0603703_116.7728031,-2.5048612982816767,0.016602303662393274,0.37420687307919415,-0.957485069689893,507
HILIC_119.0640354_40.0066244,-0.04336218184006806,0.9656372316183663,1,-0.021120726408899882,508
HILIC_119.068498_280.8147103,1.3914247941366915,0.17209524032007556,0.8326851500809265,0.2603531706443147,509
HILIC_119.0685299_35.96108556,-1.4872600940931862,0.14510150196659144,0.7923338880414151,-0.36793182226464427,510
HILIC_119.072944_37.93090656,2.2425750475904813,0.030766383643537294,0.488029695999095,0.546471264367292,511
HILIC_119.081502_254.0221313,1.6302834861171585,0.11120755466631443,0.736040478094709,0.7224864741900265,512
HILIC_119.083161_53.79261487,-1.12354997628034,0.26817019540067694,0.9183426896754469,-0.3270769880190345,513
HILIC_119.0855268_27.41268038,0.9746470772582041,0.335827577487701,0.9536968984692303,0.4102119522784851,514
HILIC_119.085548_133.0712513,0.23867564636921929,0.8126246413862985,1,0.06574991182720674,515
HILIC_119.0896007_53.28651534,-0.6714681184269472,0.5059367364316505,0.9781047779839798,-0.1857100106257306,516
HILIC_119.0923108_53.99991107,-1.2331194442610278,0.2250171206559421,0.8806395883158146,-0.3835619293357073,517
HILIC_119.1259597_21.93602306,-0.31105534759867326,0.7574387083760904,1,-0.1587092163813598,518
HILIC_119.9570493_285.0453572,0.40063434095044764,0.6909068909730023,0.9999159889500627,0.08010233356382543,519
HILIC_119.9570836_81.86766537,-0.4251318365786952,0.6731104627343658,0.9996367449012522,-0.30551870980050755,520
HILIC_119.9675683_280.2736646,-0.17710670262585773,0.8603542437119484,1,-0.052791763516248334,521
HILIC_119.9751176_280.9848176,-0.38186942778292654,0.7046606206867887,0.9999159889500627,-0.13698206858495782,522
HILIC_119.9875958_141.9570755,-2.0184334445136973,0.05056079963540155,0.5845637678768602,-0.6935581866833131,523
HILIC_119.9948478_233.2026659,-1.073322772851897,0.2898164729636588,0.9318495272736553,-0.26573618934116333,524
HILIC_120.0032141_63.99187571,-0.6926366517985562,0.4926999633455167,0.9781047779839798,-0.16524259708031966,525
HILIC_120.0113689_188.2784103,-1.9345401021669117,0.06042951854836841,0.62680833464336,-0.6879904081404488,526
HILIC_120.0235533_294.6431784,-0.8239661900092261,0.415040738966446,0.9703935627503105,-0.27861783369050686,527
HILIC_120.0443805_140.2358304,0.8205449380215512,0.41696373422939215,0.9712636476221591,0.25588142540910064,528
HILIC_120.044422_277.3283125,0.15494559242858455,0.8776747365027385,1,0.03976082202054784,529
HILIC_120.052466_45.46699974,-0.3106383671307417,0.7577532887609888,1,-0.07692744287656718,530
HILIC_120.055655_288.1834551,0.6386429126113397,0.5268413506867669,0.9824083431236167,0.16820861113147495,531
HILIC_120.0605592_146.9905938,2.1355612589955024,0.03914302932852462,0.531952414144569,1.231519489167182,532
HILIC_120.0655416_55.44403819,0.49979152160564433,0.6200701326141878,0.9947980550876518,0.14127735548826953,533
HILIC_120.076923_38.11307153,1.3292785312920674,0.19158980174301488,0.8508285872339756,0.31774650852769554,534
HILIC_120.080756_37.81918386,1.5660401115294493,0.1255332722481458,0.7644475925677792,0.30574952432896185,535
HILIC_120.0833585_38.37132214,0.7844202888447701,0.43759975578417876,0.9745124110909839,0.25410543718370965,536
HILIC_120.0902309_52.81199738,-0.6452056997006044,0.5226254861496007,0.9824083431236167,-0.17315484283741722,537
HILIC_120.0928771_53.85546792,-1.5291727326563278,0.13440770252149062,0.7742998569600159,-0.568761939215473,538
HILIC_120.1019068_36.79130536,-0.3429966526753608,0.7334692265398595,1,-0.18130492818660499,539
HILIC_120.9649037_285.4237758,0.27260148267889556,0.786618264524084,1,0.07857900737393192,540
HILIC_120.9651932_76.26080901,1.3910155882809723,0.17221836438494006,0.8326851500809265,0.7640286388340953,541
HILIC_120.9683498_217.3063554,-0.7490026354719592,0.45841347916030506,0.9755657681934743,-0.25277632232129904,542
HILIC_120.9808081_170.0532641,1.5484194042187458,0.12971380149980377,0.7695072627505222,0.5733143421599297,543
HILIC_120.9871809_58.07567753,-0.8584529992964975,0.39596240821176776,0.9669701703160376,-0.24995403479411782,544
HILIC_121.0147464_188.9074746,0.8750828581880711,0.3869625486742,0.9661464710102153,0.3196012199300551,545
HILIC_121.0284016_24.52666188,-0.29065592386338024,0.7728765012794547,1,-0.1303714650888969,546
HILIC_121.0284149_282.9953903,-1.0806564272631485,0.2865817478912972,0.9295944216943315,-0.32780215877511476,547
HILIC_121.0284525_172.6641548,-0.2288001633167244,0.8202368360824627,1,-0.0485289729281064,548
HILIC_121.0395924_287.0722504,-0.3353684858454662,0.7391701179224256,1,-0.10944368214165773,549
HILIC_121.0396226_21.86433546,0.17327077081788858,0.8633475569411249,1,0.08422389585842674,550
HILIC_121.0396239_176.5981944,-0.5064842390840559,0.6154088718368955,0.9931667617408494,-0.26159203266196013,551
HILIC_121.0648292_276.1896784,0.48543191706237837,0.6301246544191166,0.9947980550876518,0.1284477430722325,552
HILIC_121.06888_63.89144466,1.7578962438066805,0.08672429384379847,0.6962067550962847,0.5044851203295324,553
HILIC_121.077812_37.96803234,1.9601893229942653,0.05724938671627036,0.6133199145431344,0.39512387468094873,554
HILIC_121.085196_37.38678829,1.5723035222790969,0.12407381694288011,0.7633864733503855,0.31023454163155806,555
HILIC_121.0859092_288.1274774,1.0313590341794947,0.3088165137982109,0.9421850854569164,0.27337969588303757,556
HILIC_121.1012087_165.8230895,-2.4987854036994097,0.016848196662948546,0.37591025885983376,-1.4199192987780134,557
HILIC_121.5204328_233.5712429,-0.09997313213669008,0.9208851059453019,1,-0.033306853362490854,558
HILIC_121.5337251_198.619129,-0.6453625663764051,0.522524937510478,0.9824083431236167,-0.26846000988349217,559
HILIC_121.9572284_282.8748981,1.432261873755962,0.16014894704266103,0.8205935936204191,0.42976871201291644,560
HILIC_121.9661619_21.32438051,-0.6977532352515997,0.4895297261588699,0.9781047779839798,-0.14813150652114768,561
HILIC_121.9661781_154.3578902,-0.8948017074792444,0.3764604917270197,0.9637531830220828,-0.2342199616670008,562
HILIC_122.019309_293.0562896,-0.4696281711112557,0.6412732014770925,0.9955023063019077,-0.38913508061363766,563
HILIC_122.0270611_178.0037594,-1.349553022942715,0.18505223967592496,0.8467345678477594,-0.5233171990214093,564
HILIC_122.0712097_161.9561532,-1.1655561281223712,0.25097364259939947,0.9053010394091442,-0.5165299968734697,565
HILIC_122.0712445_283.8938547,1.6807733891822882,0.10091436363510259,0.7194807920788194,0.5332194639782691,566
HILIC_122.0811281_265.4246568,0.05712341106362373,0.9547427149096324,1,0.012235430071167066,567
HILIC_122.0811676_49.08821678,0.011374959807192043,0.9909831073557053,1,0.011611956143619748,568
HILIC_122.0874606_38.50069831,1.8207155336386667,0.07643940659627606,0.6817846302381718,0.34580146885412455,569
HILIC_122.0963739_286.93218,-0.31708617536118866,0.7528935969852247,1,-0.0740261908931936,570
HILIC_122.0964006_24.85819707,-0.8767012246561063,0.3860936859332924,0.9661464710102153,-0.30643282624985985,571
HILIC_122.104549_279.771314,0.10345169834106382,0.9181421925560659,1,0.024597532017594397,572
HILIC_122.528266_187.9450692,0.4290530496838393,0.6702791136563768,0.9996367449012522,0.22472801009277873,573
HILIC_122.5370321_123.4385145,0.26456201693941694,0.7927599309258426,1,0.2166371115067712,574
HILIC_122.9245182_46.81494097,0.4434129010187054,0.6599522019934768,0.9968021749030789,0.09008173004087566,575
HILIC_122.964487_280.1663707,-0.47234844831361805,0.6393481197851597,0.9955023063019077,-0.24309050546860753,576
HILIC_123.0153872_199.0255384,1.0458990579317047,0.3021384267966693,0.9397496500337139,0.6225978195790168,577
HILIC_123.0304303_186.4991026,-1.3342294837082411,0.18997727725993788,0.8505070360693002,-0.5870649318811142,578
HILIC_123.0374825_133.9439081,-1.4682931829123054,0.150158486732089,0.8022269263565472,-0.9652758283251219,579
HILIC_123.0403151_253.7620555,-0.1748229707376343,0.862136072223307,1,-0.08059361048603766,580
HILIC_123.0431409_124.4841336,-0.6517965119630804,0.5184098152423976,0.9824083431236167,-0.4465884843666352,581
HILIC_123.0440311_45.51276987,-0.3263716639669104,0.7459130477424267,1,-0.07564983306142131,582
HILIC_123.055289_164.9499466,-1.3427435863143988,0.18722856458572917,0.8486326455977511,-0.5627866455854464,583
HILIC_123.0633562_288.2240582,-0.07973261519205527,0.9368634638932325,1,-0.028000326464596655,584
HILIC_123.0633987_109.5659709,-0.3641270565634614,0.7177579387681317,1,-0.08979082077286875,585
HILIC_123.0802213_130.5959987,-0.1845410944408272,0.8545588972066813,1,-0.0718300884882444,586
HILIC_123.080394_30.05212031,-1.6594363927076032,0.10516388196827298,0.7270102455490702,-0.4735543333589466,587
HILIC_123.0845287_54.0805384,0.08489920920738182,0.9327820468094228,1,0.06208090489029551,588
HILIC_123.0916251_280.0944216,0.30258097927473143,0.7638401103189502,1,0.12959990906326566,589
HILIC_123.0997218_24.79817502,0.10212132183210267,0.9191911011765469,1,0.051103652999599715,590
HILIC_123.1168381_128.1462458,-0.4777003001773219,0.6355681002639757,0.9953585489094753,-0.13605055183496406,591
HILIC_123.5942717_263.8336952,-0.3922052558654462,0.6970722084429548,0.9999159889500627,-0.26765651060852585,592
HILIC_123.9278273_42.67924716,0.1497959568707689,0.8817086039294116,1,0.1096361807859142,593
HILIC_123.9547376_289.5749788,-0.2272920390180685,0.8214008954176338,1,-0.16413333046810355,594
HILIC_123.9643115_262.0191152,-1.0289516223192603,0.3099319295614159,0.9421850854569164,-0.3625134383115852,595
HILIC_123.9643485_20.79814728,-0.9667547582792279,0.3397083809317416,0.954346097572737,-0.20203145292476588,596
HILIC_124.0356704_122.8118672,0.6925046607949423,0.49278189611184253,0.9781047779839798,0.45483906353408876,597
HILIC_124.0375226_254.1474477,-0.39455350553804036,0.6953525067271649,0.9999159889500627,-0.4452456486610767,598
HILIC_124.0393056_280.1261685,0.6320041806891823,0.5311242914833509,0.9824083431236167,0.14133894501588246,599
HILIC_124.0436664_247.8462271,-0.1965713209554348,0.8451983415077892,1,-0.07721238723008052,600
HILIC_124.0463603_125.9284146,0.017095084478099057,0.9864491609915473,1,0.01360819483755068,601
HILIC_124.0473424_44.9653705,0.3685487140736684,0.714485634591389,1,0.08172804222061711,602
HILIC_124.0504797_281.6090737,2.5936449825069134,0.013364052451428476,0.3316734028624666,0.7063275344351939,603
HILIC_124.0756887_58.63413656,-2.2368876963967863,0.031167738319124165,0.48999181383113344,-1.0676422519129183,604
HILIC_124.0757068_287.7912289,1.4416211557078134,0.15750495065077705,0.817448273034246,0.3260294942734043,605
HILIC_124.0757428_155.2205478,-0.30474505934205826,0.7622037825385231,1,-0.09092666990494463,606
HILIC_124.085439_284.8332914,2.081329402060265,0.04411218743010428,0.5509677663408914,1.2028973793075244,607
HILIC_124.0868374_95.62298274,0.48663480235781664,0.6292796258336353,0.9947980550876518,0.15165124221036916,608
HILIC_124.1120204_292.5681379,1.390416163541884,0.17239884616736365,0.8326851500809265,0.8254917051354718,609
HILIC_124.120086_289.1230484,2.2566245341677345,0.029794616346766306,0.4820529586073107,0.9012924551716597,610
HILIC_124.530489_240.9912025,-0.9241784446562773,0.36115726857078856,0.9611690139330997,-0.42536445277815005,611
HILIC_124.9226375_46.05143601,0.2378374915824408,0.8132700027669129,1,0.047599715504325575,612
HILIC_124.9562231_289.4168555,2.1511936841356682,0.03780551865341908,0.5223612120010674,0.5051485765188313,613
HILIC_125.0209522_54.26553108,-0.6355623857508264,0.5288264543834267,0.9824083431236167,-0.2533763767393779,614
HILIC_125.0233245_101.772814,-2.2500208027058792,0.03024791219586714,0.4847317177925648,-0.7339836222893954,615
HILIC_125.0378977_271.3586398,-0.8811741971563303,0.38369869931771017,0.9640023294868427,-0.3161663870153798,616
HILIC_125.0429636_281.6584409,-0.0467319354062651,0.9629687606824452,1,-0.017990731572242062,617
HILIC_125.059704_284.7637083,-0.9735730636377208,0.33635394018862164,0.9539608391559061,-0.22179906740334923,618
HILIC_125.0597155_129.4457071,-0.3791073585617258,0.7066937141197981,0.9999159889500627,-0.12018109690508108,619
HILIC_125.0709372_71.13003207,-1.9630614113166927,0.05690245689374082,0.6133199145431344,-0.7554876232332781,620
HILIC_125.0839413_103.772697,0.6571555901489227,0.5149955092611354,0.9824083431236167,0.26642953755574844,621
HILIC_125.0902675_98.63837128,-0.10839446817308189,0.9142464768946046,1,-0.04236315711161726,622
HILIC_125.0960684_23.34529843,-0.8506412043582915,0.4002350539484437,0.9669701703160376,-0.1951989547054858,623
HILIC_125.0961102_131.2271443,-1.1826863091732902,0.24419531484969584,0.8993813650047175,-0.2644295996844573,624
HILIC_125.1073008_29.90416639,-0.2426909251001454,0.8095348040561883,1,-0.06652989308846988,625
HILIC_125.953534_290.9849887,-1.9485667163923195,0.05867205293812941,0.6206361280685585,-0.9856517876028078,626
HILIC_125.9641181_292.737637,-1.0808226347895624,0.2865087319524331,0.9295944216943315,-0.17273343228869475,627
HILIC_125.9641794_159.3415096,-1.5980996277495743,0.11820743822851941,0.7518375929433361,-0.35164389660677564,628
HILIC_125.9721916_282.0658312,-0.47175014646322605,0.6397713092143927,0.9955023063019077,-0.13203172323964996,629
HILIC_125.9832396_231.09307,-0.3216834320598541,0.7494348516069734,1,-0.13717977200138956,630
HILIC_125.9862444_283.027719,-0.5241780172487122,0.6031635633516419,0.9928201179984223,-0.66999737338178,631
HILIC_125.9902786_167.8036675,-1.544038044656058,0.13077054019183254,0.7695072627505222,-0.44857562514034144,632
HILIC_126.0053128_161.8661752,-0.48576583652583805,0.6298900250258823,0.9947980550876518,-0.19427936239823757,633
HILIC_126.0219111_53.48332323,-0.5597807618411266,0.5788757328655052,0.9913379189285378,-0.1984166721711814,634
HILIC_126.0311162_122.1093235,-0.25714005627248976,0.7984417585920529,1,-0.17019516533466655,635
HILIC_126.0412908_264.9859643,0.7823382732517493,0.43880744407633976,0.9745124110909839,0.4663951290067652,636
HILIC_126.046372_32.43457807,0.7567666939081887,0.45380201437111456,0.9753792522951469,0.5132746188249888,637
HILIC_126.0549647_165.0673546,0.6442638727354524,0.5232293969721644,0.9824083431236167,0.25445666271525835,638
HILIC_126.0549707_290.2919172,0.6711979984108222,0.5061068920892116,0.9781047779839798,0.15686539031668884,639
HILIC_126.0661517_290.1751743,0.8238602488996651,0.41510020381234913,0.9703935627503105,0.24284999460872947,640
HILIC_126.0661821_166.190261,0.11633620499577985,0.9079916047590153,1,0.04398705163766887,641
HILIC_126.0871689_28.19875391,-0.1433807192687348,0.8867383091181513,1,-0.038917673558906,642
HILIC_126.0913491_30.59167557,-0.3096399945029248,0.7585066551540803,1,-0.2342401373820645,643
HILIC_126.094047_27.99842983,0.04765696928259266,0.9622363105884971,1,0.01269727508297007,644
HILIC_126.1025605_107.9895466,-0.09983524832042943,0.9209938502548979,1,-0.03352020010088996,645
HILIC_126.1276778_294.0748092,-0.25023787273068787,0.803735657729926,1,-0.16049600988584628,646
HILIC_126.4878693_169.5665777,1.1236336875156843,0.2681351080841994,0.9183426896754469,0.9037516417170669,647
HILIC_126.5783615_24.92552216,-0.09655652368503136,0.923580117323701,1,-0.031898692818245165,648
HILIC_126.5944955_297.9759833,0.17197093761358084,0.8643623277756283,1,0.11642394019527022,649
HILIC_126.9554297_293.7635531,-0.09339252758960491,0.9260766829321581,1,-0.026630127211436264,650
HILIC_126.955441_108.7903671,-0.8204025996767471,0.41704385700773494,0.9712636476221591,-0.22892876646906035,651
HILIC_126.9589061_110.2442099,0.8466469619409168,0.4024307850747736,0.9669701703160376,0.462984858307383,652
HILIC_126.9589125_285.0125555,-0.6838470614251126,0.49817260001821895,0.9781047779839798,-0.44272860875842185,653
HILIC_126.9642548_290.7921109,1.38127753053434,0.17516865376574417,0.8353891395009304,0.42004725393742093,654
HILIC_126.9674656_285.1270821,0.22687852314180443,0.8217201429159422,1,0.07049713709360418,655
HILIC_126.9719867_281.0914669,-1.7410981007585078,0.08966365380169448,0.7023904516472353,-0.30280267365270574,656
HILIC_126.983282_233.2983658,-1.638558970894855,0.10946367187561702,0.7336651855103924,-0.9405642959213703,657
HILIC_127.0151949_206.847393,-0.1484017910366352,0.8828012503223834,1,-0.10032673691431336,658
HILIC_127.0389737_179.3199309,1.751086686047583,0.08790595082163553,0.6977778646464091,0.6162667673290556,659
HILIC_127.038986_296.0474389,-0.6708129958709818,0.5063494693281603,0.9781047779839798,-0.12288185870469118,660
HILIC_127.050231_132.5961714,1.4698525231243436,0.14973753024603298,0.8021613915012793,0.3081508692240151,661
HILIC_127.0582738_288.5222442,-0.1509396744328049,0.8808124153849259,1,-0.0407278034497134,662
HILIC_127.0726674_254.7109564,-0.642119844461081,0.5246055609037827,0.9824083431236167,-0.18466889253497068,663
HILIC_127.0753699_287.8654075,-1.300880163979594,0.20104186160918747,0.8636226484729774,-0.28204471573725376,664
HILIC_127.0753785_120.4569865,0.6996947337932531,0.48832976644902104,0.9781047779839798,0.15835428942475294,665
HILIC_127.0866101_151.9542059,-0.8499818304838553,0.40059701097713263,0.9669701703160376,-0.17548840173632815,666
HILIC_127.0866234_82.94717952,-0.18545020384813857,0.8538507698465246,1,-0.07629990871763634,667
HILIC_127.0883316_27.94724579,0.18464481809705147,0.8544780981698372,1,0.04313429876930539,668
HILIC_127.0946896_29.03213226,-0.15525458525952981,0.877432796792377,1,-0.11768170406058835,669
HILIC_127.0974789_27.93468111,-0.057424348617553,0.954504558529615,1,-0.014507081843057473,670
HILIC_127.1059507_127.8969693,-0.7004355687207278,0.48787232200316777,0.9781047779839798,-0.5030922296436251,671
HILIC_127.1117154_20.40123061,-0.9822034526764423,0.33213986473911616,0.9514278664761784,-0.18404680874564558,672
HILIC_127.1117264_151.9574772,-0.6185538336506213,0.5398576475277347,0.9840078480868677,-0.14155074328486583,673
HILIC_127.1117433_287.7545434,0.5672458280006561,0.5738442926809644,0.9913379189285378,0.16617040089926458,674
HILIC_127.1229183_24.75478979,0.49104324512737946,0.6261870062117798,0.9947980550876518,0.48156374955728626,675
HILIC_127.9538219_24.01773394,-0.21000195932418173,0.8347749764977056,1,-0.0699690750452943,676
HILIC_127.9538755_275.3596742,0.29876710675064855,0.7667265632387543,1,0.05284040381760789,677
HILIC_127.9667064_290.8154491,-1.0570150011458743,0.2971008157267913,0.9388638086478203,-0.30358148924971284,678
HILIC_127.9667472_109.0453082,-1.1775528621594333,0.24621243068231885,0.9003718077325953,-0.27319066332298014,679
HILIC_127.9720899_292.4807935,-2.6132072007371936,0.012733431824555424,0.3258016514067845,-0.9506915833260796,680
HILIC_127.9905426_248.9646847,-0.9959272104488496,0.3255120987526585,0.9506069103298993,-0.6600056005437746,681
HILIC_128.0192221_263.8406286,-0.8659548161345166,0.3918863628581921,0.9669701703160376,-0.23941973725222973,682
HILIC_128.0341771_289.3228508,-0.006463310086542163,0.9948764789225499,1,-0.002301635305154123,683
HILIC_128.034234_165.0646428,1.3670536463601863,0.17954823427191088,0.8428280108876985,0.6403436788278002,684
HILIC_128.0423077_162.8089133,0.06654971777771017,0.9472850186734334,1,0.023173398895097303,685
HILIC_128.0423546_289.5559958,-0.4831771259345332,0.6317100035842365,0.9947980550876518,-0.12412789277658992,686
HILIC_128.0454399_152.4685809,-0.6243587028118541,0.5360793784112241,0.9833164118236528,-0.15946087986333415,687
HILIC_128.0454752_286.7569774,1.4703024077791176,0.14961625432074427,0.8019349557758078,0.4421843256222563,688
HILIC_128.0620041_149.8077844,-2.8719941899692625,0.006603369346108508,0.24294831950202495,-0.6958630863113727,689
HILIC_128.0620492_24.77798441,-0.04479661137646361,0.9645012718758341,1,-0.011153752876911397,690
HILIC_128.0706068_51.41012938,0.9727233280983995,0.33677077728140736,0.9540620942988052,0.30581716114292656,691
HILIC_128.0818154_26.22666306,0.6174509222981184,0.5405770729031861,0.9844101439284977,0.22850925582815726,692
HILIC_128.0818177_277.1200141,-0.3430728181708267,0.7334123807823443,1,-0.16311281586029502,693
HILIC_128.0955532_27.8876222,-0.12520821600053997,0.9010110776210885,1,-0.034211658774984624,694
HILIC_128.0980055_28.03931117,0.019946018636454677,0.9841895834309224,1,0.005332896488102037,695
HILIC_128.1069555_26.58416205,-0.00729484428813114,0.9942173259755247,1,-0.0016300180399719437,696
HILIC_128.5338827_198.5419007,0.5325987216232974,0.5973761316695689,0.9926487049255592,0.23335368111087876,697
HILIC_128.9172229_193.186832,-0.16607829924312953,0.8689655619798495,1,-0.06547114314532983,698
HILIC_128.9507297_286.8753431,-0.6265541661661965,0.5346540110462057,0.9833164118236528,-0.1523237183615508,699
HILIC_128.9507769_100.1819186,-0.18213901694520837,0.8564305181342062,1,-0.0456567731993528,700
HILIC_128.9628166_278.2708955,0.4079072313723924,0.6856043062492494,0.9999159889500627,0.17835951029202196,701
HILIC_128.9642172_162.1690998,-1.0848230688760032,0.2847552568262451,0.9295944216943315,-0.5902237639468784,702
HILIC_128.9710415_290.8447333,-2.1982776936893798,0.03401800640829643,0.5036973427656333,-1.8460750272279196,703
HILIC_128.9824667_190.2251896,-1.5696788111440299,0.12468372507954179,0.7639334341671284,-0.927635128230798,704
HILIC_128.9859194_194.2349208,-0.23337912136308034,0.8167050579624012,1,-0.07949911719048072,705
HILIC_129.0181712_291.0118428,1.3937968384872188,0.17138287481273107,0.8323231239234016,0.438237067853879,706
HILIC_129.0183119_22.6436211,0.799356579870509,0.4289943105728008,0.9742203846590763,0.3208876081708314,707
HILIC_129.0200483_250.4585751,-1.066893178572674,0.29267338290812744,0.9352926862259321,-0.373715864274557,708
HILIC_129.0546155_47.19206881,-1.1919932379721894,0.24056909424673034,0.8961162212635817,-0.515613389079927,709
HILIC_129.0617412_62.25954169,0.9699434000674291,0.3381368804062299,0.9541737438762358,0.8879249296030219,710
HILIC_129.0658798_52.71349421,-0.28268198065711936,0.7789368717312004,1,-0.13717691091748055,711
HILIC_129.0698295_58.9477748,-0.07130718128243833,0.943522893658033,1,-0.03672338298806096,712
HILIC_129.0727552_62.90995013,1.0186993924255694,0.3147129895056293,0.943249128859935,0.5104107524358481,713
HILIC_129.0735756_288.7264849,-0.018844070796599544,0.9850629445319145,1,-0.008107976085393275,714
HILIC_129.0909748_289.022598,0.5816381257299696,0.5642051284542817,0.990906938850393,0.1763674860738869,715
HILIC_129.11029_286.5898113,-0.568498440342056,0.5730021487004149,0.9913379189285378,-0.2464001358510757,716
HILIC_129.1102953_23.91816133,-0.46793571568978976,0.6424721833750541,0.9955023063019077,-0.15694569826012023,717
HILIC_129.1386081_69.62603156,-0.9823357692507055,0.3320755338703687,0.9514278664761784,-0.49614553257550265,718
HILIC_129.9511512_289.9180585,0.09641239838206295,0.9236938232417622,1,0.03916364549504476,719
HILIC_129.9540962_107.5064612,-1.007081644766965,0.320191461381179,0.9483800637817349,-0.5222008729542332,720
HILIC_129.9790957_288.199586,-0.8822414441044182,0.38312865751467085,0.9639039222134288,-1.1003306477259902,721
HILIC_129.9955536_285.1855443,0.9158378153868079,0.3654603955162673,0.9637531830220828,0.3123552614158435,722
HILIC_130.0078786_294.1992612,-0.05904279088154704,0.953223826404857,1,-0.021371816240295886,723
HILIC_130.0147244_268.1663958,0.988107709112298,0.3292774244548027,0.9506069103298993,0.3147120230782254,724
HILIC_130.0167693_253.2231536,-0.08237568243351104,0.9347753165773436,1,-0.024009566308392304,725
HILIC_130.0467209_72.24328605,0.04886593867780596,0.9612790878502573,1,0.019335425157786253,726
HILIC_130.0498758_31.10220793,-0.8960497945729657,0.37580197843495566,0.9637531830220828,-0.28372062352427807,727
HILIC_130.0526174_72.07489866,-0.7193140283573939,0.4762968612538082,0.9781047779839798,-0.20855476896222175,728
HILIC_130.0691366_67.63536132,-0.318470323754827,0.7518516868374758,1,-0.1500447756849685,729
HILIC_130.0721879_64.14451519,-0.531768615135687,0.5979454850357424,0.9926487049255592,-0.27786067354680305,730
HILIC_130.0832532_116.6607027,1.8717015238365318,0.06886980105594806,0.6521659055199539,2.349091505009352,731
HILIC_130.086264_64.21109223,-0.03530209946247771,0.9720214870297492,1,-0.01854105274396796,732
HILIC_130.089001_114.20493,-1.0564273563513094,0.29736565950536326,0.9388638086478203,-0.4970554128306886,733
HILIC_130.0974634_98.71949128,1.4067107708616897,0.16754478373015574,0.8300626150743446,0.42739317737472077,734
HILIC_130.1055387_115.5486749,-0.11670958761086218,0.9076976731802764,1,-0.044528006540944055,735
HILIC_130.1225852_148.2590591,0.001479622702094522,0.9988270825142098,1,4.6900708365199014e-4,736
HILIC_130.1225874_269.9394863,0.8535982130177392,0.398614346263781,0.9669701703160376,0.27913819534515455,737
HILIC_130.138503_71.38334899,-0.9336962367012153,0.35628733245224975,0.9588670540445742,-0.5604774683972571,738
HILIC_130.1589864_274.0559641,1.0696097435534324,0.2914639218413529,0.9340589136386561,0.2611539071752105,739
HILIC_130.158991_19.27119285,-0.5765354810077206,0.5676133141945681,0.9913379189285378,-0.14338947643373204,740
HILIC_130.4918104_292.2248213,2.270125163455171,0.028886744985642063,0.47819890803417997,0.9202296912480229,741
HILIC_130.4918559_173.7506417,0.05775438828018146,0.9542433761376161,1,0.015703072948114405,742
HILIC_130.5344609_127.3815082,-1.5352152346623202,0.132919565079362,0.7716476424216516,-0.9582255779913513,743
HILIC_130.9328638_267.4847049,-0.07820869253608122,0.938067640549064,1,-0.08353869945909513,744
HILIC_130.9663795_284.2482781,-2.027747405002673,0.04955682603191045,0.5784084227052847,-0.5377486481433352,745
HILIC_130.9773313_285.6262274,-1.441781043546867,0.15746008276970386,0.817448273034246,-0.27157088802116425,746
HILIC_130.9909649_217.1213123,-0.17428409616554094,0.8625566232455399,1,-0.10155737097076432,747
HILIC_131.0161789_39.66034899,-1.037440590471779,0.3060110705566743,0.9402374180413365,-0.8009270943703322,748
HILIC_131.0224388_123.7117338,0.3371288518049941,0.7378531759647764,1,0.19020618613966556,749
HILIC_131.0274294_183.7834533,0.11886293285432328,0.9060027898444369,1,0.06003698451636007,750
HILIC_131.0468959_71.95508359,-0.4430882691112303,0.6601849288872064,0.9968021749030789,-0.12401140389028853,751
HILIC_131.0491635_37.90751304,1.7593711439538886,0.08647011917884334,0.6962067550962847,0.3472328325006976,752
HILIC_131.0531323_69.64210556,-0.0861425377139077,0.9318001334376743,1,-0.023493978649274248,753
HILIC_131.0559071_71.96544549,0.13071120490746332,0.8966852667494496,1,0.03219440037296833,754
HILIC_131.0693749_43.50167809,-0.5022571096335308,0.6183510699345416,0.9946352989347117,-0.2715157299344343,755
HILIC_131.0814968_195.5717661,-1.549304023408183,0.12950127874469325,0.7695072627505222,-0.6580725944529281,756
HILIC_131.0832421_115.926288,1.6700401685888093,0.10303390618867174,0.7222851642405752,0.5765035568130258,757
HILIC_131.0854528_280.2309069,-0.7651569568550346,0.44884932176961534,0.9745894987688215,-0.278414055022015,758
HILIC_131.0896026_49.48056499,-0.048838009956256735,0.9613012002566157,1,-0.010305576248608095,759
HILIC_131.0896349_123.8902392,1.9461657030007684,0.05896972245379643,0.6217545904356657,0.5915767893417272,760
HILIC_131.117897_37.49170106,-0.9157135686823802,0.3655247478520929,0.9637531830220828,-0.294814899928824,761
HILIC_131.458728_164.0878663,-0.25665341360903227,0.7988146959347739,1,-0.17256712274883212,762
HILIC_131.5208175_123.1980457,0.1872180583294685,0.8524740960005672,1,0.13328467218856765,763
HILIC_131.5335115_274.1735992,0.9288497353795594,0.3587617261635616,0.9596708186667041,0.5093803475059896,764
HILIC_131.5420585_77.60542426,0.12043183554598343,0.9047681969395323,1,0.10187158035232696,765
HILIC_131.9741927_292.6622134,-1.3213929521544585,0.19417971044764784,0.8530657861108915,-0.4475822682275912,766
HILIC_131.9923375_225.5483414,-0.1935276648637542,0.8475644800598425,1,-0.05709829246879714,767
HILIC_131.9968283_226.5369062,0.9851470859560826,0.3307106802764158,0.9506069103298993,0.3827890754246325,768
HILIC_132.0036304_289.7464711,-2.5060056884684263,0.016556358010787336,0.37412233298704317,-1.5554672606733482,769
HILIC_132.0443372_282.4219145,-1.7569544659265093,0.0868869214311975,0.6962067550962847,-0.443595893245676,770
HILIC_132.0443641_29.71115109,-0.08310370327240017,0.934200227190077,1,-0.030970183725228063,771
HILIC_132.0542583_63.48761977,0.04737753155711439,0.9624575684152845,1,0.011535433662022218,772
HILIC_132.0556337_275.5509411,0.801963145411575,0.42750310046526896,0.9738791676427527,0.24100230166514067,773
HILIC_132.06556_71.23577626,0.10412374783130228,0.9176123848138786,1,0.0302447690079466,774
HILIC_132.071963_60.99635601,1.2555130831392953,0.21686908437111738,0.8731537174226586,1.1333913718690247,775
HILIC_132.0765955_56.66101004,0.4177267634850266,0.6784704941649772,0.9996367449012522,0.19579460871341672,776
HILIC_132.0803443_45.28343801,-1.7073014988267967,0.09583027488155417,0.7130446572875009,-0.48518451408530955,777
HILIC_132.0806912_273.82911,0.44708109971362975,0.6573248706328856,0.9965858111391217,0.12068863325037917,778
HILIC_132.0904569_117.2618305,0.3837237513139419,0.7032969254826302,0.9999159889500627,0.180415026079811,779
HILIC_132.0985538_35.8671221,1.7876803870697646,0.08171143099887924,0.6948552844377854,0.7592392210450085,780
HILIC_132.1018741_36.83270873,1.2393439223137388,0.22272982497372779,0.8799075082512211,0.31702411821104265,781
HILIC_132.1052248_36.57843347,2.357475623208467,0.023588009585637046,0.43556851625430787,1.1445350974101758,782
HILIC_132.1212989_291.4511046,-0.023376452865803806,0.9814708853583467,1,-0.01559148436410318,783
HILIC_132.9287018_215.9320578,-0.07993616219807946,0.936702635958848,1,-0.019349431769649032,784
HILIC_132.9872478_49.95463843,-2.1239455105911422,0.04016374749377147,0.5347244144365793,-0.9430762343742686,785
HILIC_132.9873541_280.2296709,1.730232303210552,0.09160901961830681,0.7069023523638046,1.0172398766099857,786
HILIC_133.0284623_209.1879157,0.4996896534649124,0.6201412038775772,0.9947980550876518,0.2678273215888,787
HILIC_133.0317614_42.86680241,3.372552410852922,0.0017094038326868342,0.12282648482768792,0.9857080546324375,788
HILIC_133.0495201_84.18265327,0.09667500723917592,0.9234866423693876,1,0.060795219934051924,789
HILIC_133.0521838_33.78189036,0.16593414724635755,0.8690782297519933,1,0.1331083429830074,790
HILIC_133.0607438_76.25676124,1.310402079725348,0.1978339480502788,0.8592309077363763,0.38823920349361885,791
HILIC_133.0635213_69.89959524,1.2830322936147591,0.2071607793641254,0.8678275884790382,0.4900085437339505,792
HILIC_133.064733_284.2498926,2.15440095616123,0.03753615242462934,0.5220805529735174,0.47635938542118084,793
HILIC_133.0647444_21.28306332,-0.03648297160348992,0.9710860114122823,1,-0.013239480302844447,794
HILIC_133.0688621_70.17970756,-0.8359086766456794,0.4083709991822194,0.9676316311691489,-0.255650541587634,795
HILIC_133.0746111_46.17925489,-1.2239582253237717,0.22841522715431925,0.8847147974838154,-0.4162035024950625,796
HILIC_133.0800585_57.51920762,0.5077865903424988,0.6145036901182396,0.9931667617408494,0.25241367519335584,797
HILIC_133.0832403_54.94564342,2.1946371562426843,0.03429835640276509,0.5048831476813758,1.4574128299256053,798
HILIC_133.0858278_285.9455602,-0.5338234403435942,0.5965365898273327,0.9924074341965825,-0.23340996941861877,799
HILIC_133.0858956_25.20768344,-0.11693044253655605,0.907523819533642,1,-0.06210887381786186,800
HILIC_133.0989294_35.83301112,1.4224460383226898,0.16295925673003875,0.8247223668707628,0.9724298162561585,801
HILIC_133.1011127_135.9237641,3.023586522926851,0.00443233088002764,0.20699703617431686,0.9362850528642453,802
HILIC_133.1011572_21.82098013,1.6231607001216224,0.11272672102544043,0.7386028370327659,0.3601959255713802,803
HILIC_133.1011601_284.1653735,0.6790407375822547,0.5011793059524728,0.9781047779839798,0.18621726702847505,804
HILIC_133.1052435_35.53275723,1.352809337144632,0.18401840663035796,0.8464654624459718,0.34505164775583586,805
HILIC_133.1080769_36.14348381,0.5925502390966314,0.556951196396954,0.9878934493313638,0.237467171291246,806
HILIC_133.5357272_224.2030512,-0.6113477274703709,0.5445671529548761,0.9847303701966784,-0.3196089528423174,807
HILIC_133.586179_24.0836478,-0.07172496810292572,0.9431925758782089,1,-0.02007770536688397,808
HILIC_133.9301284_283.8323707,0.5454539665940915,0.5885918677850897,0.9913379189285378,0.2543145204850036,809
HILIC_133.9747399_279.5698418,0.5013663032857621,0.6189719100809445,0.9946352989347117,0.11656831583743739,810
HILIC_133.9823775_283.865038,1.69841583726815,0.097508948489141975,0.7175892409102419,0.8325704429149934,811
HILIC_134.0187718_59.17858292,-0.09258850395538024,0.9267112230696275,1,-0.02466045336303426,812
HILIC_134.0270038_154.8089901,-0.9867473588668534,0.3299354581128243,0.9506069103298993,-0.44906076801373934,813
HILIC_134.0351147_42.72203606,3.8118521664893197,4.8548938429885654e-4,0.0663220715420438,1.3137295900583144,814
HILIC_134.0448019_109.7287845,0.7471130039226782,0.4595399460997259,0.9755657681934743,0.20569575604685067,815
HILIC_134.0577141_75.12933585,2.2594620191877683,0.029601715804257547,0.4812722473631681,1.5490000475849084,816
HILIC_134.0600139_284.6073965,0.643208956032497,0.5239062640566562,0.9824083431236167,0.1399962682593973,817
HILIC_134.0600489_131.523999,-0.8504425707552768,0.4003440704687744,0.9669701703160376,-0.3461801936323406,818
HILIC_134.0636774_70.01693697,2.892039871587144,0.006267855568488015,0.2352344449939078,0.5776317138730426,819
HILIC_134.0698778_64.50861831,-1.3467714283707881,0.1859388879310789,0.8476551256312127,-0.6580946773669294,820
HILIC_134.0712274_283.509012,-0.291130988929846,0.7725158912706618,1,-0.07677572139009248,821
HILIC_134.0810409_59.69503475,0.05513261613944239,0.9563182977242652,1,0.01883930656503329,822
HILIC_134.0811048_282.529329,-0.15636194823603897,0.8765658354992952,1,-0.04533615087594319,823
HILIC_134.0834039_62.23976123,0.5470030081459117,0.5875375731711818,0.9913379189285378,0.391811441839562,824
HILIC_134.0906927_292.644542,0.8006971882085518,0.42822695938219457,0.9742203846590763,0.325262869068924,825
HILIC_134.1005009_122.0791755,-1.1422948401046908,0.2603950179753639,0.911112589206785,-0.5057381326392941,826
HILIC_134.1061232_36.41282263,1.4359959305044632,0.1590899240478449,0.8193248359762065,0.44211186022228083,827
HILIC_134.1085541_35.98648631,-0.4072853730136852,0.6860570723439514,0.9999159889500627,-0.1455172729655429,828
HILIC_134.1175747_146.4843671,-0.7175985660295168,0.47734220909756764,0.9781047779839798,-0.19198128056233643,829
HILIC_134.5338818_162.4837192,-0.41060789346279875,0.6836393561009615,0.9999159889500627,-0.2615484463539256,830
HILIC_134.9257624_232.3991049,-1.4099439417537296,0.1665944477237168,0.8274419139233609,-0.46993839848375124,831
HILIC_134.9724287_282.9805081,-1.1986552388667902,0.23799772438402408,0.893415591415297,-0.47414016476297977,832
HILIC_134.9819692_245.4607205,0.7749489528630751,0.4431097112055741,0.9745894987688215,0.1646532778439932,833
HILIC_134.9914912_210.5456541,-0.9158332280460296,0.36546277135275085,0.9637531830220828,-0.4506817316077931,834
HILIC_135.0028066_53.66409344,-1.61266328722006,0.11499658635315282,0.7431494741291776,-0.7090157463655096,835
HILIC_135.0221101_61.47130415,-0.1277060295795648,0.8990471997076535,1,-0.036087488383228346,836
HILIC_135.0275596_42.60652699,2.1624448320729783,0.036868031634904784,0.520860410957153,0.7307155883524983,837
HILIC_135.0440486_290.1497066,1.4056364560234926,0.16786149556709207,0.8308087949001756,0.42188093865514376,838
HILIC_135.0552384_288.8073775,0.34283553435894304,0.733589481438809,1,0.11214025676085294,839
HILIC_135.0552499_134.4415899,0.6501729841276851,0.5194465714890502,0.9824083431236167,0.19191240315334882,840
HILIC_135.0666193_62.81539272,-0.633363508458618,0.5302458363504987,0.9824083431236167,-0.15775705970976936,841
HILIC_135.0803967_23.05274405,0.010429921336420879,0.9917322070619643,1,0.0026718743200333157,842
HILIC_135.0804608_144.954634,-0.6263150513959368,0.5348091557655124,0.9833164118236528,-0.1999867676771678,843
HILIC_135.090833_36.26129279,-0.10247976825206667,0.9189084768353442,1,-0.030291979117467477,844
HILIC_135.1015385_291.1015961,0.866634721700531,0.3915182542332303,0.9669701703160376,0.3233474193735521,845
HILIC_135.1168799_115.7650947,-0.6198109408151602,0.5390382485985323,0.983683589406213,-0.19246381746337987,846
HILIC_135.1208318_36.63659262,-0.6338549443252015,0.529928438571068,0.9824083431236167,-0.4101882406943608,847
HILIC_135.531235_228.0280282,1.6213135064447874,0.11312345962900859,0.7395628592474927,0.5779137304051961,848
HILIC_135.925911_281.5941524,-0.6430686119494176,0.5239963483063796,0.9824083431236167,-0.6402629900356737,849
HILIC_135.9650751_228.915594,-2.3859212444615694,0.02206190650409241,0.4244273204202801,-0.6950530989925802,850
HILIC_135.9700429_80.37754609,-0.4703841100972008,0.6407379873436199,0.9955023063019077,-0.4254341077921887,851
HILIC_135.9700554_284.835685,-0.28431649233195044,0.7776934544736719,1,-0.07516863501057108,852
HILIC_135.9771061_63.33352134,0.3799630319952456,0.706063639863155,0.9999159889500627,0.19358034898533522,853
HILIC_136.0009936_134.9416338,1.0247253384508863,0.31189675711096443,0.9421850854569164,0.4402004525615039,854
HILIC_136.0215112_50.5268008,-1.905931569700395,0.06415495396283757,0.637514323855965,-0.8553714970064281,855
HILIC_136.0215195_176.5080705,0.8994667022065828,0.374002941465598,0.9637531830220828,0.45868298267782914,856
HILIC_136.0244183_121.1622241,-0.7665068685583204,0.44805546936438345,0.9745894987688215,-0.33779591102182227,857
HILIC_136.039249_290.2435592,-0.26692488380303475,0.7909534367981543,1,-0.06582009489353087,858
HILIC_136.0392682_28.92581719,-0.9910881048357387,0.3278388279158516,0.9506069103298993,-0.3450617846385879,859
HILIC_136.0392796_147.1297131,0.2031987896466802,0.8400511939860743,1,0.052425691189997764,860
HILIC_136.0480793_49.5543708,-0.24924157010742345,0.8045005908416166,1,-0.12996127681092268,861
HILIC_136.0501388_271.0129728,1.6086980654873144,0.11586365605273728,0.7446629530930814,0.6506272624976183,862
HILIC_136.0504711_60.09813643,0.5827461622393968,0.5634663982842827,0.990786345850868,0.24764485263601832,863
HILIC_136.061741_290.3220942,0.8370184339796911,0.40775459880444687,0.9676316311691489,0.25312708885611274,864
HILIC_136.0756694_45.07927786,0.726649218959799,0.4718417688225267,0.9781047779839798,0.1859688072234214,865
HILIC_136.1119916_25.31954409,0.27465068916199337,0.7850549815775494,1,0.11454344757803417,866
HILIC_136.1200685_280.2707688,0.5481403022297552,0.5867640970329061,0.9913379189285378,0.35216062045617297,867
HILIC_136.494887_124.1439957,-0.30424190511222576,0.7625841347342792,1,-0.2303215002887684,868
HILIC_136.9932453_124.4414978,-0.3104456275062435,0.7578987104008523,1,-0.20551156505345594,869
HILIC_137.016772_26.63703919,-0.7609534397372024,0.45132662277496327,0.974637332621922,-0.5764878286543662,870
HILIC_137.0246685_283.7347471,-0.32571137017799673,0.7464087292963488,1,-0.21191076186501914,871
HILIC_137.0345211_291.6680632,1.2915020556861767,0.20423972918181868,0.8647457759331585,0.9738168273825569,872
HILIC_137.0456516_37.35992161,-1.308116068509813,0.1986005280375411,0.8593515168411124,-0.4873525915710712,873
HILIC_137.0596511_296.4857897,-0.017262845800625908,0.9863161943413963,1,-0.0031772862092370804,874
HILIC_137.0596793_68.17232205,-0.8429114052053778,0.4044910902988561,0.9669701703160376,-0.3494496363695415,875
HILIC_137.0597142_141.3635831,0.07583872069511204,0.9399406417596212,1,0.021217251732769532,876
HILIC_137.0719409_43.50870996,-1.9261795855155872,0.06149847416320505,0.6298181415279995,-0.5707917537325068,877
HILIC_137.0790147_285.4760744,-0.0711129869285031,0.943676434368379,1,-0.02014621025491366,878
HILIC_137.0960963_140.7859984,0.093265115550021635,0.9261772340082061,1,0.025863705710787502,879
HILIC_137.132459_33.01218126,-3.0159842571480326,0.004522885408596525,0.20960038279956164,-0.879940778760398,880
HILIC_137.1324777_174.8920377,1.0013220981913433,0.322931329519215,0.9506069103298993,0.4418951328563723,881
HILIC_137.5250497_163.5077804,-0.17663975774681046,0.8607185067813883,1,-0.12090530209622993,882
HILIC_137.9641008_286.252532,0.4283989634220302,0.6707510660824396,0.9996367449012522,0.09123927864336681,883
HILIC_137.9701728_221.803409,-0.27815212874784667,0.782385917868975,1,-0.11189962880281727,884
HILIC_137.9744786_174.5890248,0.636584217282791,0.5281675437403515,0.9824083431236167,0.5159916047039721,885
HILIC_137.9874588_277.5511539,-0.43391743944180705,0.6667734928330656,0.9980954332927549,-0.11834400923856067,886
HILIC_138.0172227_284.1043096,-0.2744405117446963,0.7852152787677588,1,-0.07821597908095011,887
HILIC_138.0399961_127.1198267,-0.4140202607489669,0.6811597655803998,0.9999159889500627,-0.16081542104356,888
HILIC_138.0427779_37.06546934,0.13989043851577676,0.8894767825998348,1,0.11102862901500453,889
HILIC_138.0485323_42.84374001,-0.9258959852344457,0.36027526578725855,0.9608881797217599,-0.16869734654042565,890
HILIC_138.0524229_58.44934597,2.56219932062516,0.01443810387027301,0.3456114252342856,1.579954105693139,891
HILIC_138.0549019_47.19922032,-0.6964701479086906,0.49032365387135346,0.9781047779839798,-0.26216997226883754,892
HILIC_138.0752817_43.37073433,-2.6690049991983096,0.011082039918269095,0.30490165869703584,-0.7028422704382017,893
HILIC_138.0913314_151.7832277,-0.6893872510194279,0.49471921777443284,0.9781047779839798,-0.1984613963017482,894
HILIC_138.0913663_278.8606373,1.3650980770359002,0.18015692009087225,0.8435536307584767,0.4028198502548799,895
HILIC_138.1025303_90.37693105,-0.401884112593405,0.6899945646023389,0.9999159889500627,-0.14728056134454443,896
HILIC_138.1358443_286.9770852,-0.12086219340225374,0.9044295836106145,1,-0.027916205707384706,897
HILIC_138.1358516_167.4973973,-0.7097082713879862,0.4821670682116107,0.9781047779839798,-0.23451741933367481,898
HILIC_138.5107566_218.7282112,-0.17351362446909657,0.8631579886915672,1,-0.08938134499928525,899
HILIC_138.5231501_219.1952009,-0.9754560159445581,0.335431489263442,0.9530889304266006,-0.65135421225343,900
HILIC_138.9064054_47.98326883,-0.7520137864972568,0.45662177017278127,0.9755657681934743,-0.11775818936043894,901
HILIC_138.9800065_82.92250921,-0.8112254236268398,0.42222961656515323,0.9720647144923827,-0.616351176667097,902
HILIC_138.9800219_283.8267072,-0.007580176523626706,0.9939911454803917,1,-0.002658209463935548,903
HILIC_139.0178365_268.7292471,1.3286661078091218,0.19178999316113796,0.8508954511611063,1.4696230036961653,904
HILIC_139.0200708_215.7323653,-0.1972922803133311,0.8446380793225092,1,-0.10204252566414379,905
HILIC_139.028236_240.5507428,-1.2422066514878418,0.22168368919028106,0.8794572619139686,-0.39818265618265075,906
HILIC_139.0323778_28.35141426,0.42490414796496073,0.6732750159931125,0.9996367449012522,0.2888854038022495,907
HILIC_139.0388879_289.2342609,-1.958803369711475,0.057417453940289125,0.6133199145431344,-0.6641174781733412,908
HILIC_139.0501366_113.3954671,0.380089228516834,0.7059707328893632,0.9999159889500627,0.11512811913090987,909
HILIC_139.0501812_28.15715423,-1.841938119089401,0.07320688932712435,0.6706007179761654,-0.6196844000795229,910
HILIC_139.0542224_26.77108937,0.6344335860028875,0.529554846898974,0.9824083431236167,0.5619091865998063,911
HILIC_139.0582244_287.8613962,1.771126392111554,0.08446656611520063,0.6959761542836904,0.5850378852534754,912
HILIC_139.0582406_39.41017076,0.5348755705715668,0.5958158032110785,0.9924074341965825,0.2701159699505144,913
HILIC_139.0625975_27.27282407,1.4005165089744807,0.16937729758458459,0.8316096347034753,1.0745624787001589,914
HILIC_139.0695076_265.7436834,1.0427411188252047,0.30358028200330905,0.9402374180413365,0.24828094144855672,915
HILIC_139.0752954_25.53160544,0.07880967586425755,0.937592736440335,1,0.018735991935423933,916
HILIC_139.0865399_290.1244193,0.2511338544738124,0.8030479149582642,1,0.0824089031001753,917
HILIC_139.0866183_168.3544568,0.3167173062403885,0.7531713402667205,1,0.11061732110309712,918
HILIC_139.0977624_63.30757938,0.20337241308150103,0.8399164458009575,1,0.1436828684743375,919
HILIC_139.1117023_177.6136957,-2.0040964360495384,0.05214082555173905,0.5944356817255592,-0.9751247357066206,920
HILIC_139.1480808_290.0126281,1.7180715936304756,0.09382789765145795,0.7121317722762723,0.5837411110527371,921
HILIC_139.5273056_122.5969331,0.13763781612625214,0.8912449199373,1,0.06544924172784355,922
HILIC_139.5309318_256.7775854,-2.1869842436451385,0.03489438900425619,0.5071145710054252,-1.1004000215359557,923
HILIC_139.9146656_38.72018294,0.7053396043957308,0.48485028857714585,0.9781047779839798,0.231665062357081,924
HILIC_139.9823852_82.73524079,-0.9933913788762195,0.326729976757277,0.9506069103298993,-0.7207318473167469,925
HILIC_139.9841406_280.2307236,0.16086559642573076,0.8730414985865178,1,0.04459364139240878,926
HILIC_139.9878577_273.5240962,0.9967198131948849,0.32513206752472323,0.9506069103298993,0.17840045725784673,927
HILIC_139.9910761_281.3971189,1.5765188526359535,0.12309935924257533,0.762263266365832,0.5320925079503269,928
HILIC_139.9924912_188.3115985,-0.1132234432466,0.9104425164029644,1,-0.06662196216086878,929
HILIC_140.0043729_122.4110061,0.8953480931677374,0.3761721177455003,0.9637531830220828,0.35858479854639186,930
HILIC_140.0106934_114.3245869,0.6194643617553823,0.539264088675413,0.983683589406213,0.2817541682121326,931
HILIC_140.0249419_244.7091699,-0.3951248034645655,0.6949343719780752,0.9999159889500627,-0.16867809873550266,932
HILIC_140.0316819_126.6582061,0.12250113289039122,0.9031402023667786,1,0.056136531034822225,933
HILIC_140.034149_293.2841088,0.6244897807760299,0.5359942224807313,0.9833164118236528,0.10999358857621445,934
HILIC_140.0341774_160.1373545,-1.0428360968057742,0.3035368476535808,0.9402374180413365,-0.3013810823257481,935
HILIC_140.0443182_42.71851798,0.4871254277824675,0.6289351055221961,0.9947980550876518,0.08334656081066219,936
HILIC_140.0453624_285.8463044,0.3072450054122994,0.7603148710747587,1,0.07765769884810314,937
HILIC_140.0494665_34.13673335,-2.0564024834714774,0.04657624310261912,0.5626718638192326,-0.8326098420710368,938
HILIC_140.0646364_56.14364554,-1.5887289894698022,0.12031175963361265,0.7563416341912984,-1.2188571692874155,939
HILIC_140.0696585_49.5924552,-0.8139044580586702,0.42071172485640407,0.9716822081080376,-0.27384151471161305,940
HILIC_140.0728231_27.59516319,1.5927452699053435,0.11940613810965438,0.7550496652242475,0.5442120261127081,941
HILIC_140.0785983_24.53380698,-1.0803879028975827,0.2866997398111337,0.9295944216943315,-0.4494890660415778,942
HILIC_140.0817368_278.7049349,-0.5350316293803502,0.5957089266028791,0.9924074341965825,-0.16659370928590816,943
HILIC_140.1069307_34.61726605,0.10987930708476289,0.9130765932456046,1,0.05200134087387746,944
HILIC_140.106961_291.3786468,0.9675381950447476,0.3393218190727111,0.954330731898445,0.26353482185136784,945
HILIC_140.1069648_176.4842854,-0.7560944870014448,0.45420019353583674,0.9753792522951469,-0.2413367518789544,946
HILIC_140.1150117_296.3255287,-1.5874910845540553,0.12059201599270523,0.7568919581483816,-0.43583411952943585,947
HILIC_140.1150506_124.5600261,0.38017387325055607,0.7059084192543805,0.9999159889500627,0.1697120964601749,948
HILIC_140.463936_191.4901619,0.050326806376674714,0.9601224977484464,1,0.028043155627737973,949
HILIC_140.4943065_187.9347744,-1.767106414196095,0.08514729088793795,0.6959761542836904,-1.0300649254749807,950
HILIC_140.5433307_137.0681907,-2.0456700939233166,0.04767370802380078,0.5708490495837731,-1.109057780373751,951
HILIC_140.9034583_47.93221548,-0.9697282788824787,0.338242748545306,0.9541737438762358,-0.1540892920045623,952
HILIC_140.9512394_167.3417015,-0.567604150097787,0.5736033268680989,0.9913379189285378,-0.20380965545528476,953
HILIC_140.9616916_277.8656268,-0.7893690047876175,0.4347372073865896,0.9745124110909839,-0.13810703382817202,954
HILIC_140.9754151_281.675921,0.529414593351136,0.5995614529057465,0.9927179766037689,0.1371340021372834,955
HILIC_140.9856242_31.79796206,-0.13574888052232023,0.8927280246014144,1,-0.03527377165554332,956
HILIC_140.9856754_288.311953,0.5432801357425555,0.5900729305307255,0.9917669560968972,0.14043132896259536,957
HILIC_140.9911727_276.9164563,0.3257786684194706,0.7463582036118475,1,0.0481896839656821,958
HILIC_140.9956366_284.2791857,0.3145932779941936,0.7547712912731139,1,0.05803508777641528,959
HILIC_141.0064205_246.6701199,-1.0583992876579307,0.2964775840452654,0.9388006206599299,-0.35093145422139593,960
HILIC_141.0138261_235.6428907,1.0905215288909476,0.28227055261919237,0.9295944216943315,0.3496929789931659,961
HILIC_141.0181866_284.3398648,0.9146494623017342,0.36607619220373266,0.9637531830220828,0.2397410688260368,962
HILIC_141.0508437_245.2578495,-0.10173170846723623,0.9194983117616439,1,-0.03281531514321423,963
HILIC_141.0545194_291.3546589,0.8617551838932823,0.3941649261203579,0.9669701703160376,0.2341693883317807,964
HILIC_141.05727_35.2392602,-0.8266708668165332,0.4135243740533263,0.9702967640516138,-0.3117211571830942,965
HILIC_141.0657868_53.69782667,0.7551829310393574,0.4547404771000991,0.9753792522951469,0.3466122086101742,966
HILIC_141.0698126_266.941326,0.9286769052585462,0.3588501719359609,0.959676385016487,0.591819968164067,967
HILIC_141.0711003_50.4219788,-0.9010139080457602,0.3731901462001609,0.9637531830220828,-0.3117255402446828,968
HILIC_141.0909242_137.9870081,-1.2116767319502693,0.23303010443845104,0.8879258919320564,-0.23763259193464364,969
HILIC_141.0909594_28.13436822,-1.854741759068015,0.07131347433316933,0.6633124226015927,-0.9971291034777134,970
HILIC_141.1021459_25.49551559,-1.5642075950402954,0.12596289162462945,0.7651222443061139,-0.45719863263957616,971
HILIC_141.1021496_284.4706465,0.05167235006916944,0.9590572884507348,1,0.017882991247307314,972
HILIC_141.1273483_285.505143,0.6931386962108416,0.4923883910927557,0.9781047779839798,0.18010279471220622,973
HILIC_141.1274064_152.7319141,0.10305782783163794,0.918452716499059,1,0.029211020776227347,974
HILIC_141.1385261_51.09347146,2.5086101782688908,0.016452223673339428,0.37296455109402943,1.2157487930001856,975
HILIC_141.1385515_293.0121444,-0.8945200804404905,0.37660918551392486,0.9637531830220828,-0.4018715041976759,976
HILIC_141.4922993_187.8194056,-1.7590939913602357,0.08651783408710345,0.6962067550962847,-1.105488328359316,977
HILIC_141.912782_39.09764712,2.317521429712822,0.025892327940435767,0.4520587090633925,1.0975736165993157,978
HILIC_141.9513267_290.6029468,0.6468314424648496,0.5215839165912457,0.9824083431236167,0.22754158229137803,979
HILIC_141.9586546_285.3825398,-1.651688311104676,0.10674309421192357,0.7281519800561526,-0.4634034721649974,980
HILIC_141.9832712_274.7874021,0.5216874350312548,0.6048803167898459,0.9928201179984223,0.07494380404151234,981
HILIC_141.9832735_70.44814835,-0.2022390999234557,0.8407960916489505,1,-0.07428839235447085,982
HILIC_141.9861674_279.7784809,0.7612782162646411,0.45113493276416594,0.9745894987688215,0.4289315577060953,983
HILIC_142.0075601_133.9723947,-0.6985520827638676,0.4890357919690522,0.9781047779839798,-0.3773344540443421,984
HILIC_142.0498193_90.6353068,-0.21692818670738212,0.8294112529621549,1,-0.060404947302591216,985
HILIC_142.0498897_289.8208545,-0.9982302500798973,0.3244086855713131,0.9506069103298993,-0.26103248056497735,986
HILIC_142.051712_121.7312332,0.4850220408182918,0.6304127080675994,0.9947980550876518,0.48377399232297613,987
HILIC_142.054235_140.0930824,-0.2560096016237585,0.7993081528801516,1,-0.12958518002578417,988
HILIC_142.0610581_289.1746225,1.779108192190804,0.08312852407919517,0.6948552844377854,0.6594143791031959,989
HILIC_142.0610582_66.70231427,1.6851084345825502,0.10006859681105518,0.718134185467518,0.5471069747596685,990
HILIC_142.0650952_34.83572437,-2.1856753447687356,0.03499724549859466,0.5071603942130305,-0.6047811856860751,991
HILIC_142.0691265_60.10259671,0.9838208157623285,0.33135409455978804,0.9506069103298993,0.6280915523979573,992
HILIC_142.072374_56.15717851,1.1188517204947621,0.2701447131683675,0.9185780391297615,0.5509037147049767,993
HILIC_142.0862188_278.4825184,0.773050630820424,0.44421900019241556,0.9745894987688215,0.23746415069285656,994
HILIC_142.086233_45.59712157,0.7050933287866665,0.48500180019656636,0.9781047779839798,0.31280645115214967,995
HILIC_142.1225834_292.5306833,-0.359901322947076,0.7208902861192983,1,-0.1145059493810693,996
HILIC_142.5054576_122.7791124,-1.5273606972977523,0.13485656800524912,0.7743408930418361,-0.8595084004949102,997
HILIC_142.5102987_124.418135,-0.21497420405585477,0.8309236072963251,1,-0.1343630930907251,998
HILIC_142.5353947_205.6175759,0.506172457115143,0.6156256620533902,0.9931667617408494,0.22961669771545626,999
HILIC_142.9004398_47.92999594,-0.5143626278785544,0.609942441529799,0.9928201179984223,-0.2862956458965505,1000
HILIC_142.9182362_236.3226867,-0.07041881812015863,0.9442253000562983,1,-0.034676678893208204,1001
HILIC_142.9384192_294.6606122,0.014393308001765373,0.9885906245664144,1,0.013885924987010854,1002
HILIC_142.9384429_169.9574347,1.7177717821103289,0.09388316312635041,0.7121317722762723,0.7633744751543022,1003
HILIC_142.9479613_291.8756974,0.9004831820772076,0.3734688248472553,0.9637531830220828,0.5195979188648425,1004
HILIC_142.9480007_136.8676631,1.0907085649144024,0.28218925891637225,0.9295944216943315,0.40205470716424496,1005
HILIC_142.9668762_162.3016298,-0.49219810439055456,0.6253779722412257,0.9947980550876518,-0.196666326801468,1006
HILIC_142.9802689_282.0207192,1.8935444123491119,0.06582818802903215,0.6419372029398479,0.5665481760958904,1007
HILIC_142.9835204_280.6460665,1.1144354402473644,0.27201015412045904,0.920680740314505,0.256280078269846,1008
HILIC_142.9866007_276.52769,0.7322198516149173,0.468474403940475,0.9777549229263227,0.16966636699906282,1009
HILIC_142.9910775_284.103947,0.26939621693337723,0.7890652645934034,1,0.05537510565078496,1010
HILIC_143.0035678_254.063784,-0.5403263190174171,0.5920882639598697,0.9919344024228657,-0.2571987625526013,1011
HILIC_143.0233404_172.6268903,-0.21272135229222897,0.8326680898120549,1,-0.05056851362975858,1012
HILIC_143.0336778_282.3651446,0.24851715552357287,0.8050568981975443,1,0.05590498910871886,1013
HILIC_143.0338551_179.0739563,-0.9527352046101417,0.34667547546808186,0.9572455292742392,-0.2358286111781375,1014
HILIC_143.0394351_294.9262351,-0.6680779769725694,0.5080745413249679,0.9792480731462698,-0.2453526523088278,1015
HILIC_143.0416134_198.0292983,-0.7698103079855567,0.44611629217091964,0.9745894987688215,-0.6282881317743179,1016
HILIC_143.0702307_128.3158344,-0.9295972797673523,0.35837933458699467,0.9595831791951124,-0.2516835118718143,1017
HILIC_143.0702338_282.120734,0.6142562503108945,0.542663754693305,0.9844101439284977,0.17167732743950392,1018
HILIC_143.0728692_34.64541443,-1.8618036349946636,0.0702871186814612,0.6576596989194494,-0.4275729781902246,1019
HILIC_143.0814448_72.90806063,0.9331691559085111,0.3565558918080214,0.9588670540445742,0.2828467264174735,1020
HILIC_143.0895488_38.25748736,0.3395089941445492,0.7360738466249466,1,0.29196805408541887,1021
HILIC_143.1065673_28.13911374,-0.7795161996885864,0.4404475820569346,0.9745894987688215,-0.3490890407841376,1022
HILIC_143.1066112_154.0182867,-0.8354421313829962,0.4086303078532204,0.9676316311691489,-0.17881039455912212,1023
HILIC_143.1066174_273.5743428,-0.3854734663780323,0.7020110698204076,0.9999159889500627,-0.11268851931600761,1024
HILIC_143.1178237_288.627191,1.6655406583924623,0.1039333271658432,0.723414405040139,0.4703147802140504,1025
HILIC_143.1178609_43.01054045,-0.18427931428624914,0.854762826726501,1,-0.054716630908898514,1026
HILIC_143.1542546_89.86232036,1.1767087648360464,0.24654526568400445,0.9005362363839727,0.4352933122297477,1027
HILIC_143.9522382_226.6314795,-0.3045333209815462,0.7623638358347222,1,-0.08505288454140779,1028
HILIC_143.95891_80.47750759,-1.2254967422246874,0.22784191663609554,0.8840833026918968,-0.8275617380540418,1029
HILIC_143.9589153_284.3643683,0.5794582880032559,0.565659843878946,0.9913379189285378,0.14450014557211863,1030
HILIC_143.9669034_290.0705177,-2.4594124017178838,0.01852377029318386,0.39485976106509685,-1.1331026559401587,1031
HILIC_143.9695698_124.1475433,0.201512836408145,0.8413599057174317,1,0.15839967977735586,1032
HILIC_143.9746177_290.7859096,-0.945565641400138,0.35027472344523813,0.9578247927857968,-0.3905964370355136,1033
HILIC_143.9808017_275.26174,0.44251863847630724,0.6605933766512456,0.9968021749030789,0.07617356009422553,1034
HILIC_143.9808362_73.73683518,-0.7760001010500037,0.44249617881214187,0.9745894987688215,-0.24488017343417243,1035
HILIC_143.9967701_273.7906983,0.3779076288298531,0.7075774856726508,0.9999159889500627,0.2682253733137633,1036
HILIC_143.9991085_257.7629922,-0.1862877864610969,0.8531984647355482,1,-0.21239693793691763,1037
HILIC_144.0112406_285.7880762,0.6832335126673367,0.4985558633871352,0.9781047779839798,0.23540366828357517,1038
HILIC_144.0371904_293.3409411,-0.35325776705994694,0.7258246950697258,1,-0.060232380648471286,1039
HILIC_144.0372105_168.7160445,0.30412008307594357,0.7626762333139879,1,0.06930233325890904,1040
HILIC_144.0437125_123.046082,0.10677271157885329,0.9155244566447803,1,0.06553063830626374,1041
HILIC_144.0655274_51.68372273,-0.06866650240000773,0.9456109436224258,1,-0.024774218906002184,1042
HILIC_144.0763233_35.99527547,0.3117759168831855,0.7568951915268748,1,0.1196337680450787,1043
HILIC_144.0807296_34.92305234,-1.3873945784178843,0.1733108596980789,0.8336083138182638,-0.2841493908232059,1044
HILIC_144.0846655_287.1220488,1.8930040792770493,0.06590201838661155,0.6422585042516548,0.5611938393692145,1045
HILIC_144.0952652_54.05636489,0.45162107617388225,0.6540792202389268,0.9965858111391217,0.36134885717471565,1046
HILIC_144.101872_53.56149544,0.050009280005807934,0.9603738806393844,1,0.03388642727318321,1047
HILIC_144.1087359_54.13194892,0.41526874212321124,0.6802534510219127,0.9999159889500627,0.39411958227779,1048
HILIC_144.1210228_47.10730544,0.5800146425347007,0.565288382574298,0.9911473761431051,0.30894481593977435,1049
HILIC_144.1382123_289.2585002,1.4574369140796215,0.15311527166096645,0.8081848757553501,0.4790910731713848,1050
HILIC_144.1382517_162.526109,1.154199948331193,0.25554183762571797,0.9079932673140159,0.2936457374276725,1051
HILIC_144.9820376_161.2161775,2.579750929882017,0.013829235158593937,0.3378806910443402,0.7324913204249763,1052
HILIC_144.9820796_22.78915634,-0.23116448582843252,0.8184127416204466,1,-0.05022354619844199,1053
HILIC_144.9874274_48.46573471,-2.45597341739462,0.018677091696232724,0.3960839274030345,-1.405619478324774,1054
HILIC_145.0092876_165.499532,-1.417096718790918,0.16450697941423367,0.8264805393660412,-0.7150358920438401,1055
HILIC_145.0317373_38.29344927,-3.6944601227480566e-15,0.9999999999999971,1,-3.415705116642939e-16,1056
HILIC_145.0351173_294.8144205,-0.671112773625809,0.5061605839020791,0.9781047779839798,-0.22242990072074476,1057
HILIC_145.0437114_223.0739066,-0.8630365617317696,0.39346881653672083,0.9669701703160376,-0.41397308570853464,1058
HILIC_145.0494912_57.32133495,1.0356706555027493,0.3068257303626824,0.9414175050708642,0.34346759453196857,1059
HILIC_145.055073_80.4996226,-0.6779425440948099,0.5018677059467611,0.9781047779839798,-0.4193645220243198,1060
HILIC_145.060617_272.2052155,0.08721793298968235,0.9309509315639191,1,0.043557132429119766,1061
HILIC_145.064703_24.84229721,-0.3075070758489344,0.760116941434539,1,-0.14410591884945834,1062
HILIC_145.0679426_287.13814,-0.4789123651055401,0.6347133814952434,0.9949458414777762,-0.11218672405676833,1063
HILIC_145.0691269_174.0201395,-0.3067731856585686,0.7606712557535021,1,-0.08971589347584247,1064
HILIC_145.0840776_36.08754845,-1.2898117489877456,0.20482018103734656,0.8653322846082105,-0.352360572879109,1065
HILIC_145.091476_75.64956918,1.5821740271561304,0.12180181942389168,0.7602330485297332,0.9869467675981206,1066
HILIC_145.0971028_78.48302618,0.0409420924307052,0.9675539225438656,1,0.012547530074808869,1067
HILIC_145.0997847_43.11835624,1.0550858400898344,0.2979708777417576,0.9388638086478203,0.8819014505345804,1068
HILIC_145.1010345_287.8637814,-0.21340493995223295,0.8321386667677035,1,-0.08029320647178845,1069
HILIC_145.1051649_53.76771346,0.040553447448574184,0.9678617446342836,1,0.02826604353949172,1070
HILIC_145.10785_53.70165326,1.2142685235763293,0.23205053684399451,0.8879258919320564,0.8750319104821395,1071
HILIC_145.1334146_285.0314834,-0.6785727027416177,0.5014726288961573,0.9781047779839798,-0.20439813591586073,1072
HILIC_145.1334972_38.72523002,0.9369183641014431,0.35464846951009843,0.9588670540445742,0.5448122912469444,1073
HILIC_145.5001213_123.9292824,-0.4303998289784702,0.6693077783456094,0.9991948003111643,-0.4377320195764185,1074
HILIC_145.9199462_181.0257273,-0.655708264718422,0.5159164122377466,0.9824083431236167,-0.3368685317479634,1075
HILIC_145.9543313_282.8055503,1.080435705790346,0.2866787323139725,0.9295944216943315,0.29705155770751335,1076
HILIC_145.9642991_280.3309625,-0.08958478316523277,0.9290822023189593,1,-0.02544143280661773,1077
HILIC_145.98041_280.433601,0.3117776223210492,0.7568939052834718,1,0.08259171384037883,1078
HILIC_145.9853801_252.1041801,-1.306555451722526,0.19912515280930915,0.860060322352524,-0.5387364768985499,1079
HILIC_145.985424_20.13634438,-0.3055065370722174,0.7616282679632581,1,-0.0612404798010171,1080
HILIC_145.9927802_225.4002877,0.860894759763143,0.39463278670507296,0.9669701703160376,0.25391760130159874,1081
HILIC_145.9984887_123.2567717,0.03475548444945255,0.9724545238438015,1,0.02500985920244557,1082
HILIC_146.0010195_225.4153058,0.6954961700636363,0.4909267960877469,0.9781047779839798,0.2546733762784125,1083
HILIC_146.0287461_275.1069514,0.8579999047596544,0.3962094425806294,0.9669701703160376,0.4453006733086543,1084
HILIC_146.0446601_83.04209703,0.9614975425427258,0.34230997569334276,0.9550137755006265,0.4246865592199504,1085
HILIC_146.0527787_290.6644364,1.5211682308043664,0.13639961957968172,0.7769535981134155,0.4796533054419299,1086
HILIC_146.0599979_36.27113593,-1.7942611710320642,0.0806374116710396,0.6939617698381066,-0.3376271340780139,1087
HILIC_146.077066_52.89446597,1.1804477846146206,0.24507342396846504,0.8999626234969405,0.9403354140611659,1088
HILIC_146.0782453_190.5404701,0.8846078463618577,0.3818666306961903,0.9638726330536317,1.0440547615330715,1089
HILIC_146.0810977_59.68496581,0.4393677515354206,0.662854583480359,0.9976640367960946,0.2034796036246689,1090
HILIC_146.0844997_52.4583071,1.1197939688232705,0.26974788958837714,0.9185780391297615,0.7144639480631831,1091
HILIC_146.0922821_49.33556387,1.165369589037499,0.25104819921920274,0.9053010394091442,0.8842525484357356,1092
HILIC_146.106027_53.66119256,0.5800369074218243,0.5652735195103927,0.9911473761431051,0.48308681412347754,1093
HILIC_146.1084824_53.70780134,0.513914654268844,0.6102526669267536,0.9928201179984223,0.48928318861274456,1094
HILIC_146.1175138_40.1583111,0.4973826296822732,0.6217517523972254,0.9947980550876518,0.18983046977434567,1095
HILIC_146.165139_268.973383,1.0229344921180625,0.31273190239470666,0.9421850854569164,0.5462611292667547,1096
HILIC_146.4994697_235.3495472,-0.36682197781331066,0.7157628826408398,1,-0.18916733666278207,1097
HILIC_146.9576055_188.6683366,-0.08256687954923567,0.9346242797807137,1,-0.04754941121324251,1098
HILIC_146.9612472_292.1407092,0.19117528264078662,0.8493942023927453,1,0.057769303414027987,1099
HILIC_146.9749551_222.1017984,0.03333748671968922,0.973577922458285,1,0.016076939609765493,1100
HILIC_146.9802163_159.1275382,0.8264380124839106,0.41365478852559123,0.9702967640516138,0.2839741509833185,1101
HILIC_146.9802628_21.8231761,-0.5452785322664038,0.5887113275380615,0.9913379189285378,-0.11675931637216878,1102
HILIC_147.0005063_156.7500322,-0.7781864606503616,0.4412216671058423,0.9745894987688215,-0.7340021438786801,1103
HILIC_147.0027965_59.24684962,-0.8007629441075473,0.4281893427152397,0.9742203846590763,-0.49816925965971515,1104
HILIC_147.0221885_62.44975662,0.14336052759284695,0.8867541474942484,1,0.05775823266900338,1105
HILIC_147.0303251_32.59441973,-0.3042331923277076,0.7625907215635099,1,-0.26585541573340316,1106
HILIC_147.0305124_168.5330668,1.7170092316667949,0.09402384941144896,0.7121317722762723,0.7596081598430826,1107
HILIC_147.0439784_45.66646506,-0.04585091696773908,0.9636663891720062,1,-0.009662420725757237,1108
HILIC_147.0473727_33.76720339,0.815146908010883,0.420008907184904,0.9716822081080376,0.44554425482085014,1109
HILIC_147.0552153_174.4750721,-1.2847568138775174,0.20656348613372988,0.8673174277697767,-0.37242847566092524,1110
HILIC_147.0552531_292.2067585,-0.05581228717986305,0.9557803626777235,1,-0.01738824927522137,1111
HILIC_147.064174_278.499089,1.3431967533827414,0.18708312294434762,0.8482920952248585,0.8884999189853948,1112
HILIC_147.0710294_71.88569457,0.8747103207916442,0.3871627306129576,0.9661464710102153,0.38502147900091244,1113
HILIC_147.0763536_72.53174753,-0.08618613088631728,0.9317657078645867,1,-0.023444143023718847,1114
HILIC_147.0795417_57.94809814,0.11270537937842981,0.9108505137449031,1,0.02584793060331754,1115
HILIC_147.0803246_286.8866428,1.8962346977454063,0.06546164486293811,0.6415887934966203,0.3763337745012563,1116
HILIC_147.0841585_58.0843462,0.4484135429785876,0.6563716004487155,0.9965858111391217,0.20152310789480266,1117
HILIC_147.084379_292.7045314,1.429654131690708,0.16089181304208658,0.8218381018016443,0.5758315515215126,1118
HILIC_147.0870362_57.24685916,-0.8937774171814533,0.3770014783345872,0.9637531830220828,-0.6934545301893998,1119
HILIC_147.0915656_287.4742439,1.2519440691991488,0.21815270616764296,0.8743686367820893,0.8760202006428708,1120
HILIC_147.1015344_290.2495974,0.7394931165425626,0.46409870673334896,0.977038339924947,0.2167236241142852,1121
HILIC_147.1015762_155.611297,1.0423436168173372,0.30376211009351467,0.9402374180413365,0.23626901147928217,1122
HILIC_147.1092188_118.2227154,1.2830714693252387,0.20714719628400052,0.8678275884790382,1.1751130776324015,1123
HILIC_147.112802_100.7809244,-0.7438628538497154,0.4614812234933221,0.9756152843481324,-0.2743726285655049,1124
HILIC_147.1162173_117.9847316,-1.0838513161280912,0.28518050132168254,0.9295944216943315,-0.39503440967107234,1125
HILIC_147.1166714_277.1732517,1.278580369807455,0.20870873840456405,0.8683661493536527,0.24749127800152196,1126
HILIC_147.1167643_22.23111029,0.3433939829803369,0.7331726976589936,1,0.15987316207526545,1127
HILIC_147.1208444_46.17762118,0.3835460888736301,0.7034275380222393,0.9999159889500627,0.14965205040129492,1128
HILIC_147.5073008_182.5402247,0.12727490129078498,0.899386123965886,1,0.08669105190789346,1129
HILIC_147.999344_201.8474317,-0.9227742249169362,0.361879417688006,0.9621959289015692,-0.47367823196820025,1130
HILIC_148.0037663_53.53386235,-0.7839688949880017,0.4378614211733435,0.9745124110909839,-0.2996687104115241,1131
HILIC_148.0184561_293.4186744,-0.9058069402211583,0.3706794402239375,0.9637531830220828,-0.4216809105289449,1132
HILIC_148.0344558_58.904302,0.19040963336732797,0.8499899196996902,1,0.10087920290299708,1133
HILIC_148.0391923_21.08025543,0.4482621242947068,0.656479900708081,0.9965858111391217,0.08866702117429247,1134
HILIC_148.0392319_294.1484148,0.011825517586443098,0.9906259684648346,1,0.0037513863958056667,1135
HILIC_148.039237_133.7037918,-2.8597069864519122,0.006817244313978282,0.2462043866036754,-0.8072428120113018,1136
HILIC_148.042637_41.87906599,-2.4914184111733895,0.01715079408702049,0.3785642861047552,-0.7464311762496032,1137
HILIC_148.047317_45.33077535,0.21728137848432896,0.8291379575538846,1,0.05725633197231622,1138
HILIC_148.0603971_64.11642266,-1.3431459175763913,0.18709943411547642,0.8482920952248585,-0.45832740518381687,1139
HILIC_148.0637995_65.90461914,-1.3080736987665582,0.19861475737928672,0.8593515168411124,-1.2991261282778765,1140
HILIC_148.0684238_51.43316235,-2.639016728731197,0.011943275379820404,0.31747691407272177,-1.588783678284626,1141
HILIC_148.0740831_59.15108899,-0.03389737705998968,0.9731343466807794,1,-0.00927958584267617,1142
HILIC_148.075633_285.500916,2.381958346878093,0.022269024963051987,0.4244273204202801,0.6559631718432147,1143
HILIC_148.0793473_65.21919196,-0.18930469745283912,0.8508497775604065,1,-0.049215601719250324,1144
HILIC_148.0823674_71.60848418,-0.060315724336126725,0.9522165959800584,1,-0.01651168100399521,1145
HILIC_148.0855427_51.59086378,1.140768364524351,0.2610220578035005,0.9127047852338184,0.7691047632580182,1146
HILIC_148.0868172_286.9664458,1.318969008660251,0.19498116436156773,0.8534840044915657,1.3902279798597346,1147
HILIC_148.0927554_46.33447001,-0.9660239952387427,0.3400692170745946,0.954346097572737,-0.6512117197838971,1148
HILIC_148.0967579_41.1165299,-0.16068098697298752,0.8731859140494604,1,-0.07377458967636669,1149
HILIC_148.1002151_45.98011509,0.39494961100383036,0.6950625856440392,0.9999159889500627,0.28955883025580625,1150
HILIC_148.1097537_119.4460387,1.207935732133006,0.23444938551638897,0.8884134042888568,0.4996785933800259,1151
HILIC_148.1118043_24.17552899,-1.4110446773618068,0.1662718677980364,0.8274419139233609,-0.7683252782524894,1152
HILIC_148.1161149_113.0575637,1.1668283473564356,0.2504655856746413,0.9051843501019633,0.4591885854639914,1153
HILIC_148.1187193_115.4394828,2.3585637628886267,0.023527922560139074,0.43556851625430787,1.3721637860307367,1154
HILIC_148.5172053_77.77416251,-1.0174764734260109,0.3152866363983735,0.9434080661828157,-0.7075494481287448,1155
HILIC_148.5321241_159.6261078,0.553550454607024,0.5830913723401195,0.9913379189285378,0.4486829941571236,1156
HILIC_148.8989587_223.3626583,-0.04607891270437204,0.9634858494952818,1,-0.009579064159454599,1157
HILIC_148.9351368_47.98674559,0.5076081352437181,0.6146276868997023,0.9931667617408494,0.10994833507344752,1158
HILIC_148.9434578_261.9246806,-1.4510994305647595,0.15486249618415776,0.8124985888763471,-0.8012046878331112,1159
HILIC_148.9768794_284.9114749,-0.2928444979123256,0.7712156341937885,1,-0.0772367141510243,1160
HILIC_148.9769167_106.8066033,0.23284286193830284,0.817118479681228,1,0.08988962725845293,1161
HILIC_148.9978987_189.0441451,-1.8205344167028776,0.07646750595032836,0.6817846302381718,-0.9246885667459491,1162
HILIC_149.0183981_57.41214272,1.3811298384261188,0.1752136992142308,0.8353891395009304,0.6815073624767034,1163
HILIC_149.0232729_24.42745867,-1.089669788281693,0.28264096353696433,0.9295944216943315,-0.33266309422166757,1164
HILIC_149.0266125_74.92174463,0.8263513676637851,0.4137033220548826,0.9702967640516138,0.4197573602616797,1165
HILIC_149.0447173_289.7303728,-1.757498304596953,0.08679297938470577,0.6962067550962847,-0.639746092621741,1166
HILIC_149.0456623_39.64606584,1.5340658711186577,0.13320160297443018,0.7724493089580874,1.2931428748302456,1167
HILIC_149.0540323_293.5975396,0.9067474459810055,0.3701880627120091,0.9637531830220828,0.18681867495094917,1168
HILIC_149.0554386_99.65121438,0.1421449964898803,0.8877076979981823,1,0.049025486771289435,1169
HILIC_149.0596606_33.99741666,0.8444005651694028,0.40366897551089675,0.9669701703160376,0.17475160706202875,1170
HILIC_149.0637298_65.52146921,-1.2794842288985808,0.20839375863912005,0.8683661493536527,-0.42510997642681064,1171
HILIC_149.0708779_136.4612558,-0.5594958273430601,0.57906820423011085,0.9913379189285378,-0.23015713702515617,1172
HILIC_149.0709126_294.819528,1.535037727265849,0.13296309153630878,0.7716476424216516,0.43514422581616163,1173
HILIC_149.0809676_71.38173499,0.031145914491552136,0.9753142863199775,1,0.008315999171398872,1174
HILIC_149.0937582_45.48800045,-0.652985735308045,0.5176511041545944,0.9824083431236167,-0.3871588183719685,1175
HILIC_149.0960188_22.86773547,-0.8292626741787765,0.4120744921014331,0.96978156031432206,-0.28270050408235914,1176
HILIC_149.0960958_278.3343643,0.16526165233438614,0.8696038815866947,1,0.04694837927446959,1177
HILIC_149.1001101_39.88401865,-0.29975164270263516,0.7659811128287615,1,-0.1407236536796926,1178
HILIC_149.1027799_47.49901193,-0.5476152259150514,0.5871211416178688,0.9913379189285378,-0.3072507302220436,1179
HILIC_149.1170341_120.7892459,1.4316033909940309,0.16033627385092095,0.8210178820723494,0.39600974057213917,1180
HILIC_149.1324045_21.97452991,0.37845909523998916,0.7071712012975369,0.9999159889500627,0.1400533170663587,1181
HILIC_149.1324158_143.5058412,0.03301372725649294,0.9738344263139003,1,0.011245232494742328,1182
HILIC_149.1324729_287.764782,-1.7993416450401745,0.07981642264479356,0.6911349530212022,-0.47168675223438117,1183
HILIC_149.4691665_180.2691419,0.3030142868432655,0.7635123850131632,1,0.2836246497423402,1184
HILIC_149.4777122_235.5841894,-1.4740308583844983,0.14861416693863613,0.8014900281899261,-1.0229570738754186,1185
HILIC_149.4825406_176.9580403,1.5339243034768322,0.1332363749882069,0.7724493089580874,0.8343458300823229,1186
HILIC_149.4995714_189.0861713,-0.5290958546385166,0.5997804157357123,0.9927179766037689,-0.28211827839620857,1187
HILIC_149.9773955_177.6496696,-1.9707288612779013,0.055985169522075245,0.6099355153895992,-0.8359832680787701,1188
HILIC_149.9774017_296.6859618,-1.044969615837096,0.3025622998007973,0.9397496500337139,-0.44657641087863914,1189
HILIC_149.9802671_152.2431797,0.3580419460874162,0.7222701064346047,1,0.16095672458288326,1190
HILIC_149.9878736_290.2979422,0.2709491373152947,0.7878794448250164,1,0.09179420686175,1191
HILIC_149.9926735_61.60500997,-0.5369490769744207,0.5943965082570328,0.9921034274533279,-0.22288966085012152,1192
HILIC_149.9958396_187.8598659,0.9313152096619403,0.35750157164552765,0.9588670540445742,0.4298991063171882,1193
HILIC_150.0012578_188.6973711,-0.16329755177644042,0.8711394517291757,1,-0.0819209202794739,1194
HILIC_150.0136599_68.05140067,0.1915494428141688,0.8491031176569562,1,0.09660465065551277,1195
HILIC_150.0266121_291.421688,-1.1662608229119413,0.25069213257042905,0.9053010394091442,-0.41234385648648,1196
HILIC_150.0266151_21.71730878,-1.2134749657851862,0.23235013878133964,0.8879258919320564,-0.43655400765608715,1197
HILIC_150.0266332_131.4150876,-1.0419118346101095,0.3039597040614579,0.9402374180413365,-0.2415327724689741,1198
HILIC_150.0423788_27.48634454,-1.1042677692986982,0.276339779266449,0.9227236778686373,-0.8278792718214059,1199
HILIC_150.0548937_282.6954461,1.416238659740839,0.16475630974747965,0.8267580857332197,0.30733239622582836,1200
HILIC_150.0549337_147.4817128,-0.9106564418955984,0.3681502743890356,0.9637531830220828,-0.26131067884748277,1201
HILIC_150.0582478_42.67261306,3.3684657495602344,0.0017290347462883438,0.12340373404031173,1.0210484266104456,1202
HILIC_150.0639182_48.13136096,1.3438525922891587,0.1868727884068254,0.84811141863714,0.39800522087659673,1203
HILIC_150.0661005_289.9939059,0.8068695950545695,0.4247046589736705,0.9724257019093233,0.3118926099982134,1204
HILIC_150.0742003_288.2337489,-0.6921098701355303,0.4930270057684356,0.9781047779839798,-0.4397500210073051,1205
HILIC_150.0763371_64.22994563,1.0384257288746475,0.3055582805044643,0.9402374180413365,0.34813136800307326,1206
HILIC_150.0855093_290.0316859,2.3047461040386477,0.026670717013463605,0.4579201795426374,0.9065720691655352,1207
HILIC_150.0912426_146.5397358,-0.6861537189636936,0.4967331669595292,0.9781047779839798,-0.23976925809274616,1208
HILIC_150.0913007_282.3169872,1.5616625669298623,0.12656152755704755,0.7653123933491982,0.3437397326905321,1209
HILIC_150.1013417_37.02456862,1.5333305986846286,0.1333822809983674,0.7729382642878465,0.48688787594652555,1210
HILIC_150.1124066_20.96805439,-0.556903059953912,0.5808210351317113,0.9913379189285378,-0.23015583835628428,1211
HILIC_150.4975248_188.3105383,-0.483223235238144,0.6316775663475032,0.9947980550876518,-0.29249835473103425,1212
HILIC_150.8959833_229.4189287,1.4409770015989833,0.1576858158044688,0.817448273034246,0.3460206592826112,1213
HILIC_150.9767688_52.42735826,-0.8504678925109469,0.40033017204199506,0.9669701703160376,-0.4801242270623304,1214
HILIC_151.0351615_266.4278879,-0.21457296989957853,0.8312342375015994,1,-0.0902062051073409,1215
HILIC_151.0477282_70.18405566,-0.5205408594612765,0.6056714139580601,0.9928201179984223,-0.1162991856500838,1216
HILIC_151.0500701_284.6310538,0.04125758341467121,0.9673040449863957,1,0.01749847907690432,1217
HILIC_151.0501328_19.64048646,0.002969947706049316,0.9976456838346546,1,0.0013674252476271098,1218
HILIC_151.0613011_276.0476399,0.24130124738169126,0.8106038424318401,1,0.07242857880382858,1219
HILIC_151.0615294_39.56521781,2.0916168843039973,0.043129062348463275,0.5457830881143292,0.5486200009367452,1220
HILIC_151.0695798_88.75356442,-1.3905941036173224,0.17234525455731523,0.8326851500809265,-0.5908632724534727,1221
HILIC_151.0696489_290.2423689,-0.9781857028967932,0.3340972357568506,0.9525712475027446,-0.29334032846883756,1222
HILIC_151.0753138_137.6915157,-1.2528086679450408,0.21784122722960905,0.8743686367820893,-0.25682708690634987,1223
HILIC_151.0864851_290.5538189,-1.2835167345172307,0.2069928602546767,0.8678275884790382,-0.39556138434132126,1224
HILIC_151.096337_261.1387003,2.607967673718766,0.012899598347014882,0.32677736535603386,1.3926693987604275,1225
HILIC_151.1117328_124.608666,-0.15276464132005002,0.8793827458434931,1,-0.05059142742069057,1226
HILIC_151.1440512_41.37256709,0.598596261212979,0.5529524737610727,0.985913444874186,0.35555873124609394,1227
HILIC_151.1480292_279.6743607,1.0021358368899265,0.32254326557493274,0.9503055005244969,0.3699147644583952,1228
HILIC_151.1480414_18.90215867,1.300512890784919,0.20116638074582618,0.8636226484729774,0.5850769140174223,1229
HILIC_151.9406591_283.4475637,0.5128331090075738,0.6110019457926508,0.9928201179984223,0.20615208928343018,1230
HILIC_151.9406878_89.08683431,-0.34490333081961466,0.7320466440496034,1,-0.3313418288329106,1231
HILIC_151.9496148_292.9516912,0.7253256814511124,0.4726438617954738,0.9781047779839798,0.3816390775719254,1232
HILIC_151.9745129_287.5375186,-1.2292387184275788,0.2264519619506407,0.8835412928192641,-0.4009714488873329,1233
HILIC_151.9789363_260.9004842,-0.887821370270691,0.38015707404728594,0.9638726330536317,-0.29159861742055243,1234
HILIC_151.9834137_187.9915645,-2.2068199671993765,0.03336816215745427,0.4996956656890978,-0.8221915717313155,1235
HILIC_152.010827_42.67385547,0.8922702441902016,0.37779840859554203,0.9637531830220828,0.5089393356797581,1236
HILIC_152.016415_288.8594885,-0.5285534886326559,0.6001530894867058,0.9927431364823915,-0.15673696876796797,1237
HILIC_152.0220344_37.43723985,-0.4343862730081975,0.6664360161039101,0.9980954332927549,-0.14441052023300865,1238
HILIC_152.0317322_70.09131344,-0.47006326434754364,0.6409651263992738,0.9955023063019077,-0.10112454948598455,1239
HILIC_152.037995_260.2346657,-0.13736166788839918,0.8914617141828376,1,-0.046134474638820595,1240
HILIC_152.0540722_42.61988208,1.622335442931966,0.11290382794270702,0.739049640408303,0.5156781468855409,1241
HILIC_152.0619604_284.7143889,0.17173219284858532,0.8645487395032765,1,0.04961465175252097,1242
HILIC_152.0625345_23.66238468,-0.38027702760690835,0.7058324820037631,0.9999159889500627,-0.22650276567166183,1243
HILIC_152.0657654_26.48154489,-0.26235520197712897,0.7944481629537361,1,-0.2184227705149424,1244
HILIC_152.0705541_33.57743117,1.2840503365897826,0.2068080195293338,0.8673174277697767,1.5483271549259694,1245
HILIC_152.0738403_60.38397522,0.9447675256818264,0.3506769104209635,0.9578247927857968,0.41717584564960786,1246
HILIC_152.081679_284.9499494,-0.19079078289463033,0.8496933532237068,1,-0.06519742366939033,1247
HILIC_152.1011993_293.4254988,-0.2781350584293476,0.78239892373628,1,-0.12706707803359424,1248
HILIC_152.1069001_19.99160384,2.431910185811333,0.019782585421032794,0.4041845899822696,0.8561217336357382,1249
HILIC_152.1069046_285.9439883,0.3268217034772411,0.7455752663729944,1,0.11562726460236876,1250
HILIC_152.4736797_164.955412,0.4362310341542294,0.6651087981707788,0.9978767801948073,0.3224582855958277,1251
HILIC_152.5134991_258.6254467,-0.09276304374342513,0.9265734711196087,1,-0.03534661955245926,1252
HILIC_152.5170903_189.5450911,-1.0150122348282102,0.3164447293056456,0.9446590868415949,-0.6415347765098315,1253
HILIC_152.5843201_110.8543513,-0.039353106518874664,0.9688124930134738,1,-0.03154469157674529,1254
HILIC_152.9868058_188.0520285,-0.6240952165783343,0.5362505759322671,0.9833164118236528,-0.22257972589561764,1255
HILIC_152.9912419_187.9902431,-2.4188996918797447,0.020404727625971324,0.41097214231283274,-1.0161917420405486,1256
HILIC_153.0053145_188.6462482,-0.9864872857370041,0.33006136236081285,0.9506069103298993,-0.9227561132635904,1257
HILIC_153.0109163_287.2586954,-0.419539918048095,0.6771564968109152,0.9996367449012522,-0.1143181989585767,1258
HILIC_153.0109218_109.3066004,0.1973195753147224,0.8446168698030104,1,0.06931974635349639,1259
HILIC_153.0178133_210.5583957,-0.41360915631817596,0.6814583049056109,0.9999159889500627,-0.17624349090858615,1260
HILIC_153.0190893_37.75012632,-0.73873134048972,0.4645558903014513,0.977038339924947,-0.48891603068633965,1261
HILIC_153.0254123_37.3336198,-0.453948139046362,0.6524182188331563,0.9965858111391217,-0.14748298283141328,1262
HILIC_153.0327438_244.8166942,-1.1305907054966058,0.2652305448815826,0.9153716740091526,-0.41560526064003134,1263
HILIC_153.0406583_38.5285517,-0.9444959293225881,0.35081384280415073,0.9578247927857968,-0.5100111914064259,1264
HILIC_153.0545797_147.4893249,1.6309840369111261,0.11105905070744732,0.736040478094709,0.3149983344088234,1265
HILIC_153.054607_277.5839165,2.6023806914993632,0.013078978362215424,0.3283500696051322,0.6480895784349778,1266
HILIC_153.0658179_31.71766586,-0.294716334159961,0.7697959973878723,1,-0.09995710636978733,1267
HILIC_153.0694236_31.44475624,-0.1506247955137027,0.8810591308748262,1,-0.06612263580083091,1268
HILIC_153.0738462_290.4160682,1.5124561515800148,0.1385944564705565,0.7820601419325246,0.9432051720055525,1269
HILIC_153.0739195_28.92269114,1.2105461549292442,0.23345835960866287,0.8879258919320564,1.5349629220640533,1270
HILIC_153.0772608_59.78571557,-0.4393679847184827,0.6628544160199945,0.9976640367960946,-0.1264544707745282,1271
HILIC_153.0909073_291.1380219,0.4355640830162926,0.6655885121942084,0.9978767801948073,0.11430205577126157,1272
HILIC_153.0909213_52.75217735,-0.30916624358423733,0.75886422838737,1,-0.07561596312253173,1273
HILIC_153.0909432_139.1554162,-0.3713764545909419,0.7123957813770021,1,-0.123949627812738,1274
HILIC_153.1021359_286.7934341,0.9734831034328443,0.33639805375935505,0.9539608391559061,0.43228949046561943,1275
HILIC_153.1273793_165.1463433,-0.7789461528858209,0.4407793259798931,0.9745894987688215,-0.29225159204443424,1276
HILIC_153.9367706_281.8418447,0.3959803604968625,0.6943083674861514,0.9999159889500627,0.334115369769543,1277
HILIC_153.9483888_292.5253405,-0.2602286726629846,0.7960759232513909,1,-0.14357787888360551,1278
HILIC_153.9589518_284.6146379,1.7655528138962637,0.08541160283382473,0.6959761542836904,0.667350559087905,1279
HILIC_153.9684966_163.9471995,-1.336344364751106,0.18929163631598633,0.8494063429089247,-1.2030565006577223,1280
HILIC_153.9755384_236.685658,0.42865331354406255,0.6705675250616796,0.9996367449012522,0.3576783555688707,1281
HILIC_153.9792424_189.0461446,-1.2127466534913238,0.23262535877014826,0.8879258919320564,-0.4786724887997739,1282
HILIC_153.9917331_69.14802005,0.5064545398604803,0.6154295209862837,0.9931667617408494,0.3103570630806527,1283
HILIC_153.9933041_282.3180534,1.0533364136102934,0.2987614067950917,0.9392158295577352,0.1283818672364379,1284
HILIC_153.9991271_188.5591956,-2.1312159430947317,0.03952215713867955,0.5337297233059277,-0.7940031025189029,1285
HILIC_154.0078429_232.2932788,-1.729195012662931,0.09179656148807673,0.7076252261066881,-1.2064535069235407,1286
HILIC_154.0160308_218.6090997,-0.03522254763082838,0.9720845086834786,1,-0.015940379607888067,1287
HILIC_154.0201542_37.31956373,-0.5276388718764448,0.600781792867207,0.9928144482048423,-0.17907756959197083,1288
HILIC_154.0433919_75.08374577,3.2259488434132892,0.0025652082135088064,0.14444236929829157,2.2061776595110705,1289
HILIC_154.0498075_33.08732789,-0.5859919168376605,0.5613052402931777,0.9899322889121577,-0.18827295384791187,1290
HILIC_154.059651_49.8945437,0.43441068490010554,0.6664184458076463,0.9980954332927549,0.18359879700816317,1291
HILIC_154.0610207_287.8944092,0.2665223433430564,0.7912611108493486,1,0.060354357320506515,1292
HILIC_154.0691471_289.0414844,0.3405342571117392,0.7353078405872552,1,0.10074542073605157,1293
HILIC_154.0691685_31.41037185,-0.3242012992492926,0.7475427469700815,1,-0.11041009018531889,1294
HILIC_154.0746104_30.57796691,1.0210658599720823,0.3136049530204108,0.9421850854569164,1.2959187260665421,1295
HILIC_154.0772761_29.4828772,0.29799416839402315,0.7673119579271496,1,0.26505327160342484,1296
HILIC_154.0837291_54.033139,-0.29657800270747675,0.7683848669237099,1,-0.185954233175717,1297
HILIC_154.086104_146.6981757,0.2279894287445972,0.8208625578887501,1,0.05814702367246471,1298
HILIC_154.0862581_283.4647208,0.8469981377725785,0.4022374347656553,0.9669701703160376,0.23556546195209097,1299
HILIC_154.1225239_290.3902077,-0.008254141036755015,0.9934569014309921,1,-0.005073034735524943,1300
HILIC_154.1306965_155.0898413,-0.6793920811568278,0.5009591768915367,0.9781047779839798,-0.25492410507009516,1301
HILIC_154.1307014_287.975136,1.9236553393993348,0.06182439948202702,0.6298711516618964,0.7002088410712067,1302
HILIC_154.5053821_124.9306037,-0.7455661033734405,0.46046329879094894,0.9755657681934743,-0.4171960014766485,1303
HILIC_154.5138606_122.7329005,-1.8034395730401402,0.07915936452834114,0.6908853426334663,-1.125076330084168,1304
HILIC_154.9073463_294.5286937,-0.3122040102315922,0.7565723449521132,1,-0.09946094185219398,1305
HILIC_154.9416857_258.8066177,0.35932059842209807,0.7213211333629488,1,0.1608933468938795,1306
HILIC_154.9679411_290.5190499,-1.0819538922623277,0.28601211084871936,0.9295944216943315,-0.9583052510144938,1307
HILIC_154.9690848_164.6471214,-0.42635763228668594,0.6722248453281596,0.9996367449012522,-0.13281645488120625,1308
HILIC_154.9825677_189.3195982,-0.5821194096747045,0.5638841959422413,0.990786345850868,-0.33824416248056904,1309
HILIC_154.9901658_275.4607681,-0.9307423673573636,0.35779410451615035,0.9588670540445742,-0.3891474804727041,1310
HILIC_155.0024033_189.8696743,-0.44657357266784053,0.6576881233789125,0.9965858111391217,-0.21224531139885494,1311
HILIC_155.0127777_196.7021753,0.5991441585604408,0.5525908292707151,0.9858134543858914,0.33243568210886126,1312
HILIC_155.0426358_75.19693904,2.344248406585067,0.024329557846999406,0.44186977315186204,1.2102145481038968,1313
HILIC_155.0450211_282.3416225,-2.4054117975655536,0.02106837095500241,0.4141280600040436,-0.9347668685653415,1314
HILIC_155.045724_42.49401369,-1.6525219840009557,0.1065722427441069,0.7273023169026583,-0.9465709961850417,1315
HILIC_155.0532237_32.48751467,1.3298336468148044,0.1914084814497055,0.8507713974810356,0.6783019073872381,1316
HILIC_155.0619809_61.52045429,0.03870629950001172,0.9693248255921344,1,0.024256673645223402,1317
HILIC_155.0689642_39.82232116,0.1502635791296967,0.881342167700656,1,0.052982475155100295,1318
HILIC_155.0702439_144.5955498,0.5384669441825546,0.5933585622692583,0.9921034274533279,0.09227286927093764,1319
HILIC_155.0750575_42.52721176,-0.16555507763937802,0.8693745199808746,1,-0.03491895120421793,1320
HILIC_155.0790486_75.75266226,0.45360008021049947,0.6526665411939951,0.9965858111391217,0.32219823984970275,1321
HILIC_155.0814406_295.8384074,-0.39131520251785346,0.6977244478946214,0.9999159889500627,-0.08233337285206879,1322
HILIC_155.0814645_58.13539246,-0.2130985968159339,0.8323759127646292,1,-0.08440770086804955,1323
HILIC_155.0815111_158.7691814,-0.04664844745214341,0.963034868798816,1,-0.009832226149747646,1324
HILIC_155.0909812_290.7330296,1.9577702731820188,0.0575430092966362,0.6133199145431344,0.621386836572345,1325
HILIC_155.10669_154.5381161,-0.01756788562926697,0.9860744225593844,1,-0.005070784305656495,1326
HILIC_155.1178331_25.16700165,0.8393394780973247,0.40646726939457833,0.967515273058913,0.5017506308715108,1327
HILIC_155.1429742_287.8358508,1.8124640778729564,0.07772849119703097,0.6867911117577934,0.5359307008275368,1328
HILIC_155.9742149_103.5051891,-1.2441543066135783,0.220974045931903,0.8784165641675598,-0.4679699233376296,1329
HILIC_155.9744528_289.4865531,-0.4791359353798264,0.6345557803967765,0.9947980550876518,-0.13197330148822473,1330
HILIC_155.9968884_191.0209196,0.8257322568903241,0.41405021484705684,0.9702967640516138,0.4783280405608829,1331
HILIC_156.0010194_201.3869476,-0.26221322682723247,0.7945568095056198,1,-0.14924100958003284,1332
HILIC_156.0098283_217.1786261,0.08474804004541632,0.9329014392894986,1,0.11672010184658173,1333
HILIC_156.0113403_31.71803888,0.18331078552739727,0.8555174084836187,1,0.0814622702359236,1334
HILIC_156.0420687_55.86583128,-0.5870144410016119,0.5606252656386239,0.989922708511375,-0.2870743469345894,1335
HILIC_156.0654396_294.8395763,-0.3945833843929425,0.6953306359111744,0.9999159889500627,-0.09242745251454809,1336
HILIC_156.0661441_110.6965053,1.420138074266065,0.1636256163297965,0.825749576788019,0.5298655052512143,1337
HILIC_156.0723225_42.36104655,-0.3904246230381816,0.6983773053009426,0.9999159889500627,-0.07484426540593261,1338
HILIC_156.0729407_97.03815175,-0.2689835985730685,0.7893804281238467,1,-0.06607955239256619,1339
HILIC_156.0767411_97.64622637,0.4444591129726582,0.6592024109612176,0.9966384251949502,0.10758273951596271,1340
HILIC_156.083046_100.2660354,0.9504244046243124,0.3478328563523868,0.9574386235069654,0.4232929573923234,1341
HILIC_156.08982_100.4841052,0.81823974331304306,0.4182624974737893,0.9715960129104287,0.5404414780668787,1342
HILIC_156.1018503_286.1264278,1.396347937903785,0.17061929897975275,0.8323231239234016,0.30284382662798415,1343
HILIC_156.1381905_24.93832554,-0.41965850752876643,0.6770705902526774,0.9996367449012522,-0.09141147211373905,1344
HILIC_156.5125953_208.1679284,-0.12792249689478163,0.8988770347785207,1,-0.07651098608113699,1345
HILIC_156.8451876_41.61389162,-0.9788611622803411,0.33376762526346326,0.9523228101868886,-0.1838646367571173,1346
HILIC_156.9658737_294.0116049,0.132777129031256,0.895062093575314,1,0.1092005931398966,1347
HILIC_156.9748098_128.2560349,-0.9859040749360921,0.33034381862383544,0.9506069103298993,-0.5249008210032183,1348
HILIC_156.9839594_290.9684761,-0.253113105730064,0.8015292325320444,1,-0.1961666636203864,1349
HILIC_156.9871536_55.36856664,-1.6617995371007184,0.10468607888762528,0.7264215103023821,-1.0171163413704742,1350
HILIC_156.9905576_284.6887564,0.43564611775486056,0.6655294998716255,0.9978767801948073,0.05704675980412186,1351
HILIC_157.008119_123.9344053,0.05634625437897263,0.9553577616230204,1,0.04104312493498696,1352
HILIC_157.0454357_56.02658268,-1.086340090049137,0.2840922914507491,0.9295944216943315,-0.506505932287094,1353
HILIC_157.0494182_287.3880509,0.8137742242024949,0.4207854358823703,0.9716822081080376,0.2467788488507718,1354
HILIC_157.0606346_286.8682159,1.479423088027081,0.1471743406050869,0.7990057780504991,0.4744207349502562,1355
HILIC_157.0606588_163.8670089,0.2232060162654032,0.8245567763759244,1,0.07188325439968632,1356
HILIC_157.073737_97.35248228,0.4855700973576615,0.6300275569641063,0.9947980550876518,0.12456427671998603,1357
HILIC_157.0760023_35.08240244,-2.669741234556733,0.011061635435857656,0.3048741977146031,-1.4576155633792036,1358
HILIC_157.0800549_97.53477372,0.29787777796614673,0.7674001196630351,1,0.07954734412441587,1359
HILIC_157.083264_69.74228097,-2.229754982664068,0.0316776875033366,0.493246874061832,-0.6995825278970426,1360
HILIC_157.0852992_281.5785101,0.7287289917272426,0.47058295739528355,0.9781047779839798,0.17637753108423115,1361
HILIC_157.0970543_111.7607161,1.5402271083508992,0.13169533236138078,0.7699545183289296,0.6975849658774871,1362
HILIC_157.0970827_290.4776052,-1.0369536358925642,0.30623505564527737,0.940557717338672,-0.4206333776979235,1363
HILIC_157.1082577_102.3311568,1.57235891284935,0.12406097186445517,0.7633864733503855,0.6290269180539141,1364
HILIC_157.1222773_138.3321051,-0.9055566158422806,0.3708102958226196,0.9637531830220828,-0.2631577196556971,1365
HILIC_157.1223058_293.3311157,0.45338510958056827,0.6528199318469685,0.9965858111391217,0.13677824242638903,1366
HILIC_157.1334248_285.3380916,0.20604846994970635,0.83784019211826255,1,0.09182248596011414,1367
HILIC_157.1335084_164.3176089,0.47778133981401544,0.6355109373176353,0.9953585489094753,0.15246502630432057,1368
HILIC_157.1415131_25.16941744,0.3703554074228848,0.7131501325570845,1,0.2157066046185746,1369
HILIC_157.5064979_124.8027057,0.867133572374178,0.39124830957610357,0.9669701703160376,0.5859703554920853,1370
HILIC_157.5453527_123.69734,0.7863598380033506,0.4364764966818231,0.9745124110909839,0.18015010847219576,1371
HILIC_157.9884305_286.8995448,0.11592837015799462,0.9083126725312061,1,0.046178777123604964,1372
HILIC_157.9939259_283.26349,0.252276780855556,0.8021708511258937,1,0.07055614729668237,1373
HILIC_158.0027903_294.0887987,-1.2434433874893025,0.22123287842896577,0.8787783868821877,-0.3446373774336991,1374
HILIC_158.0124696_235.346249,0.6396946760302107,0.5261644966820291,0.9824083431236167,0.20337376047301176,1375
HILIC_158.0148347_153.6271727,-0.12514074514993795,0.9010641346150756,1,-0.12389823117010805,1376
HILIC_158.0214401_35.32541597,-0.6639213797090954,0.5107023771279077,0.9804752311768129,-0.4790428673368168,1377
HILIC_158.0269934_35.03749335,0.6437785550837645,0.5235407337912994,0.9824083431236167,0.31741570010976583,1378
HILIC_158.046228_57.54799286,1.3737435027968468,0.17747797680084668,0.840319172857535,0.5920321393771402,1379
HILIC_158.0559534_64.54493333,1.7030669448441087,0.09662724193493283,0.7156821211965979,1.0153557571250196,1380
HILIC_158.0599153_289.809518,-0.037461153167467766,0.9703111365848393,1,-0.017508885520998323,1381
HILIC_158.0641047_64.59261579,-2.504030120772888,0.01663574717481641,0.3744234786767418,-1.1451029182615347,1382
HILIC_158.0678933_42.83909829,0.059361321249292096,0.9529717764381682,1,0.011180093269810875,1383
HILIC_158.0771613_105.518923,-0.3831316052973811,0.7037322903100178,0.9999159889500627,-0.1778241993644276,1384
HILIC_158.0809693_106.7317643,-0.34710123778452795,0.7304079613967679,1,-0.10515995084823879,1385
HILIC_158.0810609_291.0190625,0.16399768495670006,0.8705920164252591,1,0.03451526434040108,1386
HILIC_158.0833708_97.34037389,0.6793172247872831,0.5010060725652332,0.9781047779839798,0.8279727604631993,1387
HILIC_158.0838277_31.89751679,-0.23142996061307167,0.8182079892045027,1,-0.16120411492373424,1388
HILIC_158.0963379_149.4763794,-0.30664243823802845,0.7607700239521936,1,-0.0864169863055584,1389
HILIC_158.0963935_293.5574522,1.568233753432097,0.12502055119310548,0.7639334341671284,0.48123478938021963,1390
HILIC_158.1131048_30.64140154,-1.7346610865355432,0.09081189323814201,0.7037096670650068,-1.284695109343727,1391
HILIC_158.1175219_37.31234849,-2.6755168950055723,0.010902764396089698,0.3034288370223858,-1.4735931604879642,1392
HILIC_158.1218599_30.458309,-1.7547740496128132,0.08726442099203405,0.6965941799907964,-1.765690848677301,1393
HILIC_158.1538133_162.4600212,1.348945721913959,0.18524554223662232,0.8467345678477594,0.44412109755670276,1394
HILIC_158.4829572_216.8116726,-1.055539891079636,0.29776593926116474,0.9388638086478203,-0.36954831556979795,1395
HILIC_158.4878608_174.1609028,-1.8334186954574685,0.07449029412223529,0.6747716156497422,-0.9173296651909748,1396
HILIC_158.8431962_41.81742774,-0.9398338931118695,0.3531698214604677,0.9588670540445742,-0.16984923743410824,1397
HILIC_158.9278059_251.2876396,0.8877153558441234,0.3802133943756506,0.9638726330536317,0.5262587812379924,1398
HILIC_158.9613117_289.6035592,0.25394674084124136,0.8008898159284991,1,0.06920020801154748,1399
HILIC_158.9630462_53.9743029,-0.5535541071824004,0.5830888965283383,0.9913379189285378,-0.19088395890349458,1400
HILIC_158.9679085_59.02998576,0.31284125252972783,0.7560918505108818,1,0.16094894797442247,1401
HILIC_158.9721652_279.6889509,1.9707750137136326,0.05597968709749233,0.6099355153895992,0.6032290714952244,1402
HILIC_158.9859951_283.6338471,1.1063290926750278,0.27545809617183936,0.9227236778686373,0.15258495673196584,1403
HILIC_159.0169456_265.9284035,0.19380462014234648,0.847349115573947,1,0.05661182920460379,1404
HILIC_159.0277465_36.61173252,-0.015377635388749533,0.9878104229930296,1,-0.008610382306829756,1405
HILIC_159.0286749_291.0381077,1.0847760788817358,0.28477580964954297,0.9295944216943315,0.3332491346068709,1406
HILIC_159.0438557_34.72820517,-0.9156566680762022,0.36555422140553084,0.9637531830220828,-0.41015729965922965,1407
HILIC_159.0650625_289.6045634,-0.7318889499902955,0.4686740420405653,0.9777549229263227,-0.3786068767601073,1408
HILIC_159.0716558_76.16485352,-0.08355542121975876,0.9338434171439851,1,-0.04539190281723403,1409
HILIC_159.0763947_77.15696048,0.6807237179603446,0.5001253434122668,0.9781047779839798,0.18510353780315672,1410
HILIC_159.0802798_75.82116173,0.573152754743031,0.5698783566098471,0.9913379189285378,0.2172680758233825,1411
HILIC_159.0833194_289.2915549,0.7811433439285413,0.4395014696832684,0.9745124110909839,0.34549606985889025,1412
HILIC_159.0916531_33.80726179,-1.8507610231124028,0.07189763134079406,0.666637835732572,-0.699564864821272,1413
HILIC_159.0957607_101.099713,1.4103708321770327,0.16646928585697257,0.8274419139233609,1.2959156577296898,1414
HILIC_159.1127638_107.0552968,-0.5132612846115074,0.610705261253639,0.9928201179984223,-0.19713762896731912,1415
HILIC_159.1146773_28.66660363,-0.6497125733818362,0.5197407839851685,0.9824083431236167,-0.3894243018474345,1416
HILIC_159.1166935_286.3925013,1.8810143345155854,0.06755861769263728,0.6493544748295632,0.7568285733659021,1417
HILIC_159.1167178_22.852772,-0.8031901037620779,0.42680224794133315,0.97349571258361145,-0.2732273155338482,1418
HILIC_159.1208617_33.10887978,-2.2399120606191856,0.03095373222812253,0.4882619706104048,-1.2158222565346406,1419
HILIC_159.1236667_31.78358979,-1.4354337110801558,0.15924902309662783,0.8193248359762065,-0.9904028575358829,1420
HILIC_159.1491235_282.1645804,0.6885755300443213,0.49522435723058544,0.9781047779839798,0.24084145412669758,1421
HILIC_159.1491516_32.78007436,0.3489147787141664,0.7290568107388506,1,0.45708631743867983,1422
HILIC_159.1572056_277.8843729,0.6515257951818745,0.5185826129430682,0.9824083431236167,0.31565676915419133,1423
HILIC_159.537781_125.6312706,-0.8471350430639648,0.4021620731719928,0.9669701703160376,-0.5722463572249826,1424
HILIC_159.9645679_291.9763339,-0.7863013632030195,0.4365103361698519,0.9745124110909839,-0.551480980162657,1425
HILIC_159.9674792_58.85590361,-1.0838059836503775,0.2852003499612203,0.9295944216943315,-0.32460326598423184,1426
HILIC_160.0122442_154.4072753,-0.405510925734733,0.6873496654544935,0.9999159889500627,-0.14300950590858627,1427
HILIC_160.0177674_161.7331985,0.3800335236046104,0.7060117427674257,0.9999159889500627,0.1589557822307568,1428
HILIC_160.0251794_77.34553969,-0.8254370146369393,0.4142157044540469,0.9702967640516138,-0.43856721086408257,1429
HILIC_160.0344163_56.7801751,-0.7838052464569074,0.4379563085620689,0.9745124110909839,-0.3666357567199684,1430
HILIC_160.042621_37.56904677,-1.3525564744835983,0.18409852738803778,0.8464654624459718,-1.4787799346126909,1431
HILIC_160.0745897_53.6735057,-0.5180431533740326,0.6073964089100059,0.9928201179984223,-0.2086725870546857,1432
HILIC_160.0756041_280.0362317,1.2337251393481632,0.22479378407775394,0.8805614407583051,0.25262447948481587,1433
HILIC_160.0797026_78.79370575,1.1375708515256444,0.2623390359464054,0.9131550993531528,0.30077603946656006,1434
HILIC_160.0868556_25.50275172,-0.11280371440183443,0.9107730688472099,1,-0.06346145319185606,1435
HILIC_160.0949978_30.93610793,-0.7827546863326277,0.438565741512862,0.9745124110909839,-0.43329708251309046,1436
HILIC_160.0967667_50.00347597,0.3786360612556762,0.7070408426771146,0.9999159889500627,0.1769161983912384,1437
HILIC_160.108026_35.7273892,1.6685988137748338,0.10332132025164609,0.7228916721315264,1.0359905994032972,1438
HILIC_160.1217529_29.80994473,-1.7913987379338603,0.08110310330763086,0.6939617698381066,-1.1220523614010385,1439
HILIC_160.1241906_30.23903652,-1.3445934691583707,0.18663539971621224,0.84811141863714,-0.9958165551110731,1440
HILIC_160.1331649_37.81873418,-0.41753713240832124,0.6786079790496273,0.9996367449012522,-0.12836086784075976,1441
HILIC_160.1524629_281.6437337,0.7198937567557375,0.47594388829393475,0.9781047779839798,0.34868409479904877,1442
HILIC_160.5146131_127.117481,0.09945752413600398,0.921291756422018,1,0.06991756820849201,1443
HILIC_160.5325604_121.232744,-0.7750990613637058,0.4430220652097182,0.9745894987688215,-0.6233570521322741,1444
HILIC_160.8412328_41.71303235,0.8583334577269307,0.39602757479075135,0.9669701703160376,0.2805610166378193,1445
HILIC_160.9287808_240.287658,0.46536863144843954,0.6442926252193035,0.99604774081827,0.26031220255997817,1446
HILIC_160.9611464_53.20710862,-0.8428951761698051,0.404500055530693,0.9669701703160376,-0.6506104452608944,1447
HILIC_160.9682421_59.01799162,-1.2182666668541444,0.23054540218113162,0.8875782173548652,-0.3425669751372833,1448
HILIC_160.9771155_209.8323625,0.010168792947312641,0.9919391959789621,1,0.0034392954653023476,1449
HILIC_160.9835792_284.5536982,-0.7918600633511748,0.4333005348558031,0.9742203846590763,-0.20012152168133795,1450
HILIC_161.0146088_267.3388252,-1.0868964375624441,0.2838494300065155,0.9295944216943315,-0.2884470056062584,1451
HILIC_161.0146897_129.4213006,-0.29544833954320765,0.7692410480976035,1,-0.13708799619918743,1452
HILIC_161.0184262_58.56636515,-1.0235406616131841,0.3124490494080391,0.9421850854569164,-0.4695926262098917,1453
HILIC_161.0229211_77.44440003,0.1373954615123062,0.8914351835469476,1,0.11341339204695544,1454
HILIC_161.0378211_58.31050449,-0.2359468315214477,0.814726254210023,1,-0.1273789067266763,1455
HILIC_161.0378694_133.8665495,-1.5314146264570432,0.13385401774842004,0.7731053745689995,-1.797147390740097,1456
HILIC_161.0565814_143.1192867,2.507748446598343,0.016486611605047788,0.3732055739413555,1.4178430156157074,1457
HILIC_161.059594_276.4887819,0.5984009662996053,0.5530814090518992,0.985919543425092,0.1668093290621345,1458
HILIC_161.070806_287.0785137,0.6766145687284939,0.5027008384975009,0.9781047779839798,0.3429528677649374,1459
HILIC_161.081225_73.36167026,0.34013526855836546,0.7356059049472652,1,0.17478063332419283,1460
HILIC_161.0920378_62.90145517,-0.20644254864128045,0.837534539754121,1,-0.08094636069417716,1461
HILIC_161.0959962_278.1139837,-0.5184507824127335,0.6071147317840979,0.9928201179984223,-0.09735798048691181,1462
HILIC_161.0960101_22.94490365,0.031222398687065715,0.9752536864509218,1,0.016746239478754556,1463
HILIC_161.1001181_53.99885868,0.841568252546265,0.4052334916533751,0.9672616821631036,0.5688866628840591,1464
HILIC_161.1171484_284.5009749,-0.47999590922899116,0.6339497207092839,0.9947980550876518,-0.19656449063979176,1465
HILIC_161.1284208_72.06715952,-0.18773846445154635,0.8520689311186855,1,-0.08551289146925348,1466
HILIC_161.1321739_71.15083326,0.4459459832032807,0.658137424710116,0.9966192045168055,0.15171170034380607,1467
HILIC_161.1324024_287.945106,0.762214303138548,0.4505827024045467,0.9745894987688215,0.19274543448859174,1468
HILIC_161.1324414_21.99106808,0.4529744079441381,0.6531130272832268,0.9965858111391217,0.23116004354937467,1469
HILIC_161.1365332_39.85931558,-0.5766217066302101,0.5675556369088846,0.9913379189285378,-0.18740222615807245,1470
HILIC_161.1840372_291.4418132,0.03626200740844379,0.9712610540301305,1,0.018640229922226106,1471
HILIC_161.5038531_188.1351877,-1.2674054336127862,0.21263268271535557,0.869684833496026,-0.5696458577269062,1472
HILIC_161.9694814_80.55129938,-0.7922683425040524,0.4330653398405476,0.9742203846590763,-0.5966747990765028,1473
HILIC_161.9694968_284.1428886,0.8012689850997152,0.4278999211169403,0.9742203846590763,0.2629868725908013,1474
HILIC_162.0073945_197.1697576,-0.7765398112594428,0.4421813580008327,0.9745894987688215,-0.3323384533123266,1475
HILIC_162.0109772_189.1800612,0.9708478163263684,0.3376920297179281,0.9541737438762358,0.4632336754764057,1476
HILIC_162.0500681_48.46280026,2.1716827265609684,0.03611373911096449,0.5143847335746973,0.45634913311202585,1477
HILIC_162.0549325_138.2617105,-1.1574146023936127,0.25424264003869607,0.906563406245264,-0.31680420814724575,1478
HILIC_162.0549493_286.1460671,-0.7441238392361943,0.46132516429419457,0.9756152843481324,-0.15788720945523885,1479
HILIC_162.0583564_37.92246211,-1.6427794861815515,0.10858297578842889,0.7308648456024927,-1.338645870428177,1480
HILIC_162.0646964_82.09464785,-0.017844876829731446,0.9858548830148488,1,-0.010594011971364788,1481
HILIC_162.0661864_29.40520958,-0.38439815609913724,0.7028012045052776,0.9999159889500627,-0.4075466273522787,1482
HILIC_162.0760672_48.55933345,0.7746986593034143,0.443255876590127,0.9745894987688215,0.34166719489026304,1483
HILIC_162.1045333_49.94729017,0.2839851548093834,0.777945464195055,1,0.08526622132261348,1484
HILIC_162.1124326_47.12035343,-0.28481289057216114,0.7773159478513092,1,-0.083299503966052,1485
HILIC_162.1205644_54.33210509,0.20688387684689294,0.8371922703278607,1,0.07772081766717161,1486
HILIC_162.1255441_58.21096282,0.04254369794078793,0.9662854416219632,1,0.021115656303833257,1487
HILIC_162.1317419_81.58713011,-0.4065478685083454,0.6865941905926597,0.9999159889500627,-0.1549548763168084,1488
HILIC_162.4806249_126.1565635,-0.06724559301049642,0.946734653437773,1,-0.04379678587556361,1489
HILIC_162.502399_189.8387386,-1.1342821314737837,0.2636985493827028,0.9146409754836018,-0.6759826300160251,1490
HILIC_162.5072714_188.110425,1.0310794505238168,0.30894591033990304,0.9421850854569164,0.7672979380547942,1491
HILIC_162.9835225_127.8207707,1.9245009253453653,0.06171505410599454,0.6298711516618964,1.6708661395507192,1492
HILIC_162.9979998_79.36099437,0.9535763095285181,0.34625483528424617,0.9572455292742392,0.5329911555390798,1493
HILIC_163.0388919_23.41318484,0.5386268923782916,0.5932492369643185,0.9921034274533279,0.4527773752653695,1494
HILIC_163.0423278_37.32694028,3.112926728716589,0.0034885285498664795,0.17509515501087028,1.107167233225792,1495
HILIC_163.0478334_59.90564382,1.4821139521468758,0.14645998690570136,0.7972579328789219,0.8402185284190388,1496
HILIC_163.0499559_289.2293502,-0.7588370460486699,0.45257693583841896,0.9750316892785739,-0.3519905339170728,1497
HILIC_163.0534006_44.38663534,0.8090227735048277,0.42348009325187985,0.9724257019093233,0.7229904630365098,1498
HILIC_163.0712117_77.72032217,1.1896014665775545,0.2414972050900466,0.8965589582842357,0.8620966291453335,1499
HILIC_163.0794401_33.8550912,1.7097608367497859,0.0953699290084249,0.7128280646827104,0.6092186039525522,1500
HILIC_163.0865037_285.5515862,-0.05360662205912237,0.9575261418034782,1,-0.027965931652954357,1501
HILIC_163.0866101_37.29324943,-0.6484831516334535,0.5205268489187818,0.9824083431236167,-0.3628054639537001,1502
HILIC_163.1105229_40.4095247,-0.28409722801617726,0.7778602204889282,1,-0.06400341836482361,1503
HILIC_163.1115983_281.3736152,0.4821153217480614,0.6324571714575183,0.9947980550876518,0.10288052087639189,1504
HILIC_163.1157519_47.62816017,0.16720547450377216,0.8680846685040969,1,0.049553044874172524,1505
HILIC_163.1186445_51.86421416,0.637170170543903,0.5277898979976375,0.9824083431236167,0.1688135578899965,1506
HILIC_163.1229845_33.08605529,-0.5297039211569581,0.5993627269679849,0.9927179766037689,-0.16280193659408318,1507
HILIC_163.1326147_68.04866624,0.058148041617250526,0.9539318586847059,1,0.024135619018286942,1508
HILIC_163.1327491_285.68965,0.15953511430763798,0.874082400283266,1,0.0806747349186544,1509
HILIC_163.1480654_285.7237514,1.0577463891909447,0.2967714177914492,0.9388494250827767,0.27482882085020044,1510
HILIC_163.1480713_21.00422426,2.977631952740737,0.005006875211991104,0.21609343291313254,0.8638414506026698,1511
HILIC_163.1480772_156.1289094,-1.4283401097142638,0.1612671615796922,0.8218381018016443,-0.4026084645414395,1512
HILIC_163.964913_283.5246932,0.19539912659233952,0.846109434950858,1,0.06018678511699452,1513
HILIC_163.9885431_285.5046246,-0.776643848591613,0.4421206868308851,0.9745894987688215,-0.15544188476199677,1514
HILIC_164.0293366_61.50645889,0.267713436193087,0.7903508201189342,1,0.06671941026473935,1515
HILIC_164.0682251_267.1402419,0.9208997625356552,0.36284486352468215,0.9633639059453812,0.4543158763799466,1516
HILIC_164.0739366_31.76946126,0.20503407816232153,0.838627083980283,1,0.20146291421004894,1517
HILIC_164.0915937_68.11544136,1.1371209704638445,0.26252471320508336,0.9132558114375242,0.44908788699326396,1518
HILIC_164.1068832_280.7123497,0.6475625794014205,0.5211158589784992,0.9824083431236167,0.2753052979349225,1519
HILIC_164.1164304_48.02228841,0.14833956069284102,0.8828500273879483,1,0.03898920939865981,1520
HILIC_164.128108_37.28629421,-0.9687834632883899,0.33870798499029253,0.9543069303606773,-0.6329253044819098,1521
HILIC_164.9203731_295.8123922,-0.43266135855322807,0.6676779928711913,0.9982644021852166,-0.2413697627591716,1522
HILIC_164.9204838_146.4987909,0.23780987798053116,0.813291266899073,1,0.2465851891904445,1523
HILIC_164.9298793_295.0330615,0.22581350840986442,0.8225425095764083,1,0.22509211163879442,1524
HILIC_164.9299706_129.2966034,-0.19226055367611905,0.8485499549562062,1,-0.12092999155490526,1525
HILIC_164.9350757_40.14707993,-3.552469557586688,0.0010282468225720587,0.09283768725636231,-1.0317109709568586,1526
HILIC_165.0117_26.98757574,1.0872463660963927,0.28369675115984566,0.9295944216943315,0.816913585066294,1527
HILIC_165.0165881_178.2924207,0.28967648232161575,0.7736201316697208,1,0.11690456074900242,1528
HILIC_165.0326974_63.178759,1.130895145327391,0.26510395730234193,0.9153716740091526,0.29117334675232354,1529
HILIC_165.0545224_45.70983123,-0.07291125545102138,0.9422547085803197,1,-0.016589635732691073,1530
HILIC_165.069423_139.6320569,-1.0106897418101766,0.31848312743720575,0.946711434633586,-0.37743412343566984,1531
HILIC_165.0697477_279.9037672,-0.3557133656601343,0.7239994416230309,1,-0.09876667239874846,1532
HILIC_165.075657_44.75006558,-1.8562556318797807,0.07109238307434372,0.6627050518241218,-0.9945040852529724,1533
HILIC_165.0909576_22.2093037,0.006621639469788705,0.9947509717284806,1,0.003389362713172751,1534
HILIC_165.0909891_143.4932202,0.1898774091611269,0.8504040719207373,1,0.04553006867540129,1535
HILIC_165.1121052_297.0373144,1.1518941938948195,0.25647665390053476,0.9085114391831796,0.4258099400732403,1536
HILIC_165.1121102_181.1347074,-0.7487248296047074,0.4585789867222707,0.9755657681934743,-0.2487143903746365,1537
HILIC_165.1200105_53.62748659,-0.30913431446988066,0.7588883294710139,1,-0.23561066266500597,1538
HILIC_165.1273579_288.3991741,2.139438212000339,0.03880747913821625,0.5289492821128473,0.44034113341814923,1539
HILIC_165.9827646_293.349902,-0.3227009345077312,0.74867003833449,1,-0.06783813602602136,1540
HILIC_165.9828185_119.9291563,0.08537918785113316,0.9324029730424126,1,0.035110250492089434,1541
HILIC_165.9876744_67.41515944,-0.3944333076263227,0.6954404922254914,0.9999159889500627,-0.22921527766200167,1542
HILIC_165.9908905_272.2665173,0.6231565957260052,0.5368606676917083,0.9833164118236528,0.14062858869815795,1543
HILIC_166.0134177_123.8870542,0.6434912322326343,0.5237251012256258,0.9824083431236167,0.590141411361942,1544
HILIC_166.0180568_181.1430885,-0.8969677067984747,0.37531814343424785,0.9637531830220828,-0.4929382670594771,1545
HILIC_166.0192825_24.68968619,1.199776496175865,0.23756693673260718,0.8932665963443939,0.35975623932273065,1546
HILIC_166.0219732_170.9276197,-0.10631096614175103,0.915888363837563,1,-0.015140993035466814,1547
HILIC_166.0259436_88.64853371,-0.27025326144369294,0.7884107570101125,1,-0.10288309586936617,1548
HILIC_166.0311828_171.6936252,-0.047352880459393835,0.9624770872139067,1,-0.04415955030018798,1549
HILIC_166.0498245_290.9778867,0.14186406779228555,0.8879281028749345,1,0.04900834851081518,1550
HILIC_166.0578955_45.52614366,-0.14950202125005307,0.8819389500273831,1,-0.03173574846737775,1551
HILIC_166.0644394_153.0211234,0.5740432645067846,0.5692816450892728,0.9913379189285378,0.20904754959787422,1552
HILIC_166.0727087_34.61961532,-0.5027402067293157,0.6180144977540665,0.9945715795652924,-0.1319090543385264,1553
HILIC_166.0805554_292.6696671,0.2849844789967917,0.7771854690235486,1,0.24182795316186367,1554
HILIC_166.0828432_44.29792967,1.2624664861593706,0.2143844787604838,0.8707291006533612,0.2786362883954833,1555
HILIC_166.0926017_36.78896181,2.934965382745081,0.005602305742413718,0.2233812771911663,0.648559855360387,1556
HILIC_166.097211_287.9669846,1.4372536490510934,0.15873446256613966,0.8193248359762065,0.6540868085429449,1557
HILIC_166.1153495_283.0427058,1.1265023965315362,0.2669346778540564,0.9170224773862292,0.49889111658782553,1558
HILIC_166.1225444_286.8468798,1.294753677432471,0.2031266205130488,0.8647457759331585,0.5932752113587557,1559
HILIC_166.1329767_35.77266518,-0.5550929114674632,0.5820463080011471,0.9913379189285378,-0.1372448787535395,1560
HILIC_166.5117816_123.4079165,-0.1029551183963245,0.9185336938151247,1,-0.06375821284710154,1561
HILIC_166.5247079_167.6476895,-0.35215316681721964,0.7266462764193495,1,-0.11274718121744011,1562
HILIC_166.6180545_294.2863096,-0.24640666594030655,0.8066782126606166,1,-0.11830519717486947,1563
HILIC_166.9094858_233.4740698,-0.020528087740716724,0.983728265923979,1,-0.007240970838698216,1564
HILIC_166.9506759_42.74771463,-3.9996719913836127,2.787438736665673e-4,0.056141875067971435,-1.1769658311716173,1565
HILIC_166.954238_288.3808981,-1.8818287028392497,0.06744498139121918,0.6493544748295632,-0.38532436067665893,1566
HILIC_166.9829494_287.1232576,-1.6530422142541619,0.10646574185664658,0.7270102455490702,-0.282043212399735,1567
HILIC_166.9860926_288.6847939,0.9142307916948366,0.36629330473661437,0.9637531830220828,0.21435226328098608,1568
HILIC_166.9906399_287.69648,0.08506037442008048,0.9326547612408381,1,0.016729539079908155,1569
HILIC_167.0033781_24.27347826,0.051027935866400545,0.959567434208906,1,0.03967123722567792,1570
HILIC_167.006975_152.8482793,0.32473901637490854,0.747138872380747,1,0.10242040835427904,1571
HILIC_167.0127771_268.1365355,1.5777645723973959,0.1228125782467599,0.7614179684643814,1.344439850173924,1572
HILIC_167.0170453_208.6051646,0.38541986748752444,0.7020504462017634,0.9999159889500627,0.23426800927688463,1573
HILIC_167.0216124_70.61301252,-1.2493256268579833,0.21909805115741907,0.8764295700285223,-1.019365780094824,1574
HILIC_167.0241239_170.2668507,-0.15857160750819774,0.8748363406612172,1,-0.0876452557628412,1575
HILIC_167.0273506_31.14807453,-0.34674461968008213,0.7306737567152222,1,-0.2962566180441335,1576
HILIC_167.0330388_30.45773473,-0.18575188074249885,0.8536158134116971,1,-0.06452937890876828,1577
HILIC_167.0562731_31.52178654,0.46654805523506443,0.6434559633074638,0.9955023063019077,0.22188802359847667,1578
HILIC_167.0702568_284.5536749,-0.8087466161474951,0.42363703059508473,0.9724257019093233,-0.20755617805504648,1579
HILIC_167.0708189_25.33785619,-0.4037859383858979,0.6886071407894003,0.9999159889500627,-0.17008488492701723,1580
HILIC_167.0757342_36.85201262,-0.7782055045177965,0.4412105753261487,0.9745894987688215,-0.6081863427249984,1581
HILIC_167.0824889_286.0928693,0.8586452838880292,0.39585760081507415,0.9669701703160376,0.5970197588467105,1582
HILIC_167.0884843_44.89263255,1.5527710889136797,0.12867105136199175,0.767725870450775,0.33767860355567303,1583
HILIC_167.0926433_38.65121082,0.29333238576158954,0.7708455336451272,1,0.08864419160108658,1584
HILIC_167.1065534_65.39831441,-2.0155047044333063,0.05088013427589486,0.587308530106031,-0.6249885613353338,1585
HILIC_167.1066028_139.8398298,-0.6419535335624379,0.5247123895386925,0.9824083431236167,-0.24276370858689988,1586
HILIC_167.1181654_32.17670209,1.2922168216847412,0.20399465283487966,0.8647457759331585,1.0464546775962424,1587
HILIC_167.1363436_36.1330586,0.2523579432159304,0.8021085782359677,1,0.05750769222570609,1588
HILIC_167.1430634_288.4751252,1.0661533799875729,0.29300335982830317,0.9355859314842769,0.43231747491161066,1589
HILIC_167.4709268_184.6797153,0.1908497184761837,0.8496474983432303,1,0.11240012589543069,1590
HILIC_167.5137478_155.3414741,0.06690094472123921,0.9470072312532483,1,0.04317771370443527,1591
HILIC_167.5298882_171.975859,-0.12104025749208983,0.904289484850318,1,-0.01788730737865525,1592
HILIC_167.9714459_188.4711819,-1.8804504888519828,0.06763739214151278,0.6493544748295632,-1.3468175516802594,1593
HILIC_167.9816864_290.792522,0.732752915278211,0.4681529012637621,0.9777549229263227,0.2169481852876882,1594
HILIC_167.9819388_109.6613796,0.8579089491901705,0.39625904466280837,0.9669701703160376,0.3094093914358715,1595
HILIC_167.9863183_280.1002226,0.41048904936363395,0.6837257780915023,0.9999159889500627,0.11131303264412885,1596
HILIC_167.9984425_290.4423476,1.7745788190720395,0.08388560610582245,0.6957822607914386,0.4480684634853313,1597
HILIC_168.0099487_214.6459637,-1.1308828614664184,0.2651090641544173,0.9153716740091526,-0.3834893135294099,1598
HILIC_168.025331_145.3310133,-1.740399037197374,0.08978776240883504,0.7023904516472353,-0.5751067534827039,1599
HILIC_168.0253651_265.056537,0.09198140319561582,0.9271903826576224,1,0.057763914414461104,1600
HILIC_168.0489303_75.43128605,2.595809432360817,0.013292892536636163,0.3309529980198956,1.407536102446294,1601
HILIC_168.0648847_57.62808145,0.514077911180426,0.6101396017453534,0.9928201179984223,0.21573204036590468,1602
HILIC_168.0654584_289.4247671,0.20743257035404336,0.8367667790579727,1,0.04900117753661912,1603
HILIC_168.0735189_23.77722533,-1.7375881240101392,0.09028825103723308,0.7028476636205563,-1.3096246677559251,1604
HILIC_168.0767_109.7032519,-0.9862775092191678,0.33016294102303045,0.9506069103298993,-0.3431843083729123,1605
HILIC_168.0767023_289.3073821,3.36541415882375,0.001743833797386964,0.12340373404031173,0.7570124554672285,1606
HILIC_168.0806706_275.0394434,-0.26134241698289584,0.7952232877067011,1,-0.07923828262307926,1607
HILIC_168.0807228_32.74737748,-0.6839035775049989,0.4981373045113747,0.9781047779839798,-0.19725245835425095,1608
HILIC_168.0900842_37.82310082,0.7766068095935579,0.4421422861956825,0.9745894987688215,0.29667267416702753,1609
HILIC_168.0929111_38.43247517,1.8693960835693961,0.06919772782218644,0.654483024736032,0.3965458873703052,1610
HILIC_168.0960804_290.9700587,1.5365522492562154,0.1325920850147154,0.7709184513623903,0.38327417357102334,1611
HILIC_168.1018009_28.45068735,-0.8487066345306847,0.401297597425466,0.9669701703160376,-0.2838700177918,1612
HILIC_168.1018455_289.7498821,1.128976030691961,0.26590265809209973,0.9156095609297812,0.35695793047493757,1613
HILIC_168.10195_156.3149844,-0.6915868686301423,0.4933518209090958,0.9781047779839798,-0.20969749576140642,1614
HILIC_168.4731542_188.7399593,-0.5918251796604792,0.5574317184589682,0.9878934493313638,-0.37112311260147407,1615
HILIC_168.5242526_172.9164466,-0.7771940702058581,0.4417998979307117,0.9745894987688215,-0.19443933810185926,1616
HILIC_168.9065372_229.7660376,-0.16777489238241822,0.8676397300337246,1,-0.08116153941126678,1617
HILIC_168.9487862_42.650977,-2.40652705887672,0.0210127646433435,0.4141280600040436,-1.9678037666610029,1618
HILIC_168.9803751_72.14955349,-0.3667907720591538,0.7157859728199538,1,-0.12638924511046234,1619
HILIC_168.980378_275.759989,2.3492650773799726,0.024045874536131634,0.4402805232664662,0.37184212953511736,1620
HILIC_169.0088557_217.1550943,0.2352949676591692,0.8152284967735773,1,0.0801584975330497,1621
HILIC_169.0171389_220.7936652,-0.4964857936824514,0.62237834872571,0.9947980550876518,-0.15266888469697157,1622
HILIC_169.0355122_51.12013092,0.008729236397602567,0.9930803005277673,1,0.002985568736602078,1623
HILIC_169.0457541_257.3492757,-0.3479397252099796,0.729783150893736,1,-0.0797826474224314,1624
HILIC_169.0494173_290.5886519,2.426336057939498,0.020046994078211092,0.40689699866756623,0.8990575165800745,1625
HILIC_169.0606821_53.63673111,-1.1834104665659202,0.24391174077312294,0.8989435781740478,-0.4516776601195821,1626
HILIC_169.0759033_19.40081066,-2.057539831425749,0.04646124599456948,0.5623314133857369,-1.2503048146812465,1627
HILIC_169.0759299_286.1413057,0.46720019138800967,0.6429935512485745,0.9955023063019077,0.1670918003990852,1628
HILIC_169.085809_23.53469754,-0.20620479212903706,0.837718943633514,1,-0.04491275460888431,1629
HILIC_169.0858741_145.751734,-0.3009018741222957,0.7651104898102744,1,-0.08900934347518781,1630
HILIC_169.0947588_122.9385832,0.7643079309808494,0.44934903935332315,0.9745894987688215,0.41002921686803767,1631
HILIC_169.0971183_30.33705148,-0.12688769248931517,0.8996905379171309,1,-0.0250245095691076,1632
HILIC_169.0971415_288.3579024,1.451242499925231,0.15482287948860085,0.8124985888763471,0.29568963686132976,1633
HILIC_169.1222922_287.5282257,-1.3487726319086055,0.18530066481607874,0.8467345678477594,-0.30245665246817866,1634
HILIC_169.1334602_275.9429496,2.4558581032760793,0.018682252718373555,0.3960839274030345,0.913953994931289,1635
HILIC_169.1334666_37.36274668,-0.8359410265868903,0.40835302266687945,0.9676316311691489,-0.35495399104958447,1636
HILIC_169.1585834_272.0390628,2.0762937864953153,0.0446005440988817,0.5530185854723216,0.8888690955906366,1637
HILIC_169.5199076_127.3759672,0.47988603071233354,0.6340271425072099,0.9947980550876518,0.35570041281806103,1638
HILIC_169.537817_121.4798806,-0.3777970372449022,0.7076589727412768,0.9999159889500627,-0.3229230851841296,1639
HILIC_169.9772923_292.2123062,0.8831261186467502,0.38265654090612333,0.9638726330536317,0.3051635600174962,1640
HILIC_169.9855579_53.13620017,0.06678098628394936,0.9471021063236205,1,0.020102941355738795,1641
HILIC_169.9906392_246.565664,-0.1658114903932302,0.8691740993087852,1,-0.09564339847368447,1642
HILIC_170.0124648_206.4616696,-1.3716063699072292,0.17813732091710072,0.8406428444874736,-0.5868378570784819,1643
HILIC_170.0218947_178.207189,0.7507398654383088,0.4573792848599264,0.9755657681934743,0.4685411377600449,1644
HILIC_170.032572_57.95241645,0.3404275900353281,0.7353875221612713,1,0.2231527520816989,1645
HILIC_170.0389403_51.0258781,-0.6211834394176111,0.538144376358477,0.983683589406213,-0.3733580757270858,1646
HILIC_170.0454999_282.1062368,1.8981407085586914,0.06520301635890427,0.6414746804322071,1.307913187024684,1647
HILIC_170.0601484_35.655548,-2.0670351146395363,0.045510834028101944,0.5581383314453408,-0.5501056080405098,1648
HILIC_170.0646628_79.67503734,-1.341889512896241,0.18750291092256544,0.8486518958782779,-0.7485202248110514,1649
HILIC_170.0876199_110.4528472,0.5052652393904847,0.616256672749284,0.9935055386400015,0.264986008817104,1650
HILIC_170.0923778_103.3089338,-0.7295455914028168,0.47008922641682815,0.9780296314406529,-0.25631419063847155,1651
HILIC_170.0966011_103.1908344,0.08777482332435677,0.9305112068745716,1,0.03935150918915756,1652
HILIC_170.099195_107.4879545,-1.806897268965524,0.07860852230124203,0.6896168250598674,-1.016691420307519,1653
HILIC_170.1048442_116.8798826,0.4755723855356665,0.637069874752263,0.9953856535986481,0.4529127564162493,1654
HILIC_170.1175048_165.1961935,0.638102937315053,0.527189026909245,0.9824083431236167,0.14318033208649036,1655
HILIC_170.1175098_287.1799798,1.9857420811407613,0.05422609333921682,0.6020988853157871,0.5945293790809374,1656
HILIC_170.6117069_211.8787002,-1.2425102529284995,0.22157295813411282,0.8794572619139686,-0.5341861719572825,1657
HILIC_170.8542711_48.60708103,0.03987452417842372,0.9683994904439812,1,0.01580432376735082,1658
HILIC_170.9696781_46.81611576,2.0395875528390146,0.04830566833396913,0.5734819207320505,1.0416063742690653,1659
HILIC_170.980619_105.0592808,0.1913049468425556,0.8492933253417755,1,0.065023844099695,1660
HILIC_170.980627_290.2094237,-0.3052115876225455,0.7618511705294584,1,-0.14829997164832456,1661
HILIC_170.9891461_53.38651906,0.9333997408024922,0.3564383873784809,0.9588670540445742,0.5649045803276738,1662
HILIC_171.0434031_132.5091861,0.3927308212630412,0.6966871783969716,0.9999159889500627,0.16020633160687908,1663
HILIC_171.0635664_33.14070694,-1.9452404483231895,0.05908477969877213,0.6219910283250402,-0.874393863893336,1664
HILIC_171.0650972_290.1241541,-0.5119922212482735,0.6115847933818805,0.9928201179984223,-0.12854598187200802,1665
HILIC_171.065108_169.1710476,1.305784448033227,0.19938472544539826,0.860060322352524,0.47025742948811006,1666
HILIC_171.0762983_282.5752356,-0.6801130513411618,0.5005076306207563,0.9781047779839798,-0.14042894084161436,1667
HILIC_171.0763409_64.39963029,0.6912768486252767,0.4935444180484907,0.9781047779839798,0.33818552215509695,1668
HILIC_171.0819908_47.80161662,0.29779428997605956,0.7674633608640222,1,0.12442747497149696,1669
HILIC_171.0893974_105.4394137,0.2524267117315886,0.8020558157090584,1,0.0951526140167332,1670
HILIC_171.0957252_108.0791813,0.5213457944363313,0.6051159865158746,0.9928201179984223,0.20889250967059392,1671
HILIC_171.0988075_94.30464234,-0.31581961147888654,0.7538474061873902,1,-0.0929818081601061,1672
HILIC_171.1013881_149.4375642,0.20221217729273142,0.8408169907562921,1,0.05390762409557482,1673
HILIC_171.1015585_289.4810275,1.2196109979202492,0.2300409411455129,0.8872927044920225,0.26510361192459925,1674
HILIC_171.1127036_278.5830134,1.0215918816940213,0.3133590200160657,0.9421850854569164,0.28734928537713844,1675
HILIC_171.1127622_31.45352914,-0.5174911005930317,0.6077779813988573,0.9928201179984223,-0.32302549543319764,1676
HILIC_171.1209445_29.02535784,-0.25398093079328865,0.8008635944343012,1,-0.18401174824156294,1677
HILIC_171.1379272_292.8678971,-0.9799023721284993,0.3332599631570258,0.9523228101868886,-0.26424561846430744,1678
HILIC_171.1520397_244.5764062,-0.31976497104235874,0.7508775734142595,1,-0.2465669613539565,1679
HILIC_171.4858561_125.7709985,-0.7278529368432358,0.47111296677273395,0.9781047779839798,-0.432387806085893,1680
HILIC_171.9541238_116.1272416,-0.3143999031812326,0.754917007740169,1,-0.24506398337269525,1681
HILIC_171.9593882_175.9698385,1.3440068658096949,0.18682333762654868,0.84811141863714,0.6034239692392265,1682
HILIC_171.9594071_274.4701912,-0.19507422719236342,0.8463620024153994,1,-0.18174188873682492,1683
HILIC_171.9815416_53.51162934,-2.252251577551557,0.03009410233205318,0.483413443391161,-1.4326358221423647,1684
HILIC_171.9843212_128.4335522,0.2343379319261464,0.8159660085313714,1,0.40666766956633976,1685
HILIC_171.9928789_284.4825219,0.2924564374862707,0.7715100466039174,1,0.0594428777812251,1686
HILIC_172.0308167_62.2152876,1.0544216149796117,0.2982708559021638,0.9388638086478203,1.0961851655833021,1687
HILIC_172.0402394_34.01100575,-0.03671767992044679,0.9709000826113984,1,-0.018133525194239632,1688
HILIC_172.0603176_288.0232569,-0.5206340043092159,0.6056071292926795,0.9928201179984223,-0.18526020951821462,1689
HILIC_172.0603273_160.1863517,0.4704222423270804,0.6407109943949043,0.9955023063019077,0.2215391385092718,1690
HILIC_172.066971_75.31736255,0.612222541811203,0.5439942937191782,0.9844101439284977,0.15629269361716966,1691
HILIC_172.0796748_64.82993296,0.9953708284054797,0.3257790479559477,0.9506069103298993,0.43112008164593457,1692
HILIC_172.0927578_119.9631128,-0.46073153608173273,0.6475866316688139,0.9965858111391217,-0.27161056726717436,1693
HILIC_172.0966661_124.3323563,-0.09526750572374862,0.9245971298603886,1,-0.03387585230162251,1694
HILIC_172.0967354_271.306129,0.6273737683848717,0.5341224080937952,0.9833164118236528,0.1305612673582798,1695
HILIC_172.1114226_233.0591624,-0.6123407588318477,0.543916904949483,0.9844101439284977,-0.23056002397632014,1696
HILIC_172.1160702_27.86646078,0.10403953729412443,0.9176787698020297,1,0.03267189575283499,1697
HILIC_172.1288264_27.56458118,0.3472511080603797,0.7302962698234403,1,0.08220533261492115,1698
HILIC_172.1331009_34.61616445,0.282939839801702,0.7787406721339831,1,0.30259063857847457,1699
HILIC_172.1331082_285.5151053,1.9447141194312059,0.059150316105542534,0.6219910283250402,0.669072779471735,1700
HILIC_172.1376161_27.90201958,0.5087567264834201,0.6138298063487444,0.9931667617408494,0.1616298700423754,1701
HILIC_172.1524511_160.9206614,-1.454675937853315,0.1538745392944215,0.8098035215536038,-0.5463068589469771,1702
HILIC_172.169465_283.8207497,-0.26074773565884035,0.795678519018642,1,-0.08267950945106277,1703
HILIC_172.4851898_230.0657174,1.3464196395041534,0.18605125465144096,0.8476551256312127,0.7316548863173592,1704
HILIC_172.8512998_47.38894527,-0.33095347202969416,0.7424765121585406,1,-0.24362632451259958,1705
HILIC_172.9521801_255.5149198,1.6016809607951876,0.11741116026519766,0.7499510560647055,0.5061766600179586,1706
HILIC_172.9562024_293.3968164,-0.6962511004056113,0.49045926437525367,0.9781047779839798,-0.3092482201621482,1707
HILIC_172.9772735_294.1698252,0.4024430376383134,0.6895867038170984,0.9999159889500627,0.0863333154474215,1708
HILIC_172.9795343_58.82029393,-0.1316066059276533,0.8959817047037304,1,-0.07269872593986208,1709
HILIC_173.0296639_60.5075637,0.017969383043124502,0.9857562014063532,1,0.008702483347029388,1710
HILIC_173.0555145_74.91365367,-0.6342887637086951,0.5296483362691857,0.9824083431236167,-0.4477368343741736,1711
HILIC_173.0672803_123.2462598,-0.9356237757902699,0.35530633741493256,0.9588670540445742,-0.5541019886241153,1712
HILIC_173.0708199_288.7485011,1.7747175114335072,0.08386233794597872,0.6957822607914386,0.7510419284425929,1713
HILIC_173.0803489_286.3012544,-0.8369533047143761,0.40779075808679466,0.9676316311691489,-0.27238079154520484,1714
HILIC_173.0920106_81.96404054,0.10813323790882275,0.9144523165911209,1,0.03323583543151,1715
HILIC_173.0920183_273.8075631,-0.9669929668986196,0.3395908134536133,0.954330731898445,-0.24616016725695436,1716
HILIC_173.1000951_26.37352776,0.22486162764848203,0.8232776897420561,1,0.3304908964612281,1717
HILIC_173.128352_290.0960605,0.3272367267186727,0.7452638118411605,1,0.10269432087518197,1718
HILIC_173.128366_60.13518078,0.520279704961517,0.6058516687673259,0.9928201179984223,0.23516098938434424,1719
HILIC_173.136498_29.90163341,0.6124217666247872,0.5438638778568881,0.9844101439284977,0.6980668399325152,1720
HILIC_173.4349776_165.1396005,-0.32571150185150916,0.7464086304383599,1,-0.23721521990313688,1721
HILIC_173.4561582_46.38248311,-0.30448995448373867,0.7623966179291772,1,-0.09697177048091647,1722
HILIC_173.4562452_187.3996156,-0.27147142640536787,0.7874807362541546,1,-0.08388065043498856,1723
HILIC_173.513724_195.640537,-0.33317176456903,0.7408146157723234,1,-0.10110665897992012,1724
HILIC_173.530871_216.7017552,-0.22074757452833446,0.8264570037037104,1,-0.12081332142657206,1725
HILIC_173.9774584_291.3845487,-0.31745480322025865,0.7526160685730078,1,-0.15178330514881044,1726
HILIC_173.9815114_289.074453,-1.6363218025018376,0.10993287732666389,0.7336651855103924,-1.1397427458331908,1727
HILIC_174.0084843_274.9072819,-0.7741798704272045,0.4435589279271027,0.9745894987688215,-0.7599960489352293,1728
HILIC_174.0219247_28.84108548,-1.1702499534605133,0.24910288174492773,0.9044155933008584,-0.6480167645944368,1729
HILIC_174.0329753_61.41335316,-0.6157819343929161,0.5416666947558821,0.9844101439284977,-0.2974587926435635,1730
HILIC_174.0499825_58.5176664,0.304121767612705,0.7626749597648892,1,0.14247114792582205,1731
HILIC_174.0548335_143.0306436,0.1108010796262076,0.9123504399689933,1,0.02777173226847859,1732
HILIC_174.0549584_279.8164204,-0.08085572545563788,0.9359760979868883,1,-0.023840496975626704,1733
HILIC_174.0627455_74.69054423,0.20510901698622858,0.838568946106441,1,0.12368369538096455,1734
HILIC_174.0759937_156.2326498,-1.6242163942882204,0.11250049230966103,0.7386028370327659,-0.4790345022612737,1735
HILIC_174.1123502_287.3293782,1.7208748646397776,0.09331247026816053,0.7113221259969026,0.5898937303676839,1736
HILIC_174.123616_30.91287157,1.2595544812898487,0.2154223946980482,0.87223789657115125,0.5715567957040029,1737
HILIC_174.1276458_281.1535827,1.8868952410996969,0.06674166644655902,0.6468300924586318,0.7261683107879571,1738
HILIC_174.1398107_26.70811619,0.4565888189552584,0.6505355332758938,0.9965858111391217,0.3198542789148551,1739
HILIC_174.1487259_25.75390808,0.753490240070923,0.45574474073467086,0.9753792522951469,0.2848060983114444,1740
HILIC_174.5286153_214.618829,-0.7812868886204555,0.43941806304520614,0.9745124110909839,-0.30118926776343363,1741
HILIC_174.9378687_57.68936089,-0.7649671083485728,0.4489610338771748,0.9745894987688215,-0.3840431146699843,1742
HILIC_174.9566787_285.4321576,0.10132386966524265,0.9198199065042856,1,0.023472878520868747,1743
HILIC_174.9566815_78.55542177,-1.3035509962079646,0.200138108474469,0.8618721518192737,-0.9588506572972653,1744
HILIC_174.9946425_242.1036638,0.7734634382291351,0.4439776351134809,0.9745894987688215,0.21628683290300926,1745
HILIC_174.9976743_55.0244418,-1.9478213210968205,0.05876432542934264,0.6207029881915628,-1.742246294675297,1746
HILIC_175.0016095_36.67871822,-0.9676578784046228,0.339262790972632,0.954330731898445,-0.4229521506882373,1747
HILIC_175.0078271_257.0970449,-0.21287603357492355,0.8325482857727202,1,-0.1268671640557895,1748
HILIC_175.0123625_120.6290169,-1.4778946608217929,0.14758132918650013,0.7996535692222799,-0.3178064783664782,1749
HILIC_175.0123718_257.64495,0.23457978402718166,0.8157796162139026,1,0.04807566119984772,1750
HILIC_175.0166613_260.4353435,-0.9242938061993844,0.36109798328912623,0.9611690139330997,-0.46072154945874805,1751
HILIC_175.0340329_55.46042042,0.4683218506072503,0.6421985493693115,0.9955023063019077,0.16986357288207082,1752
HILIC_175.0712199_60.79096975,-0.21261674124238553,0.8327491156501741,1,-0.11842299982644192,1753
HILIC_175.0752238_284.5741983,0.08944450811919742,0.9291929442308771,1,0.026642819516409406,1754
HILIC_175.0786298_25.32787902,-0.36081135845823664,0.720215303916111,1,-0.19815265578364064,1755
HILIC_175.0864699_282.500333,1.7835775970762382,0.08238711322250426,0.6948552844377854,0.4629280177470758,1756
HILIC_175.1076481_62.36493555,0.6785084987165377,0.5015128736832077,0.9781047779839798,0.20776525344870383,1757
HILIC_175.1116377_292.0005117,1.071444050479691,0.29064923474198034,0.9333809235070546,0.3075310346144844,1758
HILIC_175.1133806_101.1239549,1.124378701113759,0.2678229822535021,0.9178662851663434,0.5962358996488379,1759
HILIC_175.118922_100.494517,1.7948448611893615,0.0805427281615706,0.6939617698381066,0.615297861645068,1760
HILIC_175.1241665_101.0412747,1.6901531445314288,0.09909177842738226,0.718134185467518,0.6049790550449075,1761
HILIC_175.1327433_289.3203161,-0.19289105994289088,0.8480595582111825,1,-0.06395206951621248,1762
HILIC_175.1439771_276.1215489,0.9655396467102597,0.34030851932542794,0.954346097572737,0.2216491199646744,1763
HILIC_175.1441007_169.9091215,0.8476392540424258,0.4018845985051748,0.9669701703160376,0.4863987419531031,1764
HILIC_175.1480274_282.166716,0.8625914071967299,0.39371055934030874,0.9669701703160376,0.3513148112870868,1765
HILIC_175.1480396_22.05216525,1.1492743665361738,0.2575417964455521,0.9092093532942974,0.5883427445054791,1766
HILIC_175.5111158_265.6453933,0.5478726248657659,0.5869461008483066,0.9913379189285378,0.18376827479277655,1767
HILIC_175.5140358_261.7717108,0.29797817371547314,0.7673240731591551,1,0.0710652861225277,1768
HILIC_175.5330246_171.1925104,0.13977932020534808,0.8895639887052562,1,0.040878769970969835,1769
HILIC_176.0092034_56.31374274,-0.47054241920935336,0.6406259271118608,0.9955023063019077,-0.21591675829698667,1770
HILIC_176.0100781_257.0100965,-0.18730040604035395,0.8524099810658867,1,-0.033259713167068626,1771
HILIC_176.0143154_261.5184063,-0.14111568905796512,0.8885152933638808,1,-0.02983223185214879,1772
HILIC_176.0293458_64.27873994,-0.8907542007684838,0.37860111671666075,0.9638726330536317,-0.27674836659740826,1773
HILIC_176.0396909_53.57045757,-0.3027167688415023,0.7637374032994375,1,-0.12688766047375927,1774
HILIC_176.0551922_285.4604009,0.03058187203796404,0.9757611923322084,1,0.014949913688053297,1775
HILIC_176.0552547_150.2047809,-0.417139884134129,0.6788960250182392,0.9996367449012522,-0.10863677695081947,1776
HILIC_176.0662158_56.95057972,0.8113301123698744,0.4221702392786578,0.9720647144923827,0.42873353029556155,1777
HILIC_176.070492_23.6107811,-1.3724439001726567,0.1778787022582637,0.8404813690786701,-0.4106489112531141,1778
HILIC_176.0705211_284.4876066,0.23862943289909144,0.8126602213356237,1,0.05567232186752388,1779
HILIC_176.0916279_280.7903725,0.605749188737352,0.548240635102711,0.9857989553982086,0.20352502095844055,1780
HILIC_176.0980649_75.93179061,-0.015075898572932693,0.9880495856021787,1,-0.00951462569302985,1781
HILIC_176.102864_74.65938244,1.139572518346795,0.2615140405492812,0.9128151645652964,0.3144649013489021,1782
HILIC_176.106856_287.7004505,2.9178798090939027,0.005858861937752408,0.22782851743091664,1.4140257563135903,1783
HILIC_176.1074302_75.85364954,1.435459055427714,0.15924184836228825,0.8193248359762065,0.602092897771349,1784
HILIC_176.1158917_97.08855215,2.7940196461291467,0.008074496705619416,0.26208748604396903,0.8239396413472462,1785
HILIC_176.1222288_99.14273741,1.6947985749904675,0.09819928075635008,0.718134185467518,0.5008605261745328,1786
HILIC_176.124897_101.5637795,0.34756973042369477,0.7300588346699319,1,0.19274698720842112,1787
HILIC_176.1280166_49.97686511,-0.3917554479461929,0.6974018028619493,0.9999159889500627,-0.22654176524069466,1788
HILIC_176.1473409_145.0729078,-0.3682593057157366,0.7146996489486535,1,-0.15371946317184237,1789
HILIC_176.5114823_256.8126103,0.5561656891156327,0.5813200031569702,0.9913379189285378,0.10823954301700009,1790
HILIC_176.9355615_50.25663648,-1.760442350159019,0.08628590669105905,0.6962067550962847,-0.9598768076708724,1791
HILIC_176.9382746_236.4653522,0.603229528137185,0.5498980535891742,0.9857989553982086,0.24530118910262916,1792
HILIC_176.9527649_282.3371373,0.0771042678639495,0.9389404295206953,1,0.023977361144979226,1793
HILIC_176.9717698_293.8093113,0.023285979417151586,0.9815425849208306,1,0.017291257173965607,1794
HILIC_176.9766953_188.4300544,-1.4943632337806871,0.14324290687356406,0.789041397960621,-0.6944414823865858,1795
HILIC_176.9889429_79.43060201,-0.798489510562184,0.4294910548518518,0.9742203846590763,-0.48121579114610297,1796
HILIC_176.9914893_232.7792501,-0.6296577644602195,0.5326424483345449,0.9833164118236528,-0.22468512590079565,1797
HILIC_177.0088229_264.191741,0.11360544648932866,0.9101416883095548,1,0.019424760559277957,1798
HILIC_177.0120478_258.4878853,-0.5078031955292897,0.6144921528418099,0.9931667617408494,-0.09848076229096672,1799
HILIC_177.0210524_124.4339061,-0.3219362452014867,0.7492447987834054,1,-0.18338204337329264,1800
HILIC_177.0246823_74.23450349,0.39057902379991605,0.6982641020426053,0.9999159889500627,0.24105378371512232,1801
HILIC_177.0274924_155.6996135,2.140128874891079,0.03874796950833121,0.5289492821128473,0.9134598538311689,1802
HILIC_177.0294164_27.98649722,1.6908013144988396,0.09896684708786792,0.718134185467518,0.6527166085832186,1803
HILIC_177.0328666_132.1468109,-1.0477930013133578,0.30127596359958436,0.9396681966123791,-0.8747836397369712,1804
HILIC_177.0438648_61.69641946,0.48960812739032256,0.6271930265488839,0.9947980550876518,0.27852025220641335,1805
HILIC_177.0509765_125.0296813,-0.6030610970220549,0.5500089380664298,0.9857989553982086,-0.4345549198018084,1806
HILIC_177.0545292_289.3377142,-0.17796330213210726,0.8596860919386963,1,-0.03529895535289871,1807
HILIC_177.054553_23.42026033,-0.875309688210257,0.3868406943394632,0.9661464710102153,-0.24168397250605952,1808
HILIC_177.0657101_292.9359128,0.22428300549986363,0.8237246644015439,1,0.0715966839504515,1809
HILIC_177.0657364_124.1020639,0.23644673308887443,0.8143411478751391,1,0.13568224359059308,1810
HILIC_177.0869133_279.0821986,-0.8923005305858716,0.37778238379725726,0.9637531830220828,-0.40434295683549687,1811
HILIC_177.0905967_290.1247732,2.340975374890226,0.024516262915977145,0.44372176314516243,0.6988451517603824,1812
HILIC_177.0999987_76.11986294,1.4941076280826362,0.1433094574085758,0.7891312919343589,0.6365880166149883,1813
HILIC_177.1021757_27.78660987,-0.3455381404098227,0.7315732213386874,1,-0.3142625312732763,1814
HILIC_177.1062274_76.07490694,1.3182478813310419,0.19522008430585708,0.8540538915190795,0.36490583974759794,1815
HILIC_177.1090924_76.30026257,0.29924242273871415,0.7663666453177083,1,0.08095190952891995,1816
HILIC_177.1120931_28.18975857,0.17534354197143745,0.8617298441463355,1,0.12351486432998625,1817
HILIC_177.1191368_98.53081358,0.19700387258729815,0.8448621930485545,1,0.12555938545390338,1818
HILIC_177.1231025_101.013579,3.2509368988427583,0.0023950653052381998,0.13935731831589673,1.0782868418653395,1819
HILIC_177.1272503_291.3825204,0.5339522787567106,0.5964483038643955,0.9924074341965825,0.15602373622027504,1820
HILIC_177.1273159_25.3420465,-1.047272368171923,0.30151287931030485,0.9396681966123791,-0.5309924374240114,1821
HILIC_177.1635839_286.1407459,-0.05374061918190069,0.9574200772435842,1,-0.02016133717010462,1822
HILIC_177.4783738_189.0336115,-0.44609960196022136,0.6580274347152102,0.9966192045168055,-0.24658824822550016,1823
HILIC_177.5094726_156.356485,-1.0507699886172412,0.29992375158562273,0.9396681966123791,-0.3127250900184391,1824
HILIC_177.5102443_258.8206004,-0.6921784872705367,0.4929843992723719,0.9781047779839798,-0.2235909606738804,1825
HILIC_177.5393579_25.00276413,2.1392790556497134,0.0388212039713172,0.5289492821128473,1.2770857803946107,1826
HILIC_177.6193806_215.9242915,-0.4843699075700007,0.6308711359463948,0.9947980550876518,-0.1473661644532534,1827
HILIC_177.9481448_247.9613805,-0.17935120802044777,0.8586037404557331,1,-0.048068140642466804,1828
HILIC_177.9574748_291.893079,-0.45518484551588256,0.6515362153990243,0.9965858111391217,-0.44891634999522434,1829
HILIC_177.9606316_206.9893103,-0.34959086018562763,0.7285533301541883,1,-0.12068974017949707,1830
HILIC_177.9800421_188.5325658,0.7126079511051195,0.48039073805034127,0.9781047779839798,0.41986396061842945,1831
HILIC_177.9850898_123.8796734,-0.6914540887549142,0.4934343040899849,0.9781047779839798,-0.27850796251065224,1832
HILIC_177.9851347_288.6094004,0.15933290029660466,0.874240622143802,1,0.06231037815212804,1833
HILIC_177.9990845_188.5491912,-1.7256913567722787,0.09243239344239627,0.7104270552739949,-0.6613363985082568,1834
HILIC_178.0079267_83.65914574,0.30553833726740565,0.7616042367839667,1,0.3986757008556562,1835
HILIC_178.009228_259.3234463,0.14472626433267394,0.8856829681576952,1,0.05097010254060806,1836
HILIC_178.0240088_45.42376417,2.171440378540599,0.03613335137639349,0.5143847335746973,0.43626892327168726,1837
HILIC_178.0278998_74.97310032,-0.803887004752682,0.42640448036821377,0.9732405036444339,-0.4434029257603179,1838
HILIC_178.0353932_284.2135519,0.14696781194781194,0.883925341306549,1,0.05860579055253487,1839
HILIC_178.0354307_164.340753,-1.4301892614103424,0.16073915068989905,0.8217416392249639,-0.504668517274846,1840
HILIC_178.0449047_60.96619758,1.7863481308564717,0.08193032419730588,0.6948552844377854,1.3141502393190005,1841
HILIC_178.0497216_291.2444474,0.41051596299040605,0.6837062064505777,0.9999159889500627,0.1571464618429943,1842
HILIC_178.0531578_60.24461056,-2.0352621574414123,0.04875950345559237,0.5756870782142869,-1.6119625627582432,1843
HILIC_178.0585715_111.3630898,-0.40187778367390203,0.6899991835003667,0.9999159889500627,-0.10028002121756867,1844
HILIC_178.0709243_77.78240179,0.1547141408709803,0.8778559695985266,1,0.0649827536547309,1845
HILIC_178.0849595_154.806783,1.751644506319427,0.08780864785938627,0.6977778646464091,1.3620870337366084,1846
HILIC_178.0861682_43.6483297,0.018471405205875393,0.98535830908398,1,0.0073457035309095215,1847
HILIC_178.0862301_291.0198243,0.8637883612348216,0.39306076126848344,0.9669701703160376,0.19486924277905074,1848
HILIC_178.0903092_176.9490551,-0.4860292875579857,0.6297049378477501,0.9947980550876518,-0.17892838687944165,1849
HILIC_178.1072233_72.73797016,0.5461930038354819,0.5880887576715885,0.9913379189285378,0.20227914645893044,1850
HILIC_178.12256_39.83619929,-0.1629227020868208,0.8714325737226729,1,-0.16929000967324542,1851
HILIC_178.1225782_169.8664426,-1.0509879154668884,0.2998249299803889,0.9396681966123791,-0.5074621893692691,1852
HILIC_178.1306926_26.2674799,0.19103483926039547,0.849503468395189,1,0.16082651999196967,1853
HILIC_178.5084366_154.5465385,0.17140556529291417,0.8648037827370587,1,0.06683747088252172,1854
HILIC_178.5108586_248.704422,-0.2597605394278188,0.796434381874875,1,-0.07524117333172577,1855
HILIC_178.5505617_125.857073,-1.3767254474406407,0.17656115149972534,0.8379986979035302,-0.5671907968354852,1856
HILIC_178.9492703_282.2716476,-0.06986639460942717,0.9446621101933559,1,-0.02048180267670803,1857
HILIC_178.9610216_211.2298796,0.8893650243095615,0.37933760925510884,0.9638726330536317,0.26506291264678045,1858
HILIC_178.9906107_288.5097232,-2.084400002589863,0.04381670657197974,0.549369880483481,-0.41804388825483024,1859
HILIC_179.0024758_189.5488308,-1.7943640353515447,0.08062071868243291,0.6939617698381066,-0.9842536361473421,1860
HILIC_179.0049138_52.9249992,0.564976660214009,0.5753714276464108,0.9913379189285378,0.25187938166411544,1861
HILIC_179.0077439_257.9373526,0.5741312433903849,0.5692227091571455,0.9913379189285378,0.20378106592537942,1862
HILIC_179.0110551_248.8104287,-0.33875926249101584,0.7366341673220251,1,-0.2196879468918306,1863
HILIC_179.0246212_174.5060297,-1.1634292630672516,0.25182466850528074,0.9053010394091442,-0.5496730557325834,1864
HILIC_179.0450614_27.24280602,-0.6136706973404465,0.5430466756103429,0.9844101439284977,-0.3686611631198572,1865
HILIC_179.0541339_132.0968896,-1.0898623444269224,0.2825571934284185,0.9295944216943315,-0.528561692661416,1866
HILIC_179.0621347_107.8649653,-0.6946837581638098,0.4914302043170713,0.9781047779839798,-0.34310276559509956,1867
HILIC_179.0636551_283.9352985,-1.0411527771775024,0.30430728215825203,0.9402374180413365,-0.5243804649750566,1868
HILIC_179.0701621_286.1959833,0.7790567509629281,0.44071495078555756,0.9745894987688215,0.16160237121285626,1869
HILIC_179.0701756_27.63577911,-0.2936820130757796,0.770580347715583,1,-0.15777205043151202,1870
HILIC_179.0813572_284.583572,1.6720195592578813,0.10264028188471179,0.7222851642405752,0.7348944405013887,1871
HILIC_179.09258_282.548482,0.8206843855729574,0.41688524783932446,0.9712636476221591,0.32458745210567613,1872
HILIC_179.1065698_24.23689828,-0.03761441672285251,0.9701897301791378,1,-0.012249014551577642,1873
HILIC_179.1066146_284.9707871,1.5665820766961835,0.1254064403155356,0.7644475925677792,0.3056060867540255,1874
HILIC_179.1066473_129.1014635,0.03401121126569497,0.9730441620433455,1,0.009718921922216784,1875
HILIC_179.1178217_26.09492562,0.09962527682509906,0.9211594506313898,1,0.08924143109156478,1876
HILIC_179.1192306_241.3441861,-0.6600596029893805,0.5131504266952831,0.9815649827569581,-0.32600105368364934,1877
HILIC_179.1277574_143.2994098,1.374458014609031,0.1772579588080154,0.8395304591118246,0.45299166343358105,1878
HILIC_179.1279647_291.9851034,0.958713960805692,0.3436928123915216,0.9564212583657042,0.3476336383878005,1879
HILIC_179.142905_148.8766464,-0.48473545132281926,0.6306141527042108,0.9947980550876518,-0.11666672396211421,1880
HILIC_179.1429764_285.9513472,2.0568405725186483,0.04653191852798835,0.5626718638192326,0.4708554930419238,1881
HILIC_179.4793979_188.6382045,-1.7829354042122383,0.08249329994819411,0.6948552844377854,-0.7850851816234362,1882
HILIC_179.5084477_246.7908262,0.5274912027466235,0.6008833289470825,0.9928144482048423,0.13658129975127767,1883
HILIC_179.6300644_274.4627289,0.15523660012773244,0.8774468787270479,1,0.06367054006166455,1884
HILIC_179.9906053_274.7691879,0.5953590883474388,0.55509165711715025,0.9865304209500617,0.177237546074637,1885
HILIC_179.9937626_127.4001938,0.5108615471390646,0.6123689047571379,0.9929351559041135,0.43931801978358653,1886
HILIC_180.0039696_58.88910796,1.8894420274897108,0.06639050913538744,0.6453074456633235,0.5034193582174118,1887
HILIC_180.0069049_247.6217257,-1.9042639056356288,0.06437807190856958,0.6380943278761061,-0.6058417865824783,1888
HILIC_180.0332432_176.2126843,0.750140572497716,0.45773589736515263,0.9755657681934743,0.37033634434094853,1889
HILIC_180.0420798_39.34426504,-0.47223073084588857,0.6394313737866681,0.9955023063019077,-0.2924622109197069,1890
HILIC_180.0485008_27.20555094,0.8957094196721417,0.3759814930267924,0.9637531830220828,0.9167932233515664,1891
HILIC_180.0529016_27.46385262,-1.1994986660689366,0.23767362581928722,0.8932665963443939,-0.5291594526856669,1892
HILIC_180.0654172_28.9757303,1.436173054989442,0.15903982657191007,0.8193248359762065,0.7206909040647368,1893
HILIC_180.076622_290.6741507,1.761210233532206,0.08615405863318766,0.6962067550962847,0.7141948862227753,1894
HILIC_180.0870705_67.40899956,1.0870172931686168,0.28379669243382355,0.9295944216943315,0.48947759601179913,1895
HILIC_180.0993579_50.74543166,-0.27084741972910564,0.7879571014083883,1,-0.17273117183663875,1896
HILIC_180.1018384_275.7156058,-0.09951151432796133,0.9212491743534152,1,-0.023008087925576827,1897
HILIC_180.1122562_29.7660304,-0.47347470118650753,0.6385518323284164,0.9955023063019077,-0.09824927840392836,1898
HILIC_180.1209911_25.7011162,1.5324575715792441,0.13359706529953772,0.7731053745689995,1.0328024429213731,1899
HILIC_180.1382042_20.04086648,-0.13478353782380612,0.8934861178738631,1,-0.1785174326231384,1900
HILIC_180.1382736_290.9803549,1.8448008429857743,0.07277987653471844,0.6690297603045212,0.6026239653140987,1901
HILIC_180.4773652_189.450424,-1.5488145388028431,0.12961883879231706,0.7695072627505222,-1.1512270484855274,1902
HILIC_180.4827805_188.2160801,1.6195664975089425,0.11349973204221608,0.7398432349432608,0.931631649190362,1903
HILIC_180.508806_248.6171825,1.2604958991338788,0.215086437559269,0.8720020474983524,0.7828809189183695,1904
HILIC_180.903888_131.9231012,1.832084186198681,0.0746930515350033,0.6747716156497422,0.9866283892114007,1905
HILIC_180.9663436_43.26793723,0.8190346639562627,0.41781435404460554,0.9714168272962488,0.5571324698805971,1906
HILIC_180.9940232_123.6851495,-0.24320491107094594,0.8091395031466461,1,-0.10021369520903285,1907
HILIC_181.0080017_60.26459767,0.04885209576571004,0.9612900478932676,1,0.028797385595673762,1908
HILIC_181.0143738_283.7249546,0.9242586110945686,0.36111606968135035,0.9611690139330997,0.14422621160642596,1909
HILIC_181.0260858_26.31557654,-1.181728535317661,0.2445707406764188,0.8996922218064325,-0.6793534539283604,1910
HILIC_181.0286806_230.5851086,-0.03320173926474535,0.9736854703081501,1,-0.010283394710482875,1911
HILIC_181.0455155_39.55372924,-0.7373205103436004,0.46540329431525174,0.977038339924947,-0.9737829341284209,1912
HILIC_181.0458233_126.2904018,1.2232660533381938,0.22867350503241465,0.8849144326765062,0.5654855117830743,1913
HILIC_181.0494286_291.4821856,0.9658839057932498,0.3401384195912993,0.954346097572737,0.44013885590781054,1914
HILIC_181.0528675_37.33662452,2.501193939495052,0.016750327882291152,0.3753889458356548,0.8272296411692704,1915
HILIC_181.0583676_75.19603241,1.279828998586349,0.2082737065769236,0.8683661493536527,0.6359494223788036,1916
HILIC_181.0606326_289.6004606,2.781243390652169,0.008342833092680156,0.26748144466531687,0.9713079501271452,1917
HILIC_181.0607035_26.9809536,-1.2410064286816302,0.22212184398917525,0.8798719757146458,-0.602780071792318,1918
HILIC_181.0688466_25.74434682,0.29914598666941883,0.766439664230738,1,0.3622501432634351,1919
HILIC_181.0719722_29.49601621,-1.0693049842876596,0.2915994317101191,0.9340589136386561,-0.5635069105650367,1920
HILIC_181.0858062_23.77461034,-0.6950802838742497,0.49118446254389936,0.9781047779839798,-0.3183571294047025,1921
HILIC_181.0858652_277.5204387,0.05600779899252927,0.9556256260151073,1,0.01083332212708412,1922
HILIC_181.0969894_287.9676729,-2.3923380279634587,0.021730227310876718,0.42162090439719235,-0.7205120501357356,1923
HILIC_181.0970638_19.0147413,0.464797547127374,0.6446979105695114,0.9962085044382889,0.19843096248637787,1924
HILIC_181.1051135_25.17631216,-0.07419955799333891,0.9412362833566356,1,-0.05348497081767528,1925
HILIC_181.1156323_30.04909934,-1.7082244640964142,0.0956572953621649,0.7129804503146869,-0.4687475824513754,1926
HILIC_181.1222539_131.2069463,-0.960017875185259,0.34304458857635745,0.9561851813631342,-0.29434286449244634,1927
HILIC_181.1336322_24.53664237,0.0698215930036409,0.9446975363022212,1,0.04908830733661204,1928
HILIC_181.1415231_23.23151701,-0.1263975567558144,0.9000758924599817,1,-0.12460594417379585,1929
HILIC_181.1585634_155.234232,-1.2585165151729565,0.21579326159112605,0.87223789657115125,-0.5476663668301507,1930
HILIC_181.1585995_19.78690586,2.2579219945962437,0.029706272247377114,0.4820529586073107,0.663837647070518,1931
HILIC_181.1586392_289.7608677,0.3467721697634512,0.7306532218333607,1,0.09476998377415953,1932
HILIC_181.9506163_211.2538335,-1.5897267134070863,0.12008626510307345,0.7563416341912984,-0.611386544807371,1933
HILIC_181.9881458_279.9968028,1.218956688043596,0.23028636931703433,0.88737279623999,0.23987529552103964,1934
HILIC_181.9950037_126.9901949,0.8961833481679495,0.375731556956458,0.9637531830220828,0.5080077913728738,1935
HILIC_182.0125749_196.3276753,0.22490325462234567,0.8232455359883507,1,0.10119648799513682,1936
HILIC_182.0266591_32.40211977,0.5922077561233479,0.5571781456122862,0.9878934493313638,0.40207083813822364,1937
HILIC_182.0330095_133.7317679,-1.2446801772861726,0.220782731379825,0.8783227931063688,-0.5159014009441373,1938
HILIC_182.0402961_39.59181541,0.8592286093500577,0.39553975771916317,0.9669701703160376,0.5955965352121796,1939
HILIC_182.048069_54.45554146,1.7489118764815064,0.08828617551283088,0.6987283714390797,0.6480057291324144,1940
HILIC_182.0577115_55.79508572,-0.4467719472689738,0.6575461305546636,0.9965858111391217,-0.3603047025768304,1941
HILIC_182.0632265_46.42745698,-1.0969224063091656,0.27949784021543483,0.9277226008418511,-0.7404280176444458,1942
HILIC_182.0679581_36.05634307,0.0026666589504383263,0.9978861041569909,1,9.84776265430788e-4,1943
HILIC_182.0753242_29.26295537,-0.6239673992849992,0.5363336342299341,0.9833164118236528,-0.33748351181778874,1944
HILIC_182.0811139_45.79865375,1.4172797422898629,0.16445383563470137,0.8264778495909016,0.4586087117599836,1945
HILIC_182.0891778_24.68261201,-0.13901652908836803,0.890162667738511,1,-0.11754052122721224,1946
HILIC_182.0922708_284.1298849,0.8684776730845897,0.3905215568318373,0.9669701703160376,0.30364423286262393,1947
HILIC_182.1174905_282.5119173,0.4159381288264815,0.6797677182572145,0.9999159889500627,0.18004749445883703,1948
HILIC_182.1277202_43.3459627,-1.4705443671308138,0.14955106127591217,0.8019349557758078,-1.0366894810236362,1949
HILIC_182.435473_194.127168,0.11392083996027648,0.9098933255949222,1,0.07129681543433943,1950
HILIC_182.440173_196.3612331,-0.4811249518155684,0.6331544243401417,0.9947980550876518,-0.19930787085008053,1951
HILIC_182.9455973_36.1123656,-2.8265745102502278,0.00742662003820209,0.25823890481844997,-2.0183640744899254,1952
HILIC_182.9617472_287.0359003,1.461473551569214,0.1520105317493446,0.805855527144555,0.5836211863043637,1953
HILIC_182.9850816_290.1101217,-1.6080591697881343,0.11600386084611822,0.7448916680722734,-0.5661572158560207,1954
HILIC_182.9939567_126.3683207,-1.5269033241789602,0.134970055583086,0.7744264328744634,-0.7444235667795102,1955
HILIC_183.0053553_41.47964946,2.0077851496447616,0.05173025881247681,0.591902670024771,0.7389331327961295,1956
HILIC_183.0112176_119.6135864,-1.0646819219787576,0.2936604546276152,0.9363518859752049,-0.6857372947856003,1957
HILIC_183.0610963_55.89239367,0.07586539931960352,0.9399195555601707,1,0.047641518743276025,1958
HILIC_183.0650877_289.3294247,0.7055296732185983,0.48473337425095264,0.9781047779839798,0.2522466677159591,1959
HILIC_183.0739307_57.32326383,-1.4382466951553619,0.15845424553127932,0.819123460775386,-0.9019065952936214,1960
HILIC_183.0780567_43.97716956,-0.5743333605974051,0.5690873248881754,0.9913379189285378,-0.12223459137056897,1961
HILIC_183.0846468_46.45808471,-0.5423622958199221,0.5906988036206318,0.9919344024228657,-0.16398948424286902,1962
HILIC_183.1015545_141.2745454,0.31483066833512774,0.7545924195648773,1,0.07798595111200786,1963
HILIC_183.1124347_165.907121,-1.0471873383421442,0.3015515846400533,0.9396681966123791,-0.4575545451324102,1964
HILIC_183.1127014_286.1362044,0.7928266193486874,0.4327438608135623,0.9742203846590763,0.21933195731014252,1965
HILIC_183.1378913_296.6930817,-0.6682501158387765,0.5079658728939089,0.9792480731462698,-0.16691774111105218,1966
HILIC_183.1379094_139.1520528,-0.1127522015796911,0.9108136382628824,1,-0.030207934606758864,1967
HILIC_183.1742287_284.2291314,2.170609443769529,0.03620066729097175,0.5146719304444943,0.7331024365740276,1968
HILIC_183.4922608_125.4653661,0.31809223546198523,0.7521362441669619,1,0.2583941429516259,1969
HILIC_183.9448067_231.1736587,-1.0192436847602366,0.31445790229557374,0.9432451997699547,-0.5378466275148245,1970
HILIC_183.9917546_188.3840891,0.4165787859271463,0.6793029621468475,0.9998922079384405,0.25617322394766423,1971
HILIC_184.00283_165.7153802,0.8487216575875249,0.4012893393830237,0.9669701703160376,0.5005598143406748,1972
HILIC_184.0028684_287.0176948,-2.5224412707725263,0.015909171198422712,0.3638036092099284,-2.0427501285784886,1973
HILIC_184.0370549_34.57364404,0.36529816774429885,0.7168907157831436,1,0.19330225758406103,1974
HILIC_184.057884_43.86409827,-0.45363733224483055,0.652639961840638,0.9965858111391217,-0.26724781620396654,1975
HILIC_184.060265_290.6329397,2.256821606065214,0.02978118261670638,0.4820529586073107,0.5950655288055814,1976
HILIC_184.0738726_36.40052014,-2.509697176703883,0.016408939714801767,0.37296455109402943,-1.0311629618266396,1977
HILIC_184.081454_45.46962315,-1.0387113044097025,0.3054271104487009,0.9402374180413365,-0.21206533916598996,1978
HILIC_184.0850679_45.3121371,2.6751562707448273,0.010912622082600127,0.3034288370223858,2.026728026707674,1979
HILIC_184.107965_160.3900332,-1.2455994013707756,0.22044860927287635,0.8778528260192604,-0.5617299599157043,1980
HILIC_184.1136651_63.75808207,-0.7838594724018613,0.43792486568181965,0.9745124110909839,-0.586947438858457,1981
HILIC_184.1330653_34.69289927,-1.646100467505654,0.10789408885261012,0.7299405333124399,-0.8572629289535827,1982
HILIC_184.1331508_288.8905135,0.0656112039942287,0.9480273272355232,1,0.01916527994969591,1983
HILIC_184.9696392_125.2057846,0.19822407286115723,0.8439140983363469,1,0.10293438725830738,1984
HILIC_184.9854437_274.5568402,0.7207284433955262,0.47543594355950525,0.9781047779839798,0.11694406090884742,1985
HILIC_185.0034426_41.40592498,1.7250356338761041,0.09255179928954864,0.7107792320192535,0.9076530877284658,1986
HILIC_185.031803_65.18526639,-1.7170862896689534,0.09400962466645031,0.7121317722762723,-0.37155072651450255,1987
HILIC_185.0419552_55.97822671,-0.015058369893159926,0.9880634792173626,1,-0.007390438223350554,1988
HILIC_185.0517848_31.29311249,0.15394955408885838,0.8784547098556685,1,0.13863492366268723,1989
HILIC_185.0519397_290.7574589,-0.17215106573331948,0.8642216890718468,1,-0.13115814869025755,1990
HILIC_185.0555916_104.5906716,1.511016517100464,0.13895985188621965,0.7821781702373739,0.5927513488295844,1991
HILIC_185.0765461_281.5493975,1.4608002617637788,0.15219435703614861,0.805855527144555,0.346567943032622,1992
HILIC_185.0783246_53.65830711,-0.3250516709441721,0.7469040734588339,1,-0.19983504938165458,1993
HILIC_185.0808416_285.3140466,0.9536788116831824,0.3462035966225575,0.9572455292742392,0.2048636436030919,1994
HILIC_185.092036_286.4996673,-0.8247895520889736,0.4145787634428193,0.9702967640516138,-0.12274868494682194,1995
HILIC_185.0973992_49.85670154,-0.36183652684471723,0.7194551979663595,1,-0.12846362449596951,1996
HILIC_185.116778_278.3669761,-0.06462230981090565,0.9488095344210967,1,-0.013621705500398755,1997
HILIC_185.1168814_148.2371217,-0.22638463254643373,0.8221014824848393,1,-0.06465742953297707,1998
HILIC_185.1284234_30.19792444,-0.5108149764379666,0.6124012109853665,0.9929351559041135,-0.1616500916600768,1999
HILIC_185.15354_149.6581423,-0.7683055284560961,0.44699900763596634,0.9745894987688215,-0.15137605210287403,2000
HILIC_185.1536078_287.3414975,1.3057530591937379,0.19939529851894286,0.860060322352524,0.29042226275889793,2001
HILIC_185.1647914_29.72617851,-1.2721028213795733,0.21097655535151072,0.8683661493536527,-0.44654375548678715,2002
HILIC_185.5012914_169.4440862,-0.5232733320750222,0.6037868975955212,0.9928201179984223,-0.15649149231690074,2003
HILIC_185.5153126_166.6630711,-0.7187681835725611,0.47662934009930724,0.9781047779839798,-0.6129396365377394,2004
HILIC_185.5404432_253.3528153,-2.0707447641470873,0.04514417456303197,0.5562470450080254,-1.3445097078542239,2005
HILIC_185.9596783_53.42920303,-0.7686143073147513,0.4468177913697894,0.9745894987688215,-0.3221365459577546,2006
HILIC_185.9832595_269.987821,0.5043768801587859,0.6168748522678174,0.9941432998088449,0.43153520228864806,2007
HILIC_185.9888185_281.4105169,0.3902023413429902,0.6985402896203673,0.9999159889500627,0.17319286135891826,2008
HILIC_185.9968901_277.625621,0.3390003977421888,0.736453936182356,1,0.1099916366074351,2009
HILIC_185.9995138_122.8052982,-0.594103432968928,0.5559225473666287,0.9870981072297655,-0.3198298490467024,2010
HILIC_186.0083084_268.6717431,0.2274309853922215,0.8212936312653316,1,0.09614513858698806,2011
HILIC_186.0217234_28.94576576,0.7323773656443965,0.4683793904673178,0.9777549229263227,0.47369276736432386,2012
HILIC_186.0358052_195.9401695,-0.7473866748276321,0.4593767028274285,0.9755657681934743,-0.5704354084355799,2013
HILIC_186.0525848_48.77374077,-1.0256790382830625,0.31145263172408066,0.9421850854569164,-0.7858693392946199,2014
HILIC_186.0582464_27.92380371,0.7051035420332986,0.4849955163586921,0.9781047779839798,0.4552774901934087,2015
HILIC_186.0759878_290.2554697,-0.6837694032130567,0.4982211014965904,0.9781047779839798,-0.14976789069846638,2016
HILIC_186.0760086_60.00224771,1.1092057869124552,0.2742309951684181,0.9222085663954013,0.34919639542590647,2017
HILIC_186.0985371_59.51275668,-0.005385437999913156,0.9957309080031648,1,-0.0025309662052055773,2018
HILIC_186.1059238_62.81772673,-0.6150560717279453,0.5421409395463721,0.9844101439284977,-0.4365805080959114,2019
HILIC_186.1123889_270.5203581,-0.4306641169114493,0.6691172338287448,0.9991285755583671,-0.12629710517014572,2020
HILIC_186.1124092_38.72677831,-0.11467210276982523,0.9093017660154374,1,-0.031343563323285,2021
HILIC_186.1254477_29.97641059,0.3436827483915241,0.7329572170697431,1,0.10264887831941898,2022
HILIC_186.127079_243.7761235,-2.384256423572831,0.022148704355987,0.4244273204202801,-0.7795320577339285,2023
HILIC_186.1317871_29.85717111,-0.32918582186150375,0.7438016914471284,1,-0.10741596143095611,2024
HILIC_186.1458627_27.14696212,0.9471534553973852,0.3494754958871147,0.9575312132874918,0.691045701567646,2025
HILIC_186.1487195_282.9745967,1.6819848643856816,0.10067741109568909,0.7186318355052214,0.7714168464231349,2026
HILIC_186.1487938_43.09946676,0.7985317074810128,0.42946687218485846,0.9742203846590763,0.43409870278989715,2027
HILIC_186.8282383_45.28411852,-0.8650880525573872,0.392355954896047,0.9669701703160376,-0.18766159719703737,2028
HILIC_186.9227268_219.754096,0.13986347178109018,0.889497946076033,1,0.055123612976857334,2029
HILIC_186.9561615_291.2600871,-0.2225473537654679,0.8250657785080285,1,-0.11460597594352152,2030
HILIC_186.980847_25.6455885,-0.39466042528385675,0.6952742444988116,0.9999159889500627,-0.059190643863485944,2031
HILIC_186.9808821_284.854919,0.2697375096716066,0.7888046076519049,1,0.046785923404521736,2032
HILIC_186.996088_174.3802114,-0.5791364543328568,0.5658747782321043,0.9913379189285378,-0.09121260351068633,2033
HILIC_187.0010343_260.4505681,1.7600840535152402,0.08634748531463028,0.6962067550962847,1.062862479250861,2034
HILIC_187.0410322_170.0334591,-2.2876815229263605,0.027743190011682243,0.4662503487848631,-1.3994995492993194,2035
HILIC_187.0599106_289.3991322,0.5968834306863909,0.554083820145274,0.9865181901455302,0.19971968169609708,2036
HILIC_187.0658594_96.43001735,1.3358032598585614,0.18946688091276614,0.849590510284177,0.4740571838627163,2037
HILIC_187.0712641_110.372378,0.9101173890469666,0.3684308543984227,0.9637531830220828,0.3603037636849103,2038
HILIC_187.0746112_119.887495,-0.7348969340119926,0.4668610788929003,0.9776576312193367,-0.35793000713111844,2039
HILIC_187.0792633_285.1545802,0.35684971521673203,0.7231553407447843,1,0.10016926458216081,2040
HILIC_187.0864331_27.59526962,-1.9022615074848843,0.06464685332575998,0.6395199841492447,-1.5034075781616894,2041
HILIC_187.0964755_289.5002955,-0.9809279587355213,0.33276042507800296,0.9522362286033444,-0.2989438490479179,2042
HILIC_187.1076167_290.0445674,-0.1821808010001155,0.8563979541464734,1,-0.056046221811296905,2043
HILIC_187.1076522_163.9135303,0.014191200214615684,0.988750821490751,1,0.00501065825741762,2044
HILIC_187.1158283_39.14694415,-0.413884494470986,0.6812583517576802,0.9999159889500627,-0.14328620852284515,2045
HILIC_187.1440099_38.41105813,-0.5374127097326633,0.5940793760070945,0.9921034274533279,-0.20809226284961754,2046
HILIC_187.957822_53.50670324,-1.2803150830325054,0.20810453591829287,0.8683661493536527,-0.8577843245919223,2047
HILIC_188.0141984_34.60940125,0.9953723180370831,0.3257783330409947,0.9506069103298993,0.27764452932605305,2048
HILIC_188.0292818_285.106868,-0.0929813877619135,0.9264011508002036,1,-0.09497847276235,2049
HILIC_188.0351186_75.12168387,0.792849713902968,0.43273056510175334,0.9742203846590763,0.3772799976846689,2050
HILIC_188.0625941_36.05782173,0.2097285695540049,0.8349868574263904,1,0.12029571753882035,2051
HILIC_188.0656101_35.95249214,-0.5498724693830642,0.5855869895633925,0.9913379189285378,-0.20354957432795256,2052
HILIC_188.0705216_35.61427005,-1.729189303570616,0.0917975945770484,0.7076252261066881,-0.4548776642673488,2053
HILIC_188.0746071_93.85721241,0.6898327519822349,0.49444210122775756,0.9781047779839798,0.18981048904898112,2054
HILIC_188.0917014_289.0630584,2.024827681189128,0.04986966386474192,0.5792468640695745,0.6194686522653327,2055
HILIC_188.0917697_143.0937553,-0.4702525187363542,0.6408311417042286,0.9955023063019077,-0.11287685642289451,2056
HILIC_188.1028204_45.20398452,0.3995079677778416,0.6917295371649941,0.9999159889500627,0.2172277908001508,2057
HILIC_188.1068474_286.8646581,1.7058114138156308,0.09611009152874771,0.7130752058283747,0.7028061157217349,2058
HILIC_188.1279915_47.23153985,-0.0951988547973132,0.9246512978443857,1,-0.04743371334651418,2059
HILIC_188.1756951_276.1490719,0.04352345710399245,0.9655095101412352,1,0.021845837378569568,2060
HILIC_188.4846973_188.9064638,-1.634239484842653,0.11037108862931046,0.7344048294648315,-0.6824271990567903,2061
HILIC_188.8253678_44.58625017,0.3060169819390719,0.7612425573226537,1,0.07834322006918654,2062
HILIC_188.9339258_184.4498411,1.4904909991973427,0.14425374200082644,0.7912074889195481,0.7152718348207509,2063
HILIC_188.9568917_119.1746568,0.8718569840408329,0.3886981392996689,0.966883004215445,0.6167692643955079,2064
HILIC_188.9783841_278.789779,1.2959536938582654,0.2027169878542549,0.8647457759331585,0.3230721706421999,2065
HILIC_188.9863674_188.7954299,-0.2343806499229674,0.8159330855308761,1,-0.12862798408672235,2066
HILIC_189.0036185_61.87736556,0.0470969580157989,0.9626797286007319,1,0.030751225569650213,2067
HILIC_189.046693_34.65529738,1.4585396489708784,0.15281284880966706,0.807225909482135,0.9359223318345599,2068
HILIC_189.0544634_23.54736013,-0.6821312063749814,0.49924484641097455,0.9781047779839798,-0.7325896362024168,2069
HILIC_189.0657237_287.3112368,0.21087977444471878,0.8340947417476423,1,0.06448994017273126,2070
HILIC_189.0676547_35.63243265,-1.4313169054679198,0.16041782768197835,0.8211337344168828,-0.5890152756748849,2071
HILIC_189.0742046_35.24615027,-1.793357220121159,0.0807842317870919,0.6939617698381066,-0.3855077032814705,2072
HILIC_189.0869334_90.81253628,-0.41305115846349394,0.6818635995040383,0.9999159889500627,-0.10508650959661459,2073
HILIC_189.0904663_128.4664384,-0.20876470072306627,0.8357339685945725,1,-0.07406702485771706,2074
HILIC_189.0908374_290.1687049,0.9941207286813549,0.3263793788141901,0.9506069103298993,0.2765128075811789,2075
HILIC_189.0909146_24.31122361,0.08552968786766012,0.9322841155977336,1,0.04194947936959378,2076
HILIC_189.1232527_284.3639902,0.2722971644318117,0.7868504969312518,1,0.10808275284743943,2077
HILIC_189.1232959_50.54951175,-0.39172102900972,0.6974270256045907,0.9999159889500627,-0.19524178173278164,2078
HILIC_189.1273672_27.85901194,0.7095904350366854,0.48223933261547003,0.9781047779839798,0.21148072577765498,2079
HILIC_189.1313694_49.29777494,-1.1400701042826835,0.2613092479817672,0.9127169525485369,-0.9747099609067675,2080
HILIC_189.1345336_91.61463744,0.8247039459735321,0.4146267809623736,0.9702967640516138,0.2696918643417159,2081
HILIC_189.159784_262.1164904,0.6859088767411684,0.49688584747428044,0.9781047779839798,0.30142803917913996,2082
HILIC_189.1632964_264.4743333,1.0851683429763288,0.2846042703319906,0.9295944216943315,0.3797066734660723,2083
HILIC_189.1636622_22.5049538,0.6374435891500337,0.5276137292043366,0.9824083431236167,0.27444150949910595,2084
HILIC_189.1790786_254.0410206,-0.10833890520632072,0.9142902579381824,1,-0.045164730381628715,2085
HILIC_189.4826278_188.906452,-0.9364224922064507,0.354900361052103,0.9588670540445742,-0.6848714182625188,2086
HILIC_189.4880466_188.4219348,0.05575527988252367,0.9558254810909803,1,0.028394226074561487,2087
HILIC_189.642117_25.67569181,-1.777867188541889,0.08333538275154771,0.6948552844377854,-1.461536964711194,2088
HILIC_189.9780076_39.13499839,0.5448585810944411,0.5889973351546132,0.9913379189285378,0.4301875624328382,2089
HILIC_190.0497634_287.5018905,1.218953290578735,0.23028764419289874,0.88737279623999,0.46299873931633007,2090
HILIC_190.0498338_38.03580353,0.41466036503078824,0.6806950325185033,0.9999159889500627,0.21849108937895484,2091
HILIC_190.0709097_281.7891923,-0.07776744924949743,0.9384163307822875,1,-0.020159090664076798,2092
HILIC_190.0761907_36.55826196,-1.7353859098611062,0.09068198762414496,0.7034668280907063,-0.4946667255182381,2093
HILIC_190.0839623_91.67311202,0.8767284383334216,0.3860790861450426,0.9661464710102153,0.5968929287504356,2094
HILIC_190.0858234_45.95928595,0.46579672091285657,0.6439888920635273,0.9958721817421019,0.1285445133721007,2095
HILIC_190.0861531_286.0463922,0.3009179149803085,0.7650983504833883,1,0.08896917222175064,2096
HILIC_190.0902796_97.3553328,-1.212325290706849,0.23278469616491132,0.8879258919320564,-0.31785594218487523,2097
HILIC_190.1073158_290.1428451,-0.12833335450073655,0.8985540729634236,1,-0.0597604381507008,2098
HILIC_190.1185759_69.64256525,0.5328128284227257,0.59722932168660825,0.9926441645891467,0.23930254339929677,2099
HILIC_190.1266124_23.61802108,-0.7378101550270697,0.46510909195636874,0.977038339924947,-0.5748341602129846,2100
HILIC_190.1379246_95.47006501,-0.07662785775427178,0.9393169437072942,1,-0.04949399403127742,2101
HILIC_190.1631478_245.1898113,0.8841348747879687,0.38211865917980314,0.9638726330536317,0.3262343840013888,2102
HILIC_190.5018065_214.8814648,0.45043959346527374,0.6549232168326125,0.9965858111391217,0.32306440860068864,2103
HILIC_190.5084875_166.806083,0.8062085067546423,0.42508106734849993,0.9727638118055257,0.7014054617114979,2104
HILIC_190.5373443_124.9690409,-0.07779962094264371,0.9383909068518914,1,-0.029326417547903192,2105
HILIC_190.8230877_43.9076883,-0.7496168934446144,0.4580476481723246,0.9755657681934743,-0.291826444919635,2106
HILIC_190.9119388_52.80500241,0.46626869157516193,0.6436540964322139,0.9955023063019077,0.13246247688837395,2107
HILIC_190.9653426_185.7984815,-0.4091100907275003,0.6847288547680332,0.9999159889500627,-0.14600516173459843,2108
HILIC_190.9792838_291.7675654,1.5937753341844818,0.11917476790744719,0.754325384297339,0.6057284461551252,2109
HILIC_191.0001703_235.7894105,-0.23278387768533745,0.8171639559987265,1,-0.17812784814408247,2110
HILIC_191.0353037_125.0132971,-0.46043725132521357,0.647795922923665,0.9965858111391217,-0.1426172495351305,2111
HILIC_191.040393_68.8312641,-1.035322448641411,0.30698617748481005,0.9414175050708642,-0.27125551840487316,2112
HILIC_191.0532028_38.56069981,-0.4012918084463839,0.6904268850713675,0.9999159889500627,-0.26615401099382857,2113
HILIC_191.0661686_79.35477764,0.5287658251796487,0.6000071745690608,0.9927179766037689,0.2304506852587174,2114
HILIC_191.0701537_289.6690298,2.4325935783123316,0.019750387386783978,0.4041845899822696,0.9900198740747438,2115
HILIC_191.0766831_139.257612,0.7537492471420779,0.45559098935353615,0.9753792522951469,0.3602680618566604,2116
HILIC_191.0813939_289.1510329,2.158121208011195,0.03722583027439658,0.5220805529735174,1.0171980647036842,2117
HILIC_191.0913642_87.37594751,0.08312320336530071,0.9341848238670168,1,0.023405059429140774,2118
HILIC_191.1026085_98.69717567,0.21212798599253418,0.8331277024477364,1,0.06682527323124421,2119
HILIC_191.1065442_20.49479685,-0.6362074959613151,0.5284104154562894,0.9824083431236167,-0.22285439270165613,2120
HILIC_191.1065988_284.6493309,1.8623120429521636,0.0702137163707491,0.6575902796277318,0.46781478854856984,2121
HILIC_191.1120851_291.3042411,-0.21200385475462388,0.8332238601471059,1,-0.08926692424253431,2122
HILIC_191.1218924_69.04892503,1.5464049572497014,0.13019880655645757,0.7695072627505222,1.0080401933306038,2123
HILIC_191.1389546_111.8244038,0.8986209936084477,0.3744476992489634,0.9637531830220828,0.3974651127693531,2124
HILIC_191.1429332_23.54448686,-0.15376333069901,0.8786005504864377,1,-0.04705721351331118,2125
HILIC_191.1429356_283.2871552,1.0901579076051287,0.2824286449177984,0.9295944216943315,0.4587856582791664,2126
HILIC_191.4454598_174.1422989,2.4776375970497293,0.017730172640614238,0.38540492420368255,1.9121974441296834,2127
HILIC_191.4987489_124.7638158,-1.317536728082749,0.1954559181432789,0.8546096504399977,-0.874252476006902,2128
HILIC_191.5329414_125.8650348,0.2565480206876737,0.7988954698150035,1,0.0907236900885505,2129
HILIC_191.9225431_234.6457195,0.0694893598073732,0.9449602476020822,1,0.016792930714590745,2130
HILIC_191.982379_56.73504175,-0.6166838308488779,0.5410777376913869,0.9844101439284977,-0.40138255006711154,2131
HILIC_191.9976869_26.38386151,-0.4716388056939968,0.6398500759528729,0.9955023063019077,-0.31513340244390303,2132
HILIC_191.9989557_126.5438221,0.286172871848444,0.7762819738791826,1,0.21271036485481032,2133
HILIC_192.0033364_64.32084402,-1.1359155160225483,0.26302269959822,0.9142224099993714,-0.6103994384053733,2134
HILIC_192.0039103_190.0514262,-0.6909586867588908,0.4937421167420242,0.9781047779839798,-0.3261348099274674,2135
HILIC_192.0145656_61.86280472,0.18405872491394557,0.8549346760196248,1,0.13704166829428516,2136
HILIC_192.0242903_64.52836161,-1.5622596961725015,0.12642086582127093,0.7652102591223218,-0.50930953234204,2137
HILIC_192.0397404_38.22198317,3.018906002088193,0.004487878881354908,0.2085934237458154,1.2343698100413185,2138
HILIC_192.043635_69.24772409,-1.2434482391108646,0.22123111127827735,0.8787783868821877,-0.3296008114516435,2139
HILIC_192.0654074_288.2584968,-0.3998044713754512,0.6915129491586247,0.9999159889500627,-0.0814675181861639,2140
HILIC_192.0655181_39.09532097,-1.6921889030826671,0.09869983594238303,0.718134185467518,-0.33800448802052513,2141
HILIC_192.0742695_109.3497511,0.747217257994711,0.45947775510678324,0.9755657681934743,0.25273117436345166,2142
HILIC_192.0807158_22.69975725,-0.7639288691979129,0.4495722524822091,0.9745894987688215,-0.9235379790636127,2143
HILIC_192.0961473_286.6481239,-0.09653601689981033,0.9235962958053808,1,-0.03734409236183446,2144
HILIC_192.1018186_286.4640903,-1.594406765304608,0.11903311819997452,0.7539741926189859,-0.46399647975743386,2145
HILIC_192.1052145_25.36690374,1.6455218362530069,0.10801385774666035,0.7299405333124399,1.2972317783676082,2146
HILIC_192.1059463_113.2593054,-0.45161679397338056,0.6540822784157673,0.9965858111391217,-0.15567888055068863,2147
HILIC_192.1229137_60.30184476,0.11268235076977583,0.910868650322215,1,0.11555938833191275,2148
HILIC_192.1381825_279.7349601,-0.2857873975196609,0.7765750026482526,1,-0.11911485124626825,2149
HILIC_192.1593848_26.15972422,-0.22510895325534583,0.8230866535608912,1,-0.05660974311241276,2150
HILIC_192.4976492_127.288099,0.007709322303428104,0.9938887728563786,1,0.007103908862771814,2151
HILIC_192.5045774_211.098295,-0.6662998434234915,0.5091977891644804,0.9800000102223171,-0.37877095079355017,2152
HILIC_192.6247351_225.618704,-0.6011767376140968,0.5512502621044624,0.9858134543858914,-0.2233349456484651,2153
HILIC_192.888588_239.855594,-0.7168596252554468,0.47779289776609657,0.9781047779839798,-0.32477967673352653,2154
HILIC_192.9330146_285.736068,2.4982676807373543,0.016869301877541872,0.37591025885983376,0.8176837438174183,2155
HILIC_192.9761812_292.4536787,-0.736629535836059,0.4658186482753125,0.9771832593684718,-0.496703361336994,2156
HILIC_192.9985292_74.46366242,-0.9852160713753584,0.33067723634013635,0.9506069103298993,-0.38729639524717413,2157
HILIC_193.0062904_289.6819004,0.1814897518303903,0.8569365490552008,1,0.050542786681999304,2158
HILIC_193.0276796_64.55541554,-1.0149589272300872,0.31646981375221606,0.9446590868415949,-0.9476658633547482,2159
HILIC_193.0688673_38.92501314,-1.9763244098049038,0.05532385529059313,0.6065607728992479,-0.4488406674411847,2160
HILIC_193.0851115_29.24667648,0.8042267536883584,0.42621064464299785,0.9732405036444339,0.3238283447981648,2161
HILIC_193.0857971_156.9578277,-1.1832085210962835,0.24399079677492932,0.8989435781740478,-0.46576934341510723,2162
HILIC_193.0858082_286.7368472,-0.010350870583808826,0.9917948682454512,1,-0.005809431428942692,2163
HILIC_193.0947296_48.95274947,-1.0780830514919164,0.28771391370677546,0.930014439641605,-0.8649663702974941,2164
HILIC_193.122239_23.98620782,0.15403684366275433,0.8783863506030145,1,0.05239273433189429,2165
HILIC_193.1223303_149.2942183,-0.16185182737749068,0.8722700688311186,1,-0.0385870706429946,2166
HILIC_193.1223824_272.0086381,0.9347760103898041,0.35573757776888715,0.9588670540445742,0.18691340809014906,2167
HILIC_193.1310509_53.78011388,-0.26707234093430815,0.7908407392481738,1,-0.057207779187766185,2168
HILIC_193.1433981_118.4366456,-2.040944871333703,0.04816401601078761,0.5734819207320505,-0.8413405378827402,2169
HILIC_193.1434091_293.0151694,0.35354328206476376,0.7256123875376752,1,0.11014035005619854,2170
HILIC_193.154737_52.85286949,-0.8860868413728435,0.3810792148426241,0.9638726330536317,-0.3030021813270917,2171
HILIC_193.1586262_284.5118563,-0.04683527603309928,0.9628869330265255,1,-0.0139214946421218,2172
HILIC_193.1627242_26.07840289,-0.3766517899615046,0.7085030284384874,0.9999159889500627,-0.13325514357653628,2173
HILIC_193.5021585_217.475952,-0.4464555785014696,0.657772587483696,0.9965858111391217,-0.2785199056827105,2174
HILIC_193.9299452_293.3161661,0.8729198172321602,0.3881257684349734,0.9663162951051397,0.24576331622592185,2175
HILIC_193.9434998_223.5000494,-0.5783955227447811,0.5663697590611418,0.9913379189285378,-0.28246501459196643,2176
HILIC_193.9481776_227.1491968,0.4250916258429271,0.673139522327098,0.9996367449012522,0.23904836762076892,2177
HILIC_193.9736422_228.6738001,-0.8423804745638855,0.4047844507008863,0.9672616821631036,-0.326888802747784,2178
HILIC_193.9858021_256.0179622,-0.10835840177435611,0.9142748955150539,1,-0.059866096611591375,2179
HILIC_193.9979682_43.19462209,0.3534098922112215,0.7257115728400392,1,0.09625637853046265,2180
HILIC_194.0178168_133.6340872,0.027136915485161547,0.9784908903870448,1,0.01893105983583766,2181
HILIC_194.0221069_46.03803385,4.541398028495313,5.388613517924148e-5,0.030233970845210126,1.5430834163255003,2182
HILIC_194.0485465_66.73048145,-1.9059145027906284,0.064157233992124793,0.637514323855965,-0.7389831942925035,2183
HILIC_194.0812177_289.382638,0.9503158204518057,0.3478873042732268,0.9574386235069654,0.2184244374938897,2184
HILIC_194.1036421_30.94494421,-0.19132291906001633,0.8492793433942998,1,-0.10913717513752606,2185
HILIC_194.1386153_41.23288618,-3.1765473244260645,0.002935937894277087,0.15802674672714098,-2.1324121174103396,2186
HILIC_194.945661_40.66616306,-0.20552981301803058,0.8382425076870355,1,-0.12641010263763713,2187
HILIC_194.9749267_292.3929938,0.756762620342787,0.45380442671537446,0.9753792522951469,0.5657884693509877,2188
HILIC_194.9836349_253.5296879,1.0782274211629854,0.2876503148345379,0.930014439641605,0.6190021509359046,2189
HILIC_194.996688_74.79722878,1.1299733280060853,0.26548738633968594,0.9154536521941322,0.8875900169247418,2190
HILIC_195.0013151_43.34700501,1.2721810849490947,0.2109490448217824,0.8683661493536527,0.8302357671061745,2191
HILIC_195.0073224_171.146999,-0.7768375036477909,0.4420077667223692,0.9745894987688215,-0.33101025513524657,2192
HILIC_195.0211963_133.9989823,0.21794609535479126,0.8286236662111501,1,0.09721798944125903,2193
HILIC_195.025686_188.1834562,-2.1907161779001165,0.03460259561668632,0.5051806556928042,-0.8496317814114591,2194
HILIC_195.0641662_38.08715552,0.8245046895750577,0.4147385595548432,0.9702967640516138,0.426484799933639,2195
HILIC_195.0650892_285.7843097,2.1410249432671136,0.03867088160316587,0.5287376414149136,0.8002947133818089,2196
HILIC_195.0763392_289.0326296,0.9435883173513556,0.3512716945888028,0.9578247927857968,0.3241264056498622,2197
HILIC_195.0764002_29.77909331,-0.7780415100190153,0.4413060965999819,0.9745894987688215,-0.3015515201123968,2198
HILIC_195.0876163_27.21857729,-0.9981367639203166,0.3244534265368322,0.9506069103298993,-0.6228180463667674,2199
HILIC_195.0921487_25.5398412,-0.3761968383677643,0.708838434489172,0.9999159889500627,-0.4205509736646545,2200
HILIC_195.1015136_292.69148,-0.032691034540396305,0.9740900878202905,1,-0.008051418233905226,2201
HILIC_195.1015232_23.38078652,-0.29119133383387846,0.7724700886164348,1,-0.12711943645845777,2202
HILIC_195.1127949_32.45642944,0.36905821947117484,0.7141089175659338,1,0.09752574839497792,2203
HILIC_195.1220185_155.6449329,-0.11925971631168648,0.9056905325984836,1,-0.04262935965927591,2204
HILIC_195.122147_284.3775211,-0.17975506010929504,0.8582888501974268,1,-0.06908491872129442,2205
HILIC_195.1225638_27.84241529,-0.7592958620859842,0.45230570612723686,0.9750316892785739,-0.40197984448378826,2206
HILIC_195.1378616_22.33140602,0.5709871467081092,0.5713307768065148,0.9913379189285378,0.12169263623988631,2207
HILIC_195.1378623_138.1809724,-0.8676007269361806,0.39099562326024895,0.9669701703160376,-0.25494283632148945,2208
HILIC_195.1742765_287.9664023,-0.32892431924685317,0.743997802908789,1,-0.13723476757242636,2209
HILIC_195.5255899_259.5609366,1.7553755664678197,0.08716014210808454,0.6965568326452342,0.66243941910253,2210
HILIC_195.930327_283.1248595,1.166988954805959,0.25040150066892974,0.9051843501019633,0.36889466027343487,2211
HILIC_195.9934497_282.9766527,0.37800888013858597,0.7075028838414288,0.9999159889500627,0.05461649815430083,2212
HILIC_195.9961293_43.55828129,0.4587060504058188,0.6490277144978056,0.9965858111391217,0.21822930860016557,2213
HILIC_196.0014055_169.998423,0.38377319168369084,0.7032605799011369,0.9999159889500627,0.1374853608184263,2214
HILIC_196.0014429_75.23667739,-0.5958919143517483,0.5547392670682219,0.9865304209500617,-0.3757688514652448,2215
HILIC_196.0289783_188.7429623,-1.358600834004876,0.18219068064369937,0.8448097971996803,-0.5324126601896869,2216
HILIC_196.0846828_26.75576888,-0.34871904720550684,0.729202595464877,1,-0.2065467875263985,2217
HILIC_196.0909962_26.56842071,0.06679019167246862,0.9470948257586278,1,0.047238866610583255,2218
HILIC_196.0955115_40.96859265,-0.01494736034723445,0.9881514678999732,1,-0.010069528300022067,2219
HILIC_196.0967285_286.8199467,1.077879623079454,0.2878035463375767,0.930014439641605,0.31543440296270114,2220
HILIC_196.1051659_24.02212493,0.3662593670600426,0.7161792185815321,1,0.13123700544604847,2221
HILIC_196.1331268_289.8454814,1.8423257602010978,0.07314894317173336,0.67049658512235355,0.7296490768999061,2222
HILIC_196.133139_23.94950327,0.0941170870563526,0.9255048982338692,1,0.10477521391951847,2223
HILIC_196.8570482_43.64736563,0.3213464604371581,0.7496881953381592,1,0.04223178388856176,2224
HILIC_196.865044_48.12894521,-0.7595645546642062,0.45214691248934846,0.9750316892785739,-0.14255299896404838,2225
HILIC_196.9313525_166.8873364,-0.9153808269793788,0.36569712429327617,0.9637531830220828,-0.49339098088566513,2226
HILIC_196.9824866_38.72663307,-0.0770529299716283,0.9389810019606395,1,-0.047908282790417034,2227
HILIC_196.9827722_247.7865291,-0.1931622718264716,0.8478486331439932,1,-0.23769355955836122,2228
HILIC_196.993487_291.1364058,-1.0073501268404599,0.3200641285004239,0.9483800637817349,-0.34212507747047355,2229
HILIC_197.0210475_39.24696953,-0.4696526843087879,0.6412558427879105,0.9955023063019077,-0.10352772406770136,2230
HILIC_197.0234392_220.3906287,-0.2892076813436537,0.7739761402260219,1,-0.13520922487032694,2231
HILIC_197.0324232_188.9501984,-0.6366284374231753,0.5281390389541558,0.9824083431236167,-0.3029381072199158,2232
HILIC_197.0410732_65.18988887,-0.6470195142484628,0.5214634957427894,0.9824083431236167,-0.16610595985326315,2233
HILIC_197.0556018_286.4830309,2.0644684086124645,0.04576604974233507,0.5592173406365568,1.3555458395829765,2234
HILIC_197.0648215_65.96830812,-0.13062987479679988,0.8967491761393411,1,-0.09392425991185252,2235
HILIC_197.0807554_286.9809638,-0.290321545059088,0.7731303504396461,1,-0.09894189384313397,2236
HILIC_197.0919739_289.6771647,0.015623657643369784,0.9876154216962213,1,0.0036025113232988084,2237
HILIC_197.0921013_44.04792409,0.7003749526708309,0.4879097416567061,0.9781047779839798,0.17712367050661465,2238
HILIC_197.1008127_107.0858944,2.100333216974997,0.04231119667397124,0.54085345789104,0.6376809119610942,2239
HILIC_197.117211_286.0843315,2.1757220288928685,0.035788240099709934,0.5143847335746973,0.5042699464593051,2240
HILIC_197.128431_27.8375258,0.4225095219403892,0.6750066239009955,0.9996367449012522,0.1595053936240896,2241
HILIC_197.1364408_24.71609467,-0.06780362028811632,0.9462933307324821,1,-0.03031014896305889,2242
HILIC_197.1536392_275.298824,-0.5911492656532281,0.5578798589985708,0.9880825913041205,-0.13558980444038993,2243
HILIC_197.9166445_239.3854822,1.0652695914809422,0.2933979015988275,0.9362217130442209,0.23747169754678898,2244
HILIC_198.0372403_92.42550964,-0.28189981820717414,0.7795320922056829,1,-0.37412674532379775,2245
HILIC_198.0526789_56.63476578,0.832143172048092,0.41046679540534803,0.9689606845707013,0.3312943310090623,2246
HILIC_198.0760474_286.9933572,-0.309786674081316,0.7583959566099309,1,-0.08526453311755988,2247
HILIC_198.0760517_31.95785946,-0.3415809712416254,0.7345260898868209,1,-0.19851060015473826,2248
HILIC_198.0976862_27.64173681,0.17076237297877547,0.8653060545614244,1,0.03311268119427407,2249
HILIC_198.1033305_26.98216262,-0.9248164430050919,0.360829475256921,0.9611690139330997,-0.9156739046367987,2250
HILIC_198.1123975_280.1109959,-0.02403009728993077,0.9809528814758408,1,-0.010012893913972476,2251
HILIC_198.1236218_119.8958325,1.03238179321201,0.30834347913314847,0.9421850854569164,1.0644368994499966,2252
HILIC_198.1316615_26.35176431,1.467164868410035,0.15046366883044582,0.8024524167282167,0.974324307919187,2253
HILIC_198.1487724_284.9005624,0.46935661906976833,0.6414655110174945,0.9955023063019077,0.16693786836711436,2254
HILIC_198.518556_163.70332,-0.45312429897604756,0.65300605174904,0.9965858111391217,-0.37208995886970875,2255
HILIC_198.8544123_43.69051835,-1.8812518196917873,0.06752546230486665,0.6493544748295632,-0.3577721819163902,2256
HILIC_198.8620812_48.11209305,-0.8397889351109217,0.4062182770515822,0.9673254129985763,-0.16150580067590747,2257
HILIC_198.9400914_232.6262709,0.09072878077151769,0.9281791124089127,1,0.03541250463437684,2258
HILIC_199.0410503_124.9077747,-0.6504203899902029,0.519288510664403,0.9824083431236167,-0.501738704739056,2259
HILIC_199.0688472_287.5523145,2.097683408735775,0.04255837763658627,0.5418088433312563,1.2348957700027663,2260
HILIC_199.0823954_69.54923258,-0.6952991260482845,0.49104886727095154,0.9781047779839798,-0.3456186211889441,2261
HILIC_199.0882726_74.88945839,-0.08702833358871855,0.9311006456467935,1,-0.04875352976048008,2262
HILIC_199.0965_278.1458763,-1.2043845783785805,0.23580252006768976,0.8897984342679421,-0.21107217058570527,2263
HILIC_199.1009581_289.6817945,0.7006212893778413,0.48775768247689844,0.9781047779839798,0.1952185997288567,2264
HILIC_199.1010249_26.88875307,0.8084515264390126,0.4238047660801706,0.9724257019093233,0.14686429582767638,2265
HILIC_199.1076554_289.854851,1.485773079183886,0.1454930116319434,0.7936713216610888,0.5227010244783814,2266
HILIC_199.1076587_148.4402769,1.723714487951442,0.09279276831050834,0.7109023686553717,0.6197551054465927,2267
HILIC_199.1076904_26.93279463,-0.7241954365394626,0.47332943245612547,0.9781047779839798,-0.32353659453232436,2268
HILIC_199.1188627_82.3914986,0.3537166079235044,0.7254835139839062,1,0.22233339919978345,2269
HILIC_199.1328921_290.2243038,-1.2074382340468157,0.2346386075319447,0.8884134042888568,-0.5328328773526615,2270
HILIC_199.1440237_282.8733169,0.4384060152325384,0.6635454031142418,0.9978767801948073,0.16550913816066815,2271
HILIC_199.1440284_27.2644433,0.5336104211494209,0.5966825738698607,0.9924427755631277,0.20241256256122048,2272
HILIC_199.1693464_288.9121249,0.12138288008298731,0.9040199220864462,1,0.037699081029164416,2273
HILIC_199.1804954_127.587949,0.15869995577177526,0.8747359018023717,1,0.05305919626221043,2274
HILIC_199.539412_124.1535676,-2.205584259163072,0.03346147933194977,0.4996956656890978,-1.3916428272861834,2275
HILIC_199.6325814_215.2969497,-1.7135506090417385,0.0946641531180137,0.7121317722762723,-0.6993437700659014,2276
HILIC_199.954407_246.2739293,0.1205970155153191,0.9046382282263187,1,0.037537559126857085,2277
HILIC_199.9878343_290.4407189,0.5915210241736312,0.5576333553021623,0.9878934493313638,0.2642587275638326,2278
HILIC_199.9927744_189.8180256,-1.5338739890883146,0.13324873502714302,0.7724493089580874,-0.7330305713454165,2279
HILIC_200.0320209_34.5262325,0.7379731185225674,0.46501119939918323,0.977038339924947,0.4229223410812355,2280
HILIC_200.0410828_117.814466,0.05860980981840691,0.9535664478813218,1,0.019153215844825093,2281
HILIC_200.0683491_53.190878,-0.16995527752380807,0.8659363990919602,1,-0.0669309880960676,2282
HILIC_200.073788_24.28099502,1.3941777995660212,0.17126867981619195,0.8323231239234016,1.3884977295353012,2283
HILIC_200.0898901_58.23059242,0.9407242883787033,0.35271905491695665,0.9585221160258414,0.5303127658257084,2284
HILIC_200.0917058_288.4029828,1.1763699337087725,0.24667896190636152,0.9005362363839727,0.3027948253834835,2285
HILIC_200.0973038_96.98517941,0.4417405127904163,0.6611514934831892,0.9968021749030789,0.18863176543543883,2286
HILIC_200.1018284_26.81785147,-1.7210238829903377,0.09328513701849506,0.7113221259969026,-1.18019923828304,2287
HILIC_200.1280931_288.8356869,0.47064120055437164,0.6405560083479552,0.9955023063019077,0.14102592453561552,2288
HILIC_200.1281277_158.5304871,-1.1352050612605575,0.2633165134550679,0.9143904567593096,-0.29388066177194067,2289
HILIC_200.200841_278.3654028,0.14394617675448484,0.8862947826715504,1,0.058889272189227744,2290
HILIC_200.4944305_189.7652426,-0.12969162241033588,0.897486507289442,1,-0.07265666653990029,2291
HILIC_200.8591791_48.07977272,-0.930379133264677,0.3579796780492831,0.9588670540445742,-0.17876696956536461,2292
HILIC_200.9907221_188.8785934,-0.6523487276932503,0.5180574335454105,0.9824083431236167,-0.45724837014889097,2293
HILIC_200.9961425_188.8890343,-0.11658049346428889,0.9077992962628245,1,-0.06086349317837422,2294
HILIC_201.0006385_187.7979933,0.06865608104659869,0.9456191848230756,1,0.05483718136579634,2295
HILIC_201.0354955_33.2240661,-0.1369820616249367,0.8917597434378737,1,-0.08188039000559366,2296
HILIC_201.0407889_24.39346699,-0.04849230316398762,0.9615749141986907,1,-0.03903091832937255,2297
HILIC_201.0464577_24.91097157,-0.34170643482967905,0.7344324051077333,1,-0.6351846677893132,2298
HILIC_201.0545151_23.21650309,-0.3251813676801055,0.7468066803063809,1,-0.2753377107964291,2299
HILIC_201.0716909_54.41059717,-1.0232615659382494,0.3125792602673621,0.9421850854569164,-0.2674131220909241,2300
HILIC_201.0757195_287.3411079,1.546673386188603,0.13013409435390744,0.7695072627505222,0.47378508929378044,2301
HILIC_201.0869258_284.5552319,-0.12067189317379222,0.9045793130411479,1,-0.03650193599630102,2302
HILIC_201.1021809_25.78023001,-1.994248221826389,0.05325086798718628,0.597129438335422,-1.7663666688314243,2303
HILIC_201.1110209_29.48554289,0.03961350203265421,0.9686062388048784,1,0.01572171986190654,2304
HILIC_201.112191_288.3451994,0.8713701940119788,0.3889604701128677,0.9669701703160376,0.2165428253974321,2305
HILIC_201.1233511_152.9031285,-0.40075794068100673,0.6908166430329032,0.9999159889500627,-0.11453844594851768,2306
HILIC_201.1234162_290.1409472,2.531078408315961,0.01557840881114217,0.3599070623868286,0.7789014327283068,2307
HILIC_201.1314515_27.67998854,1.4053071219809574,0.16795867793379582,0.8308087949001756,1.1558425776519032,2308
HILIC_201.1596869_37.33678189,0.9351136331551266,0.35556579510070996,0.9588670540445742,0.5531416226224155,2309
HILIC_201.163701_22.9626673,0.5465930972149297,0.587816474649491,0.9913379189285378,0.3342336042451185,2310
HILIC_201.4924597_193.0690561,0.8665963919948869,0.39153900056905444,0.9669701703160376,0.5291625986985882,2311
HILIC_201.5095484_217.3108003,0.6822402942392424,0.49917663894902153,0.9781047779839798,0.3931783389426217,2312
HILIC_201.9682796_220.9017065,0.7766237895642704,0.4421323842143471,0.9745894987688215,0.2697449059986915,2313
HILIC_201.9757017_278.5037542,0.09879480371860593,0.9218144631370915,1,0.03302272620898708,2314
HILIC_201.9926613_290.5934634,1.1862560038124654,0.2427997801325651,0.8979247989365813,0.9048903864613524,2315
HILIC_202.0062045_61.14801842,-0.25014037499356234,0.8038105051380728,1,-0.07835994133831324,2316
HILIC_202.0314773_30.4557068,-0.3825120296488038,0.7041879303744139,0.9999159889500627,-0.25592369274729615,2317
HILIC_202.0407334_180.3788137,1.5386392267273097,0.13208221193741784,0.7702105138753427,0.9367352688703489,2318
HILIC_202.0498702_23.90299325,0.014749084650824352,0.9883086260837127,1,0.012481946231018372,2319
HILIC_202.0533396_37.35042573,1.6117936690352703,0.11518628910870274,0.7440693264382072,1.2770525205346104,2320
HILIC_202.0663836_53.58822565,-0.39573108711320865,0.6944907365503891,0.9999159889500627,-0.12117081501551269,2321
HILIC_202.070941_156.5423267,1.3242729293395894,0.19323074284734876,0.8515234707275139,0.3069881102547221,2322
HILIC_202.0710086_291.0528356,1.8793777409767751,0.06778748177724275,0.6493544748295632,0.5020558589656496,2323
HILIC_202.0861647_25.54215127,-0.10251935667465405,0.9188772631938962,1,-0.05666892167385739,2324
HILIC_202.1064016_20.49159421,-1.8360362692790837,0.07409395264402838,0.6742790878918389,-1.4647964356674166,2325
HILIC_202.1073405_281.3851688,-0.6710990334449619,0.5061692405395226,0.9781047779839798,-0.2559476734462193,2326
HILIC_202.1186367_41.64109529,-0.019229694860315023,0.9847573116895916,1,-0.006419986316711381,2327
HILIC_202.1801395_29.9431502,-0.742828396100942,0.46210009077929715,0.9760140395459476,-0.30832859678817504,2328
HILIC_202.8561871_48.00865501,-0.7799562572167413,0.4401915883867483,0.9745894987688215,-0.14249859646602106,2329
HILIC_202.8910338_41.05297916,-0.16213192789799458,0.8720509972174222,1,-0.09310512478716915,2330
HILIC_202.91773_43.22757902,0.5567156534690422,0.5809478305953284,0.9913379189285378,0.2754272514745577,2331
HILIC_202.9458006_51.04144798,-2.835166728424688,0.007263890871415952,0.2556640531980802,-2.1541187217587616,2332
HILIC_202.9535214_183.3268387,-0.04668309796714521,0.9630074315118274,1,-0.023114473518878034,2333
HILIC_202.9911965_256.8391857,-0.12368508654785944,0.902208931078388,1,-0.056984157571997686,2334
HILIC_202.9972092_272.0558293,1.168479002107119,0.24980751465965628,0.9046740560864915,0.3632489697227488,2335
HILIC_202.9972601_134.4829824,-1.054522879422794,0.2982251091905267,0.9388638086478203,-0.38516875609425166,2336
HILIC_203.0067714_268.3938813,1.332060163900938,0.19068254097308712,0.8507713974810356,0.4870479079465861,2337
HILIC_203.0338963_220.9953305,1.5483775935957647,0.12972385313172477,0.7695072627505222,0.9474391808253874,2338
HILIC_203.043552_24.04414193,-0.04247740326752947,0.9663379456542446,1,-0.0490434956296509,2339
HILIC_203.052581_51.45162348,-0.0368787983175429,0.9707724504611398,1,-0.00918862811172628,2340
HILIC_203.0662437_106.9528085,-0.011114091146151759,0.9911898882337251,1,-0.00444602437898661,2341
HILIC_203.0814011_285.6642544,0.30730444497615084,0.7602699776995258,1,0.12596448203794186,2342
HILIC_203.0854336_269.7701217,1.655735829309745,0.10591570985014571,0.7270102455490702,0.48911676321679926,2343
HILIC_203.0913998_279.1528088,-0.13217020091887954,0.8955389030661227,1,-0.048594353099777776,2344
HILIC_203.1065637_289.4566914,1.4101696776726924,0.16652825406677854,0.8274419139233609,0.6648966622724909,2345
HILIC_203.1219985_41.64977534,0.3547991498713603,0.7246787909219571,1,0.16000644124463392,2346
HILIC_203.1390335_56.39649393,-0.75953000189061,0.45216733087063643,0.9750316892785739,-0.41421356769032297,2347
HILIC_203.1429091_22.27648071,0.19799539872913802,0.8440917601153337,1,0.061507942500632004,2348
HILIC_203.1429668_282.6842567,0.38694853190479334,0.7009277407831679,0.9999159889500627,0.11306930729397124,2349
HILIC_203.1502557_90.92732968,2.1196030080662793,0.04055132212791977,0.5347244144365793,0.6081792368531126,2350
HILIC_203.1793222_22.76398846,0.3740046211895603,0.7104554344565344,1,0.17879645088982024,2351
HILIC_203.1835509_30.87193772,-0.3879229863652105,0.7002124208111986,0.9999159889500627,-0.05748604043224405,2352
HILIC_203.492974_255.6738216,-0.44207225014280427,0.6609135282626755,0.9968021749030789,-0.23685669014426342,2353
HILIC_203.5246603_121.9114219,0.12719277589739336,0.8994506876282683,1,0.055203897869221294,2354
HILIC_203.9318473_54.57891119,-0.010500263002313782,0.9916764493573833,1,-0.0042441347157801046,2355
HILIC_203.9728178_169.1076355,-0.6656560729493268,0.509604792405617,0.9802142331323181,-0.6925070696474351,2356
HILIC_203.9888788_256.1815675,-0.6866871241640127,0.49640063223625275,0.9781047779839798,-0.3368802024428113,2357
HILIC_203.9979381_158.7695598,-0.1829200058796647,0.8558219042381815,1,-0.09474440477006528,2358
HILIC_204.0043222_130.4948963,0.1282399779356548,0.8986274717158821,1,0.09606930864413421,2359
HILIC_204.0559925_51.5089209,0.08581317883053592,0.9320602327678026,1,0.021975884930137485,2360
HILIC_204.0866602_181.1845074,0.7136924698301619,0.4797273206543129,0.9781047779839798,0.232475384987718,2361
HILIC_204.1173675_42.80735704,1.1154418979811693,0.27158422101882457,0.9205152345643439,0.39063437137568124,2362
HILIC_204.1230313_37.92093529,0.9621320361268675,0.34199528817261615,0.9550137755006265,0.33946573149185333,2363
HILIC_204.1287006_42.20585493,1.0188241129207565,0.31465452570697444,0.943249128859935,0.3243351046855476,2364
HILIC_204.1340363_45.31797489,0.5116012508363923,0.6118558752493898,0.9928201179984223,0.23425332502525545,2365
HILIC_204.1342423_127.0520871,1.2797718588572728,0.2082935995670275,0.8683661493536527,0.3794261692894247,2366
HILIC_204.1423536_47.95506266,-0.14994214093576955,0.8815940489426215,1,-0.09801809896509062,2367
HILIC_204.1472928_94.64797156,0.28839274618015864,0.7745951214693215,1,0.1067116053459192,2368
HILIC_204.1535956_89.54220162,1.9205325310553407,0.062229664842513265,0.6319277618398141,0.5163246991554963,2369
HILIC_204.5141532_233.7543397,-0.354027577641872,0.7252523178870287,1,-0.1560578665980132,2370
HILIC_204.5849086_289.2471927,-0.6995638173031242,0.4884106286360529,0.9781047779839798,-0.23264704454303764,2371
HILIC_204.8313358_36.46238116,1.53765184047975,0.1323232448726639,0.7702105138753427,1.2497595531098373,2372
HILIC_204.8888725_239.5512195,-0.9770836489233914,0.33463548396315057,0.9528688564543588,-0.2503918634458603,2373
HILIC_204.9186928_269.9657281,0.33999575335266696,0.7357101395349626,1,0.16524920552107641,2374
HILIC_204.9342271_218.8438414,1.580670255617667,0.1221457598270911,0.7609597925098781,0.5861065588649332,2375
HILIC_204.9877937_254.0315341,-0.6547824342694923,0.5165059641862142,0.9824083431236167,-0.4391693034068554,2376
HILIC_205.0083807_55.02368969,-2.7646792889365095,0.008703068293809051,0.270839957509612,-1.7126171864263515,2377
HILIC_205.0588488_153.4171057,-0.1376185588809376,0.8912600378477623,1,-0.056091335477759574,2378
HILIC_205.0640038_30.80721761,-0.48240239655581235,0.6322551248203228,0.9947980550876518,-0.34854226064276145,2379
HILIC_205.0682437_50.18879768,-1.5514728138611742,0.12898143292560102,0.7684674412302901,-0.811754454930253,2380
HILIC_205.0738592_49.94053185,-2.1023008312222027,0.04212846990412681,0.5393954867105396,-1.2900071949200027,2381
HILIC_205.0819416_79.70244971,1.782146692638463,0.0826238713176341,0.6948552844377854,0.5231360252919108,2382
HILIC_205.0859246_286.7134812,0.36794867359105615,0.7149293840013671,1,0.09608448660864442,2383
HILIC_205.0900284_287.0061096,0.9754866831033537,0.3354164795694158,0.9530889304266006,0.29081042093889964,2384
HILIC_205.0971727_35.27615614,-1.2576704840173116,0.21609590318513777,0.8728105295437921,-0.34239056676775587,2385
HILIC_205.102866_35.58717457,-2.2275537447590352,0.03183655826217044,0.493246874061832,-0.9913495937678802,2386
HILIC_205.1222274_288.2393444,-0.2369991190709661,0.8139156636569862,1,-0.08506410071366075,2387
HILIC_205.1263927_39.67524477,0.7678304517703544,0.4472779056859679,0.9745894987688215,0.2166885908967864,2388
HILIC_205.1334064_24.84046064,-0.1303633755031655,0.8969585967802989,1,-0.11063939387089917,2389
HILIC_205.1375635_45.5693309,2.6330648700324017,0.012121377304841011,0.3197683515102585,2.138442057057659,2390
HILIC_205.154627_57.59899235,0.3243979406388833,0.7473950429953617,1,0.22789016873930903,2391
HILIC_205.1547067_191.3277656,1.430491526193603,0.16065297057161979,0.8215875860387402,0.5994266360454513,2392
HILIC_205.1642079_36.37937538,-2.5508086737775,0.014846290449936874,0.3507296585992606,-2.165382614994272,2393
HILIC_205.6326428_214.6269508,-0.7979368379096828,0.4298078623946372,0.9742203846590763,-0.2982662160696124,2394
HILIC_205.9617054_39.47600177,-1.8848904792316983,0.06701920495582195,0.6475948503215213,-1.4175736120505151,2395
HILIC_205.988193_246.3154347,0.6550991668242957,0.5163042338334586,0.9824083431236167,0.31823480995193276,2396
HILIC_205.997971_43.23453914,-0.5078293043361153,0.6144740126548955,0.9931667617408494,-0.25440138164055914,2397
HILIC_206.0078311_127.8207375,0.7066111783556117,0.4840684257058827,0.9781047779839798,0.37346239867773656,2398
HILIC_206.01897_57.37542119,-0.2779768832863459,0.7825194403071793,1,-0.19364830547246262,2399
HILIC_206.0449384_40.3456414,-1.194149180120096,0.23973473587006341,0.8960820129713767,-0.9190363552806616,2400
HILIC_206.0481768_65.54456186,0.7474096233537084,0.45936301568516613,0.9755657681934743,0.3356559946045824,2401
HILIC_206.0667993_293.5646497,0.6208848266447669,0.5383387891743676,0.983683589406213,0.24391136874068078,2402
HILIC_206.0668222_119.3083763,0.15227386423697478,0.8797671780787771,1,0.06319959119483033,2403
HILIC_206.0715969_49.9400938,-1.685076138269678,0.100074876033663,0.718134185467518,-0.9100126707705157,2404
HILIC_206.0811056_289.7777603,0.03716151590235825,0.9705484937274445,1,0.011337019013944521,2405
HILIC_206.0811208_26.10950788,-0.9838158269653355,0.3313565163651919,0.9506069103298993,-0.4624286869355585,2406
HILIC_206.0943249_36.06993051,-1.202933256837297,0.23635718293661834,0.8910898353573972,-0.37921230453296617,2407
HILIC_206.1005553_35.25083743,-1.8303996139190033,0.07494966425573042,0.6759237804004161,-0.4291095252588092,2408
HILIC_206.1153931_92.49604796,0.35087025391511206,0.7276008937116829,1,0.16383484661630182,2409
HILIC_206.1175915_40.93590652,0.49131535161233936,0.6259963404791216,0.9947980550876518,0.4376715419823307,2410
HILIC_206.1216317_89.74241193,0.28787682770549544,0.7749870626225108,1,0.17950738307039246,2411
HILIC_206.1272305_41.97530685,0.7866792946250677,0.43629165421292593,0.9745124110909839,0.24316338425591558,2412
HILIC_206.1386464_30.01013144,0.19550801303187743,0.8460247934348215,1,0.08263224173368632,2413
HILIC_206.5104229_256.0251557,-0.3628967134064849,0.718669431165321,1,-0.11978261573616257,2414
HILIC_206.5153654_169.9378604,0.09991415865800343,0.9209316161483709,1,0.05248987738109374,2415
HILIC_206.6404822_225.8998989,0.6640728881464752,0.5106064627082294,0.9804752311768129,0.20548343318262752,2416
HILIC_206.8859099_43.31471887,-0.1643629295954734,0.8703064565929155,1,-0.04884786696087917,2417
HILIC_206.8860353_205.5885489,1.0690508091695796,0.29171248321661225,0.9340589136386561,0.34914578327606155,2418
HILIC_206.8938762_48.41041899,0.5086647647097354,0.6138936710435325,0.9931667617408494,0.056852748746514845,2419
HILIC_206.9455914_41.99177229,-1.5465250542269209,0.13016985065849446,0.7695072627505222,-0.8892526631431631,2420
HILIC_206.9666606_36.52078206,-1.6983531356412094,0.0975208802892022,0.7175892409102419,-1.1092519371029186,2421
HILIC_206.9819533_42.63349403,0.6003052204515146,0.551824858945362,0.9858134543858914,0.38352213630060783,2422
HILIC_206.9865544_247.3855472,-0.27461609156898703,0.7850813676666466,1,-0.1456324848649627,2423
HILIC_207.017339_278.4724576,0.26908329232092,0.7893042773957177,1,0.05611198896896998,2424
HILIC_207.0560894_167.0845135,-0.24000141523045362,0.8116040977404779,1,-0.15190438334442793,2425
HILIC_207.0723881_49.97797654,-1.774326776130465,0.08392790478674578,0.6957822607914386,-1.2789631497769742,2426
HILIC_207.0844826_25.59071479,-3.519387686748746,0.0011298804967843526,0.09699684483323595,-2.7613767326586895,2427
HILIC_207.0863012_290.0030693,0.43820198133421384,0.6636919998671874,0.9978767801948073,0.3547963836163852,2428
HILIC_207.1015211_287.2765287,0.9660495664498422,0.3400565862134276,0.954346097572737,0.2250691634276173,2429
HILIC_207.1020391_33.86286862,0.6966774506146205,0.49019533377959423,0.9781047779839798,0.25010702797939055,2430
HILIC_207.1104435_34.79830933,0.3304161429566782,0.742879255531922,1,0.13966821209189387,2431
HILIC_207.1224646_92.08192831,-0.10734920929111481,0.9150701376280344,1,-0.06361965638118548,2432
HILIC_207.1305771_42.971785,0.5632020522217692,0.5765671165306177,0.9913379189285378,0.4075443194701115,2433
HILIC_207.138009_289.1842748,1.2142851581138592,0.23204425964747724,0.8879258919320564,0.3398802876280932,2434
HILIC_207.1491659_23.67110025,-1.0219389694838732,0.3131968169693738,0.9421850854569164,-0.6225450636375136,2435
HILIC_207.17429_284.2461138,0.6994391792487145,0.4884876198417838,0.9781047779839798,0.22650696245206361,2436
HILIC_207.5084954_253.7571739,0.9426345527975886,0.3517532522802336,0.9578858716107591,0.4292356974534646,2437
HILIC_207.5237244_176.5337296,0.2996363523315349,0.7660683943623793,1,0.1980331637461121,2438
HILIC_207.8892801_42.39792006,0.8107918418992255,0.422475589300469,0.9720647144923827,0.48753251461232217,2439
HILIC_207.8971673_47.56814292,0.19938470860707802,0.8430125032823422,1,0.039728516642239184,2440
HILIC_207.985802_248.7309267,0.7725245798292903,0.4445266906417732,0.9745894987688215,0.3542464613844066,2441
HILIC_207.9982527_64.47369221,0.5102916105193281,0.6127643252632565,0.993142221178764,0.3311846267129885,2442
HILIC_208.0146087_49.38558367,2.9005579857959325,0.006130168106640377,0.23431859113216627,0.654161509227439,2443
HILIC_208.017981_72.35112083,-0.4622133359138985,0.6465332363135412,0.9965858111391217,-0.140601276705118,2444
HILIC_208.0695662_35.85596008,-1.5673170942136454,0.12523459568725112,0.7644124538212267,-0.7548190561347353,2445
HILIC_208.0967707_288.9355851,1.2961424261797843,0.2026526199273856,0.8647457759331585,0.4249861195180494,2446
HILIC_208.1332718_285.441079,0.14263004006987098,0.8873271743971043,1,0.04355506571217368,2447
HILIC_208.1456133_24.91083143,-1.5383187166416847,0.13216041354631627,0.7702105138753427,-1.0028120842512984,2448
HILIC_208.1530316_24.60006595,-1.1002408750138166,0.2780679548954764,0.9253857243533475,-0.7475995520271513,2449
HILIC_208.8840041_42.9649787,-0.7910356417503749,0.43377568867688354,0.9742203846590763,-0.23717290239294958,2450
HILIC_208.8908991_48.17109073,0.5490702187403106,0.5861320234617622,0.9913379189285378,0.061032646668249646,2451
HILIC_208.9724662_74.76143544,-0.48089548439120555,0.6333160253054775,0.9947980550876518,-0.2419783701100931,2452
HILIC_208.9865739_124.8442389,-0.28304814907116155,0.7786582662599644,1,-0.1123071701229881,2453
HILIC_209.0125773_73.66651095,-0.1913474356342517,0.8492602701761052,1,-0.0640328947407422,2454
HILIC_209.0129381_282.1567945,0.3904361816059201,0.698368830570587,0.9999159889500627,0.05640352429807598,2455
HILIC_209.0170755_41.29914181,3.192142682535155,0.002813737769187846,0.1556472547673981,1.482340310255726,2456
HILIC_209.0561021_28.4965915,0.06429936862737316,0.9490649893938992,1,0.02506213238972536,2457
HILIC_209.0591345_206.9224459,0.34940906278824857,0.7286887034521643,1,0.12035992329645354,2458
HILIC_209.0686544_41.31867878,-0.06532761213953796,0.9482516407756296,1,-0.024293284913868642,2459
HILIC_209.07268_51.70984595,-0.7744415436608254,0.44340605572218694,0.9745894987688215,-0.18922617999519697,2460
HILIC_209.0783904_53.19281761,-0.09984123835724522,0.9209891260832238,1,-0.036242677445272785,2461
HILIC_209.0920961_39.09672663,-1.5326414456261177,0.133551805043406,0.7731053745689995,-0.31340615976369207,2462
HILIC_209.1019746_29.02143567,0.30409763095496134,0.762693207705115,1,0.1623674787749135,2463
HILIC_209.107179_24.0874261,-0.42069918918972377,0.6763169048841466,0.9996367449012522,-0.12022298486647648,2464
HILIC_209.1171444_23.29070396,-0.015491379155552513,0.9877202677126042,1,-0.005228428572237387,2465
HILIC_209.1172816_275.5532718,3.0105244358726684,0.004588991468218531,0.2100369120652223,0.6247963877539856,2466
HILIC_209.1283408_25.44056809,0.6005499665659949,0.5516634653893535,0.9858134543858914,0.5514822790470308,2467
HILIC_209.1534993_19.01689744,0.2049160227101888,0.8387186737836925,1,0.04194123723399247,2468
HILIC_209.1536325_289.9816989,0.8285471121939104,0.41247447091493206,0.96978156031432206,0.2490813909096116,2469
HILIC_209.1536635_147.2599434,0.08905355425129688,0.9295015952288934,1,0.022351081384610276,2470
HILIC_209.1899015_272.3054258,0.3706005374569566,0.7129690034859326,1,0.1359063047423319,2471
HILIC_209.4472128_193.7609913,0.08352311865882871,0.9338689323389181,1,0.03452704907917886,2472
HILIC_209.507324_247.4398794,0.5807912623328181,0.5647700605896617,0.9911473761431051,0.39119133108002246,2473
HILIC_209.8941734_47.56933729,0.675650508728341,0.503306137070945,0.9781047779839798,0.2860526740261248,2474
HILIC_209.9339044_158.2479878,1.0169194370321224,0.3155481675938131,0.9437010685130027,0.8948865189166669,2475
HILIC_209.956604_38.13745338,0.6721954924131454,0.5054787001635066,0.9781047779839798,0.33989645098302657,2476
HILIC_209.9833234_124.0605537,0.23614416263834037,0.8145742317919908,1,0.12405291912775873,2477
HILIC_209.9961023_44.84590042,1.7462932869107675,0.0887458142329872,0.6991326024755875,0.8638849181905879,2478
HILIC_210.0118412_41.25444477,3.046277588084328,0.004172092948961121,0.19939618047014998,0.7489203907114259,2479
HILIC_210.0221912_64.86813591,-0.6978727725637834,0.48945579746909396,0.9781047779839798,-0.7985178657919297,2480
HILIC_210.0501378_40.85734572,1.8422996704972625,0.07315284194142037,0.67049658512235355,1.0949686061300867,2481
HILIC_210.0760656_288.2861,0.883988325470633,0.38219677122328577,0.9638726330536317,0.36098804927948924,2482
HILIC_210.095499_39.40324379,-1.5308495556762969,0.133993401218522,0.7732426627275885,-0.3510142050801634,2483
HILIC_210.0971463_290.3296237,1.3514764661156453,0.18444103548013752,0.8467345678477594,0.869968155343284,2484
HILIC_210.1067499_48.69038153,-0.8753803082396062,0.3868027618391312,0.9661464710102153,-0.19365395858570938,2485
HILIC_210.1068955_133.2860902,0.09538146074480232,0.9245072161622939,1,0.028413896185020198,2486
HILIC_210.1124363_286.6399041,1.1548736446866954,0.2552691677803369,0.9079190911997042,0.3262842464141763,2487
HILIC_210.505867_248.049117,-0.06995727940741621,0.9445902449324639,1,-0.04569906479282681,2488
HILIC_210.5494523_126.0796572,0.46508278565146693,0.6444954696499161,0.9961652723534221,0.4314962757683503,2489
HILIC_210.882118_42.41561852,-0.48292834134391766,0.6318850327061225,0.9947980550876518,-0.3185975495040873,2490
HILIC_210.8878749_47.77403104,0.49428102056017337,0.6239199758367276,0.9947980550876518,0.05567829356721515,2491
HILIC_210.8992343_241.4405423,0.5842114957984414,0.5624902022968226,0.9903307271190276,0.18998689977720087,2492
HILIC_210.9837311_49.58385424,1.6096016868464436,0.11566559394853847,0.7446629530930814,1.2410054079202975,2493
HILIC_211.017433_31.92749267,-1.021144228735897,0.31356830459722607,0.9421850854569164,-0.5268040690465393,2494
HILIC_211.0392305_188.5731161,-0.6056377794604321,0.5483138652593884,0.9857989553982086,-0.31060338344597677,2495
HILIC_211.042971_125.4667701,-2.0356366804899464,0.04872006063905414,0.5756870782142869,-0.6694302978191914,2496
HILIC_211.0474439_124.8624174,-1.682520868903077,0.10057272106260012,0.718507252338994,-0.8307503710134451,2497
HILIC_211.0712493_290.4487432,1.3253629671800737,0.19287249471737572,0.8515234707275139,0.5789616749298002,2498
HILIC_211.0712497_25.58711147,1.6742091397024246,0.10220630806423037,0.7221864286159657,1.0384247190748768,2499
HILIC_211.0866203_26.18593612,-2.032428190012882,0.049058866156595576,0.5775821167007157,-1.922219078805422,2500
HILIC_211.0964385_288.4578714,1.2521703154398236,0.2180711669458977,0.8743686367820893,0.4081103841223119,2501
HILIC_211.1061531_51.30322743,1.0856635442199396,0.2843878198004237,0.9295944216943315,0.48477348156433986,2502
HILIC_211.1077156_289.0654541,2.0609504926315023,0.04611788243352622,0.5612021169873718,0.7850688495842278,2503
HILIC_211.1113617_25.51513015,0.6718516690445856,0.5056951816421628,0.9781047779839798,0.3699738402334302,2504
HILIC_211.1327808_20.85793269,-0.3362516518286184,0.7385093156572775,1,-0.061490415870808474,2505
HILIC_211.1328805_280.5766608,0.7069546010610955,0.4838573845900269,0.9781047779839798,0.1573671617428238,2506
HILIC_211.1440208_26.39639307,0.7500807337007481,0.45777151366933044,0.9755657681934743,0.38048429146264406,2507
HILIC_211.169262_287.7288436,2.0904820250823506,0.04323656292700591,0.5457830881143292,0.5130217194641842,2508
HILIC_211.505121_248.2727619,-0.10605133930771901,0.9160929869548232,1,-0.0289368298078369,2509
HILIC_211.9964828_255.9801915,-0.11991373280089535,0.9051758734041515,1,-0.04527471154793336,2510
HILIC_212.0198562_24.71935801,0.3833137872731604,0.703598333493071,0.9999159889500627,0.2851877922503025,2511
HILIC_212.0818723_27.99760832,-0.1823311975310638,0.8562807462092711,1,-0.25039529142822897,2512
HILIC_212.0916807_289.8086657,0.9718708990131315,0.3371892824871233,0.9540637516661264,0.39131670652312983,2513
HILIC_212.1015497_64.16474302,1.0412107198040936,0.30428074012777506,0.9402374180413365,0.48668547325464245,2514
HILIC_212.1181861_23.1967387,-0.7135178831595381,0.4798340830131451,0.9781047779839798,-0.5545858855282377,2515
HILIC_212.1280783_287.4382435,-0.16224796073030223,0.8719602488564011,1,-0.05234623536790984,2516
HILIC_212.4863135_203.8064644,2.197292945506187,0.03409363821693357,0.5043418610056746,0.8758796471436416,2517
HILIC_212.4981401_256.8632794,-0.30709356684317285,0.7604292530363518,1,-0.14782015053042047,2518
HILIC_212.5260705_127.7413283,-1.325705555625156,0.19276000558807022,0.8515234707275139,-1.0110254081254315,2519
HILIC_212.8389929_47.79714636,-0.7032231955008551,0.48615319723913675,0.9781047779839798,-0.13188377669068643,2520
HILIC_212.9563574_40.34311412,-0.3811847099420281,0.7051644214941071,0.9999159889500627,-0.07924170958566905,2521
HILIC_212.9785779_177.683094,-0.23608544939202034,0.8146194632800715,1,-0.17313641932197602,2522
HILIC_212.9942182_256.5674799,-0.2681765660585974,0.7899969540715552,1,-0.09883847655181564,2523
HILIC_212.9994976_49.75953459,-0.1584467098089153,0.8749340812952187,1,-0.033266187617085725,2524
HILIC_213.015065_63.95784909,-0.44969261002337874,0.6554570639148489,0.9965858111391217,-0.29727583363659116,2525
HILIC_213.0179455_216.2609809,0.7275451444065585,0.47129926108226305,0.9781047779839798,0.23422280389994576,2526
HILIC_213.0447006_77.01284034,-2.289824276925015,0.027606433108144465,0.46598158402008716,-1.684868856808715,2527
HILIC_213.0637046_64.98353319,0.6501958866272143,0.5194319386259136,0.9824083431236167,0.6388022872681365,2528
HILIC_213.0766917_25.32722556,-0.3770343491507839,0.708221038039059,0.9999159889500627,-0.42764643259107527,2529
HILIC_213.0866603_25.73413048,1.2348964245878842,0.2243623657385683,0.8799075082512211,0.5860490825186884,2530
HILIC_213.1075097_58.63330491,0.25839981830050746,0.7974765654479505,1,0.11790063748709634,2531
HILIC_213.1122214_291.046256,1.741818647274676,0.08953588146877148,0.7023904516472353,0.43687781253874525,2532
HILIC_213.1122416_160.096246,0.34706200608925997,0.7304371999955994,1,0.10081580577789827,2533
HILIC_213.1485371_279.4577774,1.4918310171254143,0.14390329322157228,0.7910149532928273,0.39731498246538616,2534
HILIC_213.1485542_127.7960348,0.698685707733501,0.4889531977683821,0.9781047779839798,0.22997873877110567,2535
HILIC_213.1596876_25.89919189,-1.6380925752821671,0.10956135390112458,0.7336651855103924,-1.5059996874548753,2536
HILIC_213.1849255_290.331243,0.33589160894185505,0.7387786826617748,1,0.08542412984405558,2537
HILIC_213.1849272_149.2070153,-1.498956365240619,0.14205121583532393,0.787557245903916,-0.4313182942852986,2538
HILIC_213.9409543_284.052108,1.5792276849773972,0.12247644347233634,0.7610366319338615,0.5412651441446726,2539
HILIC_213.978778_286.4499925,-1.0313495249755762,0.30882091422365493,0.9421850854569164,-0.49686643179401807,2540
HILIC_213.9929382_256.9709117,-0.15574863788533821,0.8770459810021684,1,-0.10513113793053092,2541
HILIC_213.9964007_49.70916738,0.12519996520335855,0.9010175657686126,1,0.08220487914923805,2542
HILIC_214.0049472_57.98128641,0.09632459802116282,0.9237630930712226,1,0.03273486037617294,2543
HILIC_214.0155068_215.9011966,-0.7292477130278243,0.47026929461730604,0.9781047779839798,-0.3722088547189823,2544
HILIC_214.0228942_120.3075731,0.2723853908855333,0.7867831672212987,1,0.18324261799824632,2545
HILIC_214.0513782_234.4228757,0.2258800728888432,0.8224911048958026,1,0.1184121766370448,2546
HILIC_214.058419_81.89216875,-0.22632555539829977,0.8221470996725538,1,-0.14941657721956525,2547
HILIC_214.0903295_25.13728487,1.3977005022889428,0.1702155354711958,0.8323231239234016,0.88111969238497,2548
HILIC_214.1049636_59.37621003,0.31658192395351736,0.7532732858945895,1,0.09362896872147611,2549
HILIC_214.1073767_286.6204317,1.3947175429998746,0.1711069903946078,0.8323231239234016,0.5437130580366832,2550
HILIC_214.1185364_79.59887283,-1.6267280719965889,0.11196375052789512,0.7371963624447747,-0.9246351813134313,2551
HILIC_214.1436935_26.72213724,-1.314142161062219,0.19658462212856528,0.8576054121631463,-0.5897138289399299,2552
HILIC_214.143722_286.570397,-5.756234024217062e-4,0.9995436951815624,1,-2.2497535789887436e-4,2553
HILIC_214.1695225_22.99238966,-0.3453879487546293,0.7316852203650073,1,-0.18784765340808413,2554
HILIC_214.4568143_212.8432417,0.16704306220614365,0.8682115841117087,1,0.07817983922748341,2555
HILIC_214.4615823_220.1667184,-0.09267924666933745,0.9266396059574112,1,-0.04447109523597616,2556
HILIC_214.4992203_255.6158709,-0.33660129291105245,0.7382477627161219,1,-0.16298951693351993,2557
HILIC_214.5181741_170.4610203,1.359180266137479,0.18200859159038457,0.8448097971996803,0.9249500211587492,2558
HILIC_214.8360381_47.73872301,-1.1265380194414507,0.2669197954000584,0.9170224773862292,-0.2106552570617565,2559
HILIC_214.9177395_251.9847993,0.5934963522702702,0.55632448995108,0.9874429710915678,0.2455433636308373,2560
HILIC_214.954446_40.71370365,0.018437256259848166,0.9853853747093491,1,0.008067965930885232,2561
HILIC_214.9981138_251.4574568,-0.2122772334511411,0.8330120920176824,1,-0.07855130006908952,2562
HILIC_215.0008925_256.086748,-0.2749659000959873,0.7848145956485206,1,-0.14323326133407951,2563
HILIC_215.0159474_168.4876371,-0.5880555228391322,0.5599333764829554,0.9892660081587077,-0.2932967398915323,2564
HILIC_215.0339643_244.6463885,0.01909301838346436,0.9848656366681687,1,0.006773269440719397,2565
HILIC_215.0403625_61.33307367,-0.4309866604130837,0.66888471861220955,0.9990662606386967,-0.2983778229514887,2566
HILIC_215.0558559_75.44552727,1.1088379534716943,0.27438768377174544,0.9222085663954013,0.7764043929910663,2567
HILIC_215.0622358_75.08544153,0.7310284558999853,0.469193420558763,0.9777549229263227,0.3114271504107307,2568
HILIC_215.0815334_277.7681363,-2.1305424769686425,0.039581205928814416,0.5337297233059277,-0.9835130976588273,2569
HILIC_215.0877807_138.6498034,1.59059495192453,0.11989031543083406,0.7562057595191073,0.5951907520449196,2570
HILIC_215.0909494_280.6628101,2.890388548356509,0.006294880216650712,0.23545849572281594,1.5221307888076494,2571
HILIC_215.1026237_287.3471641,1.654212966968917,0.10622638750318045,0.7270102455490702,0.5281879186300023,2572
HILIC_215.1066311_25.62596176,-0.14611916482526,0.8845907072799207,1,-0.07362299034791635,2573
HILIC_215.1258049_44.11517819,0.3327146981454524,0.7411569374668581,1,0.06654356557650197,2574
HILIC_215.1273401_290.6165874,-0.17659277423642494,0.860755160261268,1,-0.08910838996602606,2575
HILIC_215.1390729_52.68395048,0.8140137947913024,0.42064984747287204,0.9716822081080376,0.2871790544602225,2576
HILIC_215.1642619_284.4970577,0.25691060486246864,0.7986175921349303,1,0.08390812294443145,2577
HILIC_215.4113598_162.6608188,-0.2861891012183322,0.7762696374090463,1,-0.1710344255676391,2578
HILIC_215.4969094_255.9064058,-0.3317711383087078,0.741863788713883,1,-0.1670156080108446,2579
HILIC_215.5013267_254.981221,-1.3080306580529868,0.19862921285110366,0.8593515168411124,-0.7442292414920118,2580
HILIC_215.5157369_256.6770389,-0.1846166649935846,0.8545000288215525,1,-0.05526888974777412,2581
HILIC_215.9210572_231.2507766,-2.1177091823198073,0.04072137812282275,0.5347244144365793,-0.7906568010538789,2582
HILIC_215.9271253_272.4895358,0.5175882570539043,0.6077108199211114,0.9928201179984223,0.21293455944056972,2583
HILIC_215.9986342_256.0241069,0.24222959170463348,0.8098896534774533,1,0.12022674725915919,2584
HILIC_216.0099454_44.74096113,0.5420751478842593,0.5908946743697046,0.9919344024228657,0.16936532575232616,2585
HILIC_216.0146802_111.6766619,-1.382342085553679,0.1748442347662551,0.834640816827064,-0.7246602612225396,2586
HILIC_216.0161147_25.92768065,1.4671082976659369,0.15047898279320981,0.8024524167282167,1.3595042997363607,2587
HILIC_216.0169611_256.0232879,0.6238099451195853,0.5364359604243574,0.9833164118236528,0.5626896073765204,2588
HILIC_216.056956_75.15946797,0.10554987545819335,0.916488228613511,1,0.050309362472362965,2589
HILIC_216.0631316_92.59649385,0.3982884284988429,0.6926206537226773,0.9999159889500627,0.1665384641545665,2590
HILIC_216.0689587_28.67971816,0.3719980455661285,0.7119366921639267,1,0.18900566276492944,2591
HILIC_216.0866139_288.2323882,1.0251012583530392,0.3117216444078302,0.9421850854569164,0.2711306374791,2592
HILIC_216.0867247_27.60758066,-1.179144314146392,0.24558579777035486,0.9002001515555613,-0.7306396851916708,2593
HILIC_216.1230632_287.6319934,-1.466164466092963,0.15073466460468127,0.8029981624074407,-0.38189850125879726,2594
HILIC_216.1438258_26.99172764,0.3103485621739819,0.7579719493612637,1,0.060623388363044366,2595
HILIC_216.4956898_256.5306106,-0.33649312127816156,0.7383286783592162,1,-0.15225922007086287,2596
HILIC_216.5135713_258.4481515,0.14588258937341292,0.884776204959341,1,0.04813867274757977,2597
HILIC_216.8331751_48.16237564,-0.9843827286313247,0.33108139077440724,0.9506069103298993,-0.19135276645508104,2598
HILIC_216.9138516_181.3294196,0.3528436839413125,0.7261326441186857,1,0.15443755472046086,2599
HILIC_216.9226254_53.05590203,1.0854546381875634,0.2844791176883695,0.9295944216943315,0.1631012178098175,2600
HILIC_216.9508046_263.1143444,-0.45346721848526717,0.6527613418631653,0.9965858111391217,-0.128256901544648,2601
HILIC_216.9599821_188.4110186,-0.013483781234878051,0.9893115474669757,1,-0.009750688354414332,2602
HILIC_216.9964775_251.848214,-0.6009121974006663,0.5514246428354438,0.9858134543858914,-0.16798453567723365,2603
HILIC_217.0241727_27.09265227,1.2692825772756071,0.21196970345333904,0.8688076413874833,0.9368900154065082,2604
HILIC_217.0426477_27.35459039,-2.6229467041499435,0.012429772944816111,0.3216997248155867,-1.786567594845363,2605
HILIC_217.0497209_216.2804848,2.947219096414525,0.005424830690084459,0.22165929035001536,3.416807368172652,2606
HILIC_217.0559842_61.14477959,0.6258328102183327,0.5351221198603527,0.9833164118236528,0.354252202250125,2607
HILIC_217.0723473_29.23223951,1.6968126108805575,0.09781441544019111,0.7177897439971538,2.0535384845863556,2608
HILIC_217.0819708_87.1200822,0.19151725859073115,0.8491281551209882,1,0.06706379140343946,2609
HILIC_217.1066105_285.3758352,0.32591302609597167,0.7462573349226027,1,0.10056539528070227,2610
HILIC_217.1183165_58.3123694,-0.6349823369082251,0.5292006824023796,0.9824083431236167,-0.44380071159936635,2611
HILIC_217.1294623_59.53120218,0.2832650730074634,0.7784932299326636,1,0.12299012929102686,2612
HILIC_217.1546223_59.39823612,0.18751482815517692,0.8522430393501996,1,0.058116771845457806,2613
HILIC_217.195047_279.9388741,1.0078218766650244,0.3198404752826527,0.9483800637817349,0.2919247565402289,2614
HILIC_217.1950553_21.66803522,-0.5374736581502634,0.5940376922935715,0.9921034274533279,-0.22121438681139194,2615
HILIC_217.439843_189.4258901,-1.8842424486564247,0.06710912898303224,0.6475948503215213,-0.9991684715483046,2616
HILIC_217.4446929_177.2943428,-0.4904995866666628,0.626568026920445,0.9947980550876518,-0.35344553722231636,2617
HILIC_217.496102_247.5767639,-0.29704590310552526,0.7680303272197984,1,-0.16152573453685232,2618
HILIC_217.9259863_51.11381345,0.36142758486389925,0.7197583714242409,1,0.13265702618886968,2619
HILIC_217.993017_51.23932186,-0.6452839385019749,0.5225753352330266,0.9824083431236167,-0.3991094671718081,2620
HILIC_217.9978182_251.104129,-0.35292536506307987,0.7260718951242906,1,-0.18485091820808724,2621
HILIC_218.0483081_33.92106652,0.27663979210745393,0.7835384113565657,1,0.19969466855077167,2622
HILIC_218.0652888_26.67748556,-0.6113295080744078,0.5445790869680931,0.9847303701966784,-0.47584660368802933,2623
HILIC_218.0852523_92.09333912,0.9798191724884939,0.333300509709043,0.9523228101868886,0.43496515550540965,2624
HILIC_218.102352_281.2759991,-1.3500985066627456,0.18487874567978788,0.8467345678477594,-0.36591808488514654,2625
HILIC_218.1386841_34.99187682,0.3210104902838038,0.7499408140874109,1,0.10855816552404933,2626
HILIC_218.1499926_129.303201,2.083454104087628,0.04390754381185871,0.5500697873080546,1.2548042330004048,2627
HILIC_218.4865599_163.6022447,0.13623511661639406,0.8923462170697419,1,0.06255972362479925,2628
HILIC_218.4945663_246.3321709,-0.488935572928384,0.6276647367639892,0.9947980550876518,-0.23474303659792542,2629
HILIC_218.5112214_125.7552802,0.05367984808607712,0.957468180116269,1,0.019084824866161566,2630
HILIC_218.9106079_239.541899,-0.3153870549359477,0.7541732403688941,1,-0.11937448318174465,2631
HILIC_218.9196688_53.2486304,0.1634981835639189,0.8709825708273339,1,0.021820286202935253,2632
HILIC_218.9264664_49.03830713,0.7952713212434879,0.43133779160595853,0.9742203846590763,0.3174771714313379,2633
HILIC_218.9746764_283.6031213,1.5872683212113725,0.12064250499403564,0.7569064510608227,0.8637556366004068,2634
HILIC_218.9842211_289.3888009,-0.2203301392354365,0.826779761315379,1,-0.17153333735646067,2635
HILIC_218.9957723_247.6106884,0.08404085838272084,0.9334599878379426,1,0.06753367871611814,2636
HILIC_219.0093767_126.1325259,-0.24705165060017972,0.8061826323427193,1,-0.11772046494006212,2637
HILIC_219.0249997_56.92093671,0.027194998774185464,0.9784448643673078,1,0.008452380059236443,2638
HILIC_219.0318054_222.6103394,-1.5164141215036548,0.13759384300513938,0.779368069461834,-0.7140189920329727,2639
HILIC_219.0464433_60.79762742,1.3122951857040042,0.19720082785287807,0.8588924329272842,0.9876686873909301,2640
HILIC_219.0651482_285.3935006,0.6221919043893112,0.5374880827562467,0.9833164118236528,0.29087188147110954,2641
HILIC_219.0716217_62.99938171,-0.8967878754849045,0.3754129016804886,0.9637531830220828,-0.5588233210303525,2642
HILIC_219.0829127_114.1251715,1.5421891771883864,0.13121854525508794,0.7697661366590566,1.2137755234630676,2643
HILIC_219.0877718_31.61682605,-0.7064105610286682,0.484191733651848,0.9781047779839798,-0.34786127542232936,2644
HILIC_219.0975509_66.20593711,0.196106522613688,0.8455595824763573,1,0.056348504645350773,2645
HILIC_219.1340131_151.8985161,0.386529607146504,0.7012353465993171,0.9999159889500627,0.16092594969449514,2646
HILIC_219.1379103_278.3634736,0.4834032341295513,0.6315509467525915,0.9947980550876518,0.16063501167766076,2647
HILIC_219.137957_28.6161218,1.4255506764528376,0.1620662373007939,0.822779916663313,0.7092065164646713,2648
HILIC_219.1420304_35.00273079,0.5529682573936235,0.5834860660620476,0.9913379189285378,0.22860499234803172,2649
HILIC_219.1490947_24.36854978,-1.3249577627416493,0.1930056085539542,0.8515234707275139,-0.7160384208032209,2650
HILIC_219.1703855_52.95734418,-0.49472044629886724,0.6236125825195458,0.9947980550876518,-0.3646668295591505,2651
HILIC_219.1743024_20.18777635,-0.2590632145052125,0.7969684197464685,1,-0.14538518610795192,2652
HILIC_219.174324_287.322076,1.8200374923031613,0.07654464615518909,0.6820853040828251,0.5336361019372893,2653
HILIC_219.2106887_22.2673236,1.0663523105548713,0.29291460409860015,0.9355859314842769,0.48209227950341826,2654
HILIC_219.210761_278.3201182,-0.3557810497910956,0.7239491548497963,1,-0.11003584661340578,2655
HILIC_219.4940264_245.9898511,0.5538399765227386,0.5828951425680724,0.9913379189285378,0.30425238300415103,2656
HILIC_219.9229174_48.37089733,-0.5319906597981116,0.5977931639663976,0.9926487049255592,-0.22788675402990918,2657
HILIC_219.9876281_233.0756824,-1.8721739190728939,0.06880277141988711,0.6521659055199539,-0.6569443040847545,2658
HILIC_219.9955982_248.1980874,0.050974473544578465,0.9596097580384044,1,0.027646277619839326,2659
HILIC_220.008632_46.54661527,0.16875982183183308,0.8668702171846566,1,0.14478762778537566,2660
HILIC_220.0605301_36.36712931,0.4663495100531016,0.6435967748250497,0.9955023063019077,0.4126155347350217,2661
HILIC_220.0668306_74.82654157,0.15775957707013702,0.8754718431187887,1,0.058850619665907884,2662
HILIC_220.1179003_30.90673343,-1.3076134270713033,0.19876938372184236,0.8593515168411124,-0.44101653110060907,2663
HILIC_220.1430024_38.5896008,0.5643155661965547,0.5758167147915654,0.9913379189285378,0.3827256374782035,2664
HILIC_220.1499306_208.7714271,-1.4073771045466357,0.16734858071392048,0.8296138223463838,-0.4190444736137385,2665
HILIC_220.5021876_197.9179379,-0.27859041849907273,0.7820520067864066,1,-0.1605545271481043,2666
HILIC_220.8837301_162.3382495,-0.9114887415868138,0.36771732938459645,0.9637531830220828,-0.5961374264261133,2667
HILIC_220.9060845_259.7964156,2.097806609764733,0.04254685705600978,0.5418088433312563,1.0910356827857683,2668
HILIC_220.9345883_253.1704727,-1.201474017712602,0.23691583791824392,0.8923394422669891,-0.4982241985906173,2669
HILIC_220.9705143_247.3347497,-1.9002830858118793,0.06491336097022793,0.6405709176144979,-0.5827532005471184,2670
HILIC_220.9760342_163.4079943,-1.1591332916386505,0.25354999723280996,0.9060345787272268,-0.6509716299253892,2671
HILIC_221.0171814_278.809961,1.0688226208634113,0.2918140024378779,0.9340589136386561,0.457961476011026,2672
HILIC_221.0173541_135.4411755,-0.003765153672812385,0.9970153164581074,1,-0.0015818923935794482,2673
HILIC_221.0246228_52.11016397,1.843531126622198,0.07296900924702585,0.6703761024975299,1.6803493686928401,2674
HILIC_221.0334028_125.381095,-0.6833242734564416,0.4984991578925664,0.9781047779839798,-0.2391391541307115,2675
HILIC_221.0366427_186.0529468,2.2573506226883335,0.029745148086489096,0.4820529586073107,1.3434614286922961,2676
HILIC_221.0421724_50.409775,-1.627355408213678,0.11183001784906328,0.7369335488291879,-0.8232377949752362,2677
HILIC_221.05076_159.637987,-0.11458269228902614,0.909372166908671,1,-0.06610653259191067,2678
HILIC_221.0702336_75.52807559,0.9597357685835992,0.3431847652682857,0.9561851813631342,0.4819525034417894,2679
HILIC_221.0768556_90.53383357,0.5752188030801672,0.5684944169795995,0.9913379189285378,0.22418946718815122,2680
HILIC_221.0920993_39.97277751,-1.8626059860397004,0.07017130763931083,0.6575902796277318,-0.5895144529996152,2681
HILIC_221.1171231_285.0686809,1.6933869538695274,0.09846977830349118,0.718134185467518,0.6084848268135176,2682
HILIC_221.1319442_86.90663504,0.4259264511216483,0.6725363128700578,0.9996367449012522,0.34156133196055516,2683
HILIC_221.1497156_118.1717093,0.48212814537013293,0.6324481454323342,0.9947980550876518,0.30283999914853343,2684
HILIC_221.153583_21.56278907,1.8247694662835143,0.07581274632050887,0.678296612054887,0.4578604845211384,2685
HILIC_221.1536791_284.3849278,-0.03719267238177133,0.970523813049337,1,-0.00874806730189461,2686
HILIC_221.1899608_265.6477492,-0.3325813552129523,0.7412568152190502,1,-0.15283972736972323,2687
HILIC_221.2970134_168.8297337,-0.9869213726151934,0.3298512342047172,0.9506069103298993,-0.21408414377982854,2688
HILIC_221.9565992_40.75952837,-0.28005226005612693,0.7809386048286334,1,-0.1428354643109427,2689
HILIC_221.9837965_169.8171118,0.553295438757185,0.5832642413945255,0.9913379189285378,0.2615019085347733,2690
HILIC_221.9879309_62.59229315,-0.20808790755538925,0.8362586546423384,1,-0.07222165082193949,2691
HILIC_222.0024431_153.6134358,1.6863776584457513,0.09982208591810361,0.718134185467518,1.9244985549945872,2692
HILIC_222.0179685_181.7799511,-0.8353702013675258,0.40867029605380767,0.9676316311691489,-0.7480098809744942,2693
HILIC_222.045521_50.51321398,-1.6649392566802415,0.10405403296960962,0.723414405040139,-1.2296023421390476,2694
HILIC_222.1124493_289.7977682,1.0651734409572562,0.2934408475512249,0.9362217130442209,0.35765617848464454,2695
HILIC_222.1487182_24.88761785,-0.06049916436466758,0.9520714524126134,1,-0.03172883816635308,2696
HILIC_222.8677853_46.66092657,-0.2529918302237581,0.8016222650589245,1,-0.03394199271396672,2697
HILIC_222.9406825_36.67407756,-1.05086798293743,0.2998793120652628,0.9396681966123791,-0.5060793675372814,2698
HILIC_222.9655283_175.6180941,2.6567548624611006,0.011426685699351747,0.31057652653428364,2.3905694996750584,2699
HILIC_222.9773668_185.2701687,-2.4329612689914146,0.019733083324085715,0.4041845899822696,-1.122859787924078,2700
HILIC_222.988178_69.46898118,0.6742010058036605,0.5042169803590287,0.9781047779839798,0.17858833523781634,2701
HILIC_223.0151481_178.1217632,0.14175209738979772,0.8880159526694038,1,0.10477465975012606,2702
HILIC_223.0188124_53.80849209,-2.7162825596149522,0.009839995360838556,0.2857418246188054,-1.260826809793598,2703
HILIC_223.0402679_50.56591282,-1.9709997272238928,0.055953000131377585,0.6099355153895992,-1.3375072992675958,2704
HILIC_223.0602561_291.0236226,-0.01974364503484138,0.9843499754510379,1,-0.012101518076643131,2705
HILIC_223.0637601_289.171933,-0.9032602887095417,0.3720120778361221,0.9637531830220828,-0.2898017139940834,2706
HILIC_223.074781_177.5440451,0.8167562150417231,0.4190996358373974,0.9716822081080376,0.3045698245795723,2707
HILIC_223.0843814_35.20652774,-0.054380876420536184,0.9569132965989041,1,-0.020672062345250045,2708
HILIC_223.0951158_38.85811307,0.5744332901342394,0.5690203949426005,0.9913379189285378,0.21166320983798886,2709
HILIC_223.0964071_283.2231442,2.4721301529534925,0.017966662465667915,0.38784620630111405,1.0591066740588562,2710
HILIC_223.1328943_283.7330017,1.0040433168302842,0.32163484690825594,0.9495488307541496,0.3625334879463546,2711
HILIC_223.1440257_24.24058953,1.6346240627599935,0.11029004870964,0.7342554497285476,1.1708410594863252,2712
HILIC_223.1692453_21.49079648,3.3162026997406695,0.0019998551160561187,0.1280453653176571,1.137174777651129,2713
HILIC_223.1693107_284.182729,2.359987620260137,0.0234495057062002,0.43545122298393046,0.506082736512532,2714
HILIC_223.1693193_148.5529903,0.9864904290232157,0.3300598404685635,0.9506069103298993,0.28417170829562466,2715
HILIC_223.2055541_283.2327876,-1.5301068437541723,0.13417678006101083,0.7732638352012032,-0.36767002869026866,2716
HILIC_223.4855731_271.8557809,1.2074131781426314,0.23464814044817592,0.8884134042888568,0.6380680675991501,2717
HILIC_223.504477_258.7883604,0.6269745574641071,0.534381306001269,0.9833164118236528,0.17662893262657064,2718
HILIC_223.876066_39.44596485,0.623853115111291,0.5364079041267676,0.9833164118236528,0.37948618003312734,2719
HILIC_223.9452225_189.5386757,-1.5554222738920456,0.1280391003220238,0.7671458326289821,-0.6965851749842848,2720
HILIC_223.9848877_61.76201246,0.2060497728568549,0.8378391815252385,1,0.1894050194959718,2721
HILIC_223.9884875_280.2138886,0.7640267532038593,0.4495146065564868,0.9745894987688215,0.3509067334037327,2722
HILIC_224.005741_256.830661,0.014877243376307133,0.9882070442778931,1,0.005718016355178677,2723
HILIC_224.0223089_55.66100916,-0.4512964259434346,0.6543110896026172,0.9965858111391217,-0.4213436071203249,2724
HILIC_224.051645_121.0197804,-0.9059315801002945,0.37061429657323586,0.9637531830220828,-0.3477423450504984,2725
HILIC_224.0632497_291.3235893,2.212036991566282,0.0329767329707429,0.4996956656890978,0.9563119120978425,2726
HILIC_224.068422_43.36820515,-0.1428935556067597,0.8871204540139013,1,-0.04873125038446387,2727
HILIC_224.078087_178.2470706,1.5029191878707266,0.14102942976720753,0.7856639509371739,0.9496595332309432,2728
HILIC_224.0916681_286.5651575,1.7149882619483572,0.09439755701413316,0.7121317722762723,0.799703430963091,2729
HILIC_224.1281511_146.5941447,-0.05874375276465017,0.9534604567703331,1,-0.021495374618079863,2730
HILIC_224.1282093_290.2415078,0.2504360310076437,0.8035835406470188,1,0.09628181368455542,2731
HILIC_224.4165624_178.2065861,1.1031797359546645,0.2768059658102118,0.9232742511419165,1.1626374001366093,2732
HILIC_224.4470405_189.5537559,-0.35129261083844415,0.7272865687269741,1,-0.25189524879574393,2733
HILIC_224.5022171_256.2646794,0.21656300703551978,0.8296938470173112,1,0.06929200469969939,2734
HILIC_224.8649323_46.68505475,-0.23019333394613356,0.8191618703466822,1,-0.031181315444505444,2735
HILIC_224.8965536_243.0737137,0.6679497651995681,0.5081554875421548,0.9792839437300358,0.18340508985564632,2736
HILIC_224.9387993_36.43146196,-0.8349242045323855,0.40891829403768165,0.9676316311691489,-0.6178436811974491,2737
HILIC_224.9486031_189.792798,0.11847305858576002,0.9063096244689908,1,0.0738941986007686,2738
HILIC_224.989411_269.026766,0.5393932271385522,0.5927255768274622,0.9920080820797249,0.17687966035460898,2739
HILIC_225.0038721_257.4805732,0.09153285248998239,0.9275444228692911,1,0.053480265528278996,2740
HILIC_225.0345637_55.48384719,-1.653366396960409,0.10639941993293504,0.7270102455490702,-0.4674406535088549,2741
HILIC_225.0429878_289.8667901,-0.17523906420755384,0.8618113703871094,1,-0.05958926600423125,2742
HILIC_225.0455627_43.90848186,-0.28236766295981447,0.7791760492557472,1,-0.1479565944463051,2743
HILIC_225.0548093_171.8778365,1.7458989028003833,0.08881521347750787,0.6991326024755875,0.7052352308574612,2744
HILIC_225.112129_287.9247148,1.203091156109826,0.23629679089104486,0.8910898353573972,0.4673827361817461,2745
HILIC_225.1484964_291.9626612,-0.13195476349123839,0.8957081625534071,1,-0.03951032405033654,2746
HILIC_225.1485466_161.5409105,1.7765951725356188,0.08354786029857514,0.6948552844377854,0.4774738530542413,2747
HILIC_225.1848871_19.86086822,1.9054771953615508,0.06421567916862833,0.6376917318199438,0.43700178496798986,2748
HILIC_225.1849516_285.7360174,-0.5859460259704244,0.56133576726544,0.9899322889121577,-0.12933344110843525,2749
HILIC_225.196104_289.057255,-0.6811979609695379,0.4998285707088418,0.9781047779839798,-0.23110562827285355,2750
HILIC_225.2212891_281.2042727,-0.5916184805223764,0.5575687435719994,0.9878934493313638,-0.20925469824001347,2751
HILIC_225.4987362_161.4441703,0.513759451307286,0.6103601632291343,0.9928201179984223,0.22316095619796694,2752
HILIC_225.5009024_256.3249094,0.12583410987694738,0.9005189159420467,1,0.055047426596458095,2753
HILIC_225.8742129_39.62922093,0.9003832194789284,0.37352132914129477,0.9637531830220828,0.5344426711693941,2754
HILIC_225.9113955_280.3530848,-0.8830070210094881,0.3827200771153755,0.9638726330536317,-0.5142315358508325,2755
HILIC_225.9701351_43.10165124,3.7025178444742726,6.677186653612565e-4,0.07052604538411186,0.9688936809967369,2756
HILIC_225.9989256_24.90378794,0.2994703657041935,0.7661940613384335,1,0.1555051375629389,2757
HILIC_226.0120361_57.88579308,0.5538581306348866,0.5828828392908256,0.9913379189285378,0.5575755789854836,2758
HILIC_226.0241832_37.73385013,0.5522783364564463,0.5839539572846311,0.9913379189285378,0.15756171558075077,2759
HILIC_226.0449352_46.52739537,3.3502561230586037,0.0018191552568163274,0.12645543842736506,0.6970698686620584,2760
HILIC_226.0611715_27.42924994,-0.5886502788747034,0.5595383027556216,0.9891348092350075,-0.4889112029872005,2761
HILIC_226.0687094_54.92587918,1.6587909082113292,0.10529470450572039,0.7270102455490702,1.1573192190137291,2762
HILIC_226.0838186_43.13529808,-0.1949790699206035,0.8464359780539222,1,-0.09980620680912908,2763
HILIC_226.1052592_41.16279238,0.0587137186866581,0.953484223123285,1,0.035280906322917034,2764
HILIC_226.107301_278.2510059,1.40050615342953,0.1693803742045295,0.8316096347034753,0.5084290338863565,2765
HILIC_226.1225635_285.8851045,2.676376955824203,0.010879287762377936,0.3034288370223858,0.9510811708978348,2766
HILIC_226.158972_273.7036158,2.19955444614027,0.03392016964629989,0.5027225142861993,0.6640931477754196,2767
HILIC_226.1800783_19.8961569,-1.461124123896835,0.1521059124733876,0.805855527144555,-0.5099132278557497,2768
HILIC_226.1801371_284.3827654,0.23048589552141782,0.8189361756276844,1,0.06995593941741414,2769
HILIC_226.1801752_165.7001525,-0.7083342216821942,0.4830100991791948,0.9781047779839798,-0.3862686288951003,2770
HILIC_226.4830005_169.8268105,-1.779783781082262,0.0830160943222127,0.6948552844377854,-0.48743280513410153,2771
HILIC_226.5279367_171.761766,0.05206482279280374,0.9587465988344752,1,0.016151746696165974,2772
HILIC_226.8621137_47.19395323,0.014611460951299064,0.9884177102836098,1,0.0020642923369900324,2773
HILIC_226.9116489_252.865199,-0.18076785085456898,0.8574992634222753,1,-0.07043778913694762,2774
HILIC_226.944846_58.92135554,-0.4607355892055787,0.6475837493452037,0.9965858111391217,-0.16288845837272356,2775
HILIC_226.9514422_55.30070584,-0.15353013130094975,0.8787831863613051,1,-0.06124822592184736,2776
HILIC_226.9580488_59.06756456,-0.5778553596697699,0.5667307521109987,0.9913379189285378,-0.16740048055407597,2777
HILIC_226.9629877_59.25994817,0.08196461576841052,0.935100048310678,1,0.040241119723711444,2778
HILIC_226.9722637_43.33107103,-2.146980150167218,0.038161993194168194,0.5251143098270588,-0.9955026636366897,2779
HILIC_226.9919103_123.7742324,-0.5848283299147075,0.562079525282608,0.9902335328204201,-0.2733830420836406,2780
HILIC_227.0158954_125.2917849,-1.2730215905064977,0.210653767582623,0.8683661493536527,-1.136368696787907,2781
HILIC_227.0236334_257.3901487,0.5157126866332973,0.6090079554495538,0.9928201179984223,0.17532825634437277,2782
HILIC_227.0258791_38.25071997,1.0124932286110109,0.31763155618099953,0.9457907027300043,0.636966281296133,2783
HILIC_227.0420344_46.51199172,0.46802453679816286,0.6424092359439935,0.9955023063019077,0.05746483216753894,2784
HILIC_227.0488343_47.42225182,-1.4253918422880572,0.16211183106864757,0.822779916663313,-0.442217314399366,2785
HILIC_227.06379_81.72654289,-1.181521005142673,0.24465214331999233,0.8996922218064325,-0.5912312229313851,2786
HILIC_227.0661508_25.424093,0.37707878116297555,0.7081882891976283,0.9999159889500627,0.22412093863599852,2787
HILIC_227.1002913_86.07995459,-0.8151966825663464,0.41998076611829216,0.9716822081080376,-0.3618726878036255,2788
HILIC_227.1256698_30.90819648,0.5411991315287937,0.591492418700927,0.9919344024228657,0.17482199975503795,2789
HILIC_227.1279421_289.1159911,-0.18478622311631407,0.8543679485211811,1,-0.056320426938211904,2790
HILIC_227.1389778_43.20578982,0.6089030892365674,0.5461696382730123,0.9857989553982086,0.3613818147692066,2791
HILIC_227.1642237_160.835208,-0.3425813591027214,0.7337792056492353,1,-0.13344048137606146,2792
HILIC_227.1642462_290.0122403,-0.4514343569191304,0.6542125732909356,0.9965858111391217,-0.1630748695006855,2793
HILIC_227.1753755_20.77299073,1.5056240810848676,0.14033536992883067,0.7852222195474602,0.6307463164099644,2794
HILIC_227.2006688_283.841637,-0.5313341015078029,0.5982436113099838,0.9926496761385558,-0.13496452169511505,2795
HILIC_227.3003765_168.3988729,-0.18798828691666328,0.851874444952144,1,-0.03146845521130058,2796
HILIC_227.491704_163.8660437,-0.13500362480528283,0.8933132724386288,1,-0.10523209115455062,2797
HILIC_227.5164987_125.2744412,0.06721999283506522,0.9467549000586333,1,0.026387224024714242,2798
HILIC_227.9444815_157.4794758,-0.9171626028461023,0.3647746922839836,0.9637531830220828,-0.9792909590498623,2799
HILIC_227.944517_53.01598171,0.19921433082805703,0.8431448413180329,1,0.11233459559197662,2800
HILIC_227.9493742_232.3595835,-0.05530640309104499,0.9561807496594799,1,-0.02272018674501239,2801
HILIC_227.9548365_57.68322149,-0.860713833326138,0.3947312109077519,0.9669701703160376,-0.2579073839105591,2802
HILIC_227.9683123_43.01730268,1.9269525805138987,0.061398962816620044,0.6293486252931663,1.1361907461761256,2803
HILIC_228.0146249_125.1369316,-0.37845281491779525,0.707175827740402,0.9999159889500627,-0.18663070443892552,2804
HILIC_228.0216495_257.4234981,-0.22661736220748524,0.8219217833358499,1,-0.07456605091825882,2805
HILIC_228.0218311_58.42705115,-0.3589317157276017,0.7216097020103444,1,-0.1591972582642814,2806
HILIC_228.0453262_46.5301002,0.16128942767749624,0.8727099624011754,1,0.023155971640184646,2807
HILIC_228.074498_68.75123036,1.124913773620705,0.26759897210223565,0.9176991599489461,0.6229778402115809,2808
HILIC_228.080058_62.16776808,-0.3382110247498709,0.737043991368299,1,-0.18521522518219444,2809
HILIC_228.1226246_30.26174287,0.5652130653803671,0.5752122354122302,0.9913379189285378,0.2283103490999807,2810
HILIC_228.1230769_278.798232,1.878009071968907,0.06797938741244262,0.6496083797137918,0.6688398458485382,2811
HILIC_228.1285774_32.07951242,0.3072086414182839,0.760342336401122,1,0.10234490733862497,2812
HILIC_228.1957281_269.8148082,0.2556537411114716,0.7995809419413136,1,0.1435328190442268,2813
HILIC_228.1957573_19.22231604,-2.360946826752472,0.023396811782746753,0.43498687941651065,-1.3437764973256614,2814
HILIC_228.2321363_159.5849704,-0.011667201355852046,0.9907514591057329,1,-0.004376773639837032,2815
HILIC_228.232214_289.1048565,1.4204016683236198,0.16354940316707325,0.825749576788019,0.5178298576347931,2816
HILIC_228.463174_190.03648,-1.2479526681231823,0.2195949553106593,0.8775039313312304,-0.7056030509999017,2817
HILIC_228.4679884_188.2126971,-0.930556230000787,0.357889192812202,0.9588670540445742,-0.3629198397471014,2818
HILIC_228.8129492_47.74089714,-0.9203612696252262,0.3631225250694443,0.9633639059453812,-0.2797390286546857,2819
HILIC_228.9097854_236.2747893,-0.7356823415107772,0.46638836701194697,0.9773834678378885,-0.31378006752955,2820
HILIC_228.9333367_229.20504,-0.6018937965399882,0.5507777299555111,0.9858134543858914,-0.1887221343597656,2821
HILIC_228.933465_39.95872464,0.1878608825980123,0.8519736277276306,1,0.137717628921705,2822
HILIC_228.9551918_56.11037444,-1.2495791228330393,0.21900639719868428,0.8764295700285223,-0.41179366918328625,2823
HILIC_228.9697667_188.8294521,0.48853432707634153,0.6279462343321837,0.9947980550876518,0.2382531042911517,2824
HILIC_228.9732616_50.78717096,0.5530855820465661,0.5834065167889206,0.9913379189285378,0.13296600602600034,2825
HILIC_228.9943214_49.55393908,1.0633172699413775,0.2942707717791362,0.9374595218807457,0.5386632442229594,2826
HILIC_229.0013561_292.1699722,2.5546095256107,0.014708925780889557,0.3485327662409879,1.0204739673546577,2827
HILIC_229.0790814_65.06765536,0.12993348852016257,0.8972964265567205,1,0.07049211649418684,2828
HILIC_229.0971556_25.58297263,-2.1030034574567833,0.042063387321494596,0.5390014802778794,-2.022376390215058,2829
HILIC_229.1046647_54.39667299,-0.19757445490187067,0.8444188218459474,1,-0.12578814693532478,2830
HILIC_229.1070454_292.4580754,0.9707019533436841,0.33776374816678467,0.9541737438762358,0.3579673865952563,2831
HILIC_229.1182647_60.81969238,-0.1972885734364605,0.8446409597518814,1,-0.08716101597795528,2832
HILIC_229.1295285_78.92990275,-0.07980237802984273,0.9368083421069959,1,-0.044492918350724144,2833
HILIC_229.1434913_157.7237963,0.13856691318178013,0.8905155807326276,1,0.04032900022906305,2834
HILIC_229.1434927_290.932394,0.9912805067180497,0.3277461040102082,0.9506069103298993,0.2923129571449246,2835
HILIC_229.1479764_54.94467699,0.33643182554873907,0.7383745307505308,1,0.21632505891485368,2836
HILIC_229.1546244_52.37785663,1.4267455314171653,0.1617235733985532,0.8218381018016443,0.5298239028817057,2837
HILIC_229.1613204_53.06899892,1.023742397120358,0.3123549537237824,0.9421850854569164,0.5237748227668146,2838
HILIC_229.1797705_281.9968258,0.2009990973738791,0.841758783528266,1,0.08155533799253677,2839
HILIC_229.4714521_188.9933221,1.7699163608252177,0.08467098425574214,0.6959761542836904,1.034635852844408,2840
HILIC_229.9378844_265.0582425,0.522964439650472,0.6039997954580341,0.9928201179984223,0.17921188028071394,2841
HILIC_229.9413142_53.47359807,-0.24909682918317197,0.8046117350555422,1,-0.19070885946142105,2842
HILIC_229.9802411_63.5591829,0.364641128795494,0.7173772149944108,1,0.1405085592727389,2843
HILIC_230.0726383_68.56796011,-0.4047395925523778,0.687911838412901,0.9999159889500627,-0.2431674780802263,2844
HILIC_230.0812176_26.24959582,-1.4372062862165105,0.1587478371106731,0.8193248359762065,-0.8775411790263976,2845
HILIC_230.0957825_62.8234949,0.7871430513043187,0.43602340099580983,0.9745124110909839,0.3549638949658976,2846
HILIC_230.1006539_24.6349227,-2.3721909400448165,0.022787034167605018,0.4282108932692283,-2.59020803213039,2847
HILIC_230.1022583_288.7645488,0.19318164348762434,0.8478335679802257,1,0.07619408821675921,2848
HILIC_230.1328551_77.95990904,0.8285349939587543,0.41248124672312536,0.96978156031432206,0.29359705298523314,2849
HILIC_230.1387786_36.68318182,0.42216806802289963,0.6752536829238485,0.9996367449012522,0.23940242240058485,2850
HILIC_230.1517214_52.51842205,1.178894802799427,0.24568396574492038,0.9002001515555613,0.4908873748944585,2851
HILIC_230.1579427_52.25134221,1.4122557127734776,0.16591752780023286,0.8274419139233609,0.5272508839502644,2852
HILIC_230.1863636_38.04764172,-1.9499828570231093,0.058497093273853155,0.620100766081129,-0.6874539225269719,2853
HILIC_230.8100606_48.71038696,1.2396645439165535,0.22261247693089342,0.8799075082512211,0.4324797119255716,2854
HILIC_230.9621235_295.5478636,1.4112175662426594,0.1662212456303062,0.8274419139233609,0.40225994201973053,2855
HILIC_231.0557207_150.4817354,0.7553975672331952,0.45461322734075904,0.9753792522951469,0.2279040681793042,2856
HILIC_231.0653383_192.8054025,0.4746679354256724,0.6377086598938009,0.9953856535986481,0.23409735717075864,2857
HILIC_231.0851905_27.55150301,1.0619772470000408,0.29487093354158844,0.9381171255444217,0.6511637223083474,2858
HILIC_231.0988981_49.53491787,0.5258694768634908,0.6019989440832187,0.9928201179984223,0.19111009884454758,2859
HILIC_231.101761_24.39830577,-1.523554438600944,0.13580335017423584,0.7761420841359271,-1.4264751176437585,2860
HILIC_231.1491587_23.1780308,-2.3577563113442,0.02357249677041049,0.43556851625430787,-1.215885138798291,2861
HILIC_231.1601942_51.47694259,1.0679746005860566,0.2921914963737461,0.9343229000674844,0.41357783398246467,2862
HILIC_231.1702311_53.56607746,-0.23240539667745225,0.8174557765974458,1,-0.11539287229930435,2863
HILIC_231.1897214_37.46918798,-1.7257100561538727,0.09242899020820959,0.7104270552739949,-1.0569443824389237,2864
HILIC_231.9350217_244.9037889,0.4842248289047184,0.6309731414881288,0.9947980550876518,0.2843058871880107,2865
HILIC_231.9708589_157.2637334,0.7726111691833281,0.4444760353092726,0.9745894987688215,0.4840386935701387,2866
HILIC_231.9839074_43.12570029,-0.8837303482563543,0.3823343000157524,0.9638726330536317,-0.15882867806248674,2867
HILIC_232.0167576_62.94602344,-0.07853550389101181,0.9378093875132434,1,-0.037861535764434746,2868
HILIC_232.0274522_35.70786608,1.6718485095726583,0.10267424791093134,0.7222851642405752,1.376245504353075,2869
HILIC_232.0539593_27.53200409,-0.5191052810336377,0.6066625913453423,0.9928201179984223,-0.33846493573612957,2870
HILIC_232.0637657_26.24519202,2.0205623660590684,0.05032976967037504,0.5835281782447173,1.2844461409784604,2871
HILIC_232.0815222_280.4976775,0.6797761380633548,0.5007186127178984,0.9781047779839798,0.255713374724234,2872
HILIC_232.0907841_27.41337948,-0.29823226975108547,0.767131614111305,1,-0.3227510211612628,2873
HILIC_232.1543617_30.59589974,0.9677804892604674,0.33920232612511547,0.954330731898445,0.3348096626709668,2874
HILIC_232.1728136_140.0659482,-0.22664394848155356,0.8219012557115986,1,-0.08400397432620932,2875
HILIC_232.4907392_267.7312042,0.8886157902941993,0.37973520678212835,0.9638726330536317,0.6040008795138543,2876
HILIC_232.5281824_125.0055876,-0.7540966098008093,0.4553848361034689,0.9753792522951469,-0.44240118493345837,2877
HILIC_232.8107311_42.49459318,-0.34165729248363363,0.7344690996460188,1,-0.19527302335866814,2878
HILIC_232.8966093_50.55465618,-0.6032187069023222,0.5499051772670126,0.9857989553982086,-0.08994435148456906,2879
HILIC_232.9283063_269.6427999,0.7863495933306792,0.4364824251815911,0.9745124110909839,0.7639096081815828,2880
HILIC_232.9504542_188.9699054,0.4209268310067599,0.6761520863817164,0.9996367449012522,0.1947018802557248,2881
HILIC_232.9855484_32.69746983,-0.8865536905784169,0.38083087996066745,0.9638726330536317,-0.6491728934350434,2882
HILIC_233.0066721_264.3124209,-0.5059925838649629,0.6157507485267901,0.9931667617408494,-0.215853479747653,2883
HILIC_233.0248949_225.670025,-0.052062321752538374,0.9587485786896878,1,-0.02682444905526124,2884
HILIC_233.0287545_125.8656809,-0.7100831928731489,0.48193718431410637,0.9781047779839798,-0.3775675270004833,2885
HILIC_233.0380187_27.44410492,-0.39704374871486414,0.693530596579234,0.9999159889500627,-0.2888368054071933,2886
HILIC_233.0785712_40.35742293,0.016197436316173302,0.9871606382656042,1,0.006316698831655689,2887
HILIC_233.0872244_61.24848573,1.1892201350870022,0.24164542002421768,0.8965589582842357,0.47872684661683357,2888
HILIC_233.1497431_140.1089918,1.65770877602779,0.10551432501348719,0.7270102455490702,1.0007426714573746,2889
HILIC_233.153547_280.0857386,1.9640281561216368,0.05678608994649149,0.6133199145431344,0.6651443321878397,2890
HILIC_233.1569185_28.6169094,1.0659659543743227,0.29308699962256224,0.9356022332077402,0.4598914511161749,2891
HILIC_233.1647301_24.22482905,-0.4326601685986667,0.6676788499920749,0.9982644021852166,-0.33970777147160147,2892
HILIC_233.1746268_286.8863133,1.3637501673713266,0.18057739403187503,0.8435536307584767,0.6131545801269451,2893
HILIC_233.2263009_22.90204797,0.6618724609933286,0.512000432870028,0.980797573128938,0.4733875982544192,2894
HILIC_233.4522156_189.4215527,-0.7908160002299269,0.43390233144665025,0.9742203846590763,-0.6408387421646999,2895
HILIC_233.5268762_124.3602582,-0.5928023673149461,0.5567841514395007,0.9878934493313638,-0.19374575685712567,2896
HILIC_233.9057965_231.6508052,-0.7508741851947324,0.4572993794119473,0.9755657681934743,-0.26032284435058284,2897
HILIC_233.915244_232.8023825,1.6202071522098156,0.11336162843358459,0.7398432349432608,0.49648693851293263,2898
HILIC_233.931721_229.4233415,-1.8475985084920328,0.07236461672352085,0.6679483717547078,-0.5481110576506948,2899
HILIC_233.9595141_284.6910173,2.0014451608442925,0.05243766845282535,0.5951460072669303,0.8176710671509537,2900
HILIC_233.9597139_184.8006959,-0.732557472351147,0.468270762536941,0.9777549229263227,-0.9206443192627674,2901
HILIC_233.9821236_43.0712664,-0.5654125789170295,0.575077902372739,0.9913379189285378,-0.124377507734177,2902
HILIC_233.9933683_169.3754901,0.31048476794234353,0.7578691783036512,1,0.20078151872885255,2903
HILIC_234.0430688_98.06803228,-0.5066059480760748,0.6153242538355455,0.9931667617408494,-0.22112870887101932,2904
HILIC_234.0833633_64.75218093,1.1768695649052645,0.24648183554865052,0.9005362363839727,0.8264960761862508,2905
HILIC_234.1084314_99.57509812,-0.41562393652118285,0.679995691102391,0.9999159889500627,-0.1505184946169694,2906
HILIC_234.1812092_297.5192336,1.1229396617241907,0.2684261060281662,0.9185306307345874,0.8257739195863714,2907
HILIC_234.47562_230.0092508,0.9634568803458433,0.3413388302343294,0.9550137755006265,0.670976812378698,2908
HILIC_234.480727_215.495757,-1.223416696166523,0.22861727559618533,0.8849144326765062,-0.5705942285630977,2909
HILIC_234.4899539_169.7627816,0.22835454844043554,0.8205807452276803,1,0.04024132154121824,2910
HILIC_234.8937512_50.62623417,-0.26305922401355014,0.7939094710243282,1,-0.05921202846733547,2911
HILIC_234.9566251_288.2231887,-1.550845016631102,0.12913173852860674,0.7690074549221807,-1.5279913486142476,2912
HILIC_234.9631177_39.56587718,-0.27726368724718414,0.7830629049256829,1,-0.11731573358402801,2913
HILIC_234.9725368_168.0766316,0.215571233819528,0.830461445544463,1,0.14992985120523047,2914
HILIC_234.9813995_49.78857571,0.5531940510558548,0.5833329765549243,0.9913379189285378,0.11423841920244404,2915
HILIC_234.9970192_64.4090121,0.7489466734969233,0.45844681665640075,0.9755657681934743,0.3299624792132541,2916
HILIC_235.0124797_257.8132653,-0.13407768555551672,0.8940404947844316,1,-0.05453679695060905,2917
HILIC_235.020621_145.14573,0.2762370356623178,0.7838454198982155,1,0.16463123842943592,2918
HILIC_235.0462575_85.26531525,-0.3089350981581255,0.7590387096060879,1,-0.23701376317371903,2919
HILIC_235.0816896_102.7304739,-0.6907166451343979,0.49389254551624373,0.9781047779839798,-0.48246717006260964,2920
HILIC_235.0924713_95.90168615,0.3161489967039166,0.7535993189616541,1,0.1356223835164647,2921
HILIC_235.0993564_111.4968313,1.8248741002488749,0.0757966297562058,0.678296612054887,0.9853099534238824,2922
HILIC_235.1066872_97.56680104,0.14151763652298288,0.8881999107242446,1,0.09221982315411882,2923
HILIC_235.117756_29.34307335,0.49928574478947557,0.6204230387773086,0.9947980550876518,0.441443198580754,2924
HILIC_235.1288712_92.92454454,-0.12657973215273768,0.8999326596455501,1,-0.05993257537743781,2925
HILIC_235.1326419_27.19372498,0.5767767384913709,0.5674519416960742,0.9913379189285378,0.17905572673974968,2926
HILIC_235.1328915_287.2354438,1.6582877027507137,0.1053967839438566,0.7270102455490702,0.6588825428568933,2927
HILIC_235.1653606_54.59284521,0.475228756982727,0.6373125359890355,0.9953856535986481,0.24169455158001515,2928
HILIC_235.1693593_171.6320415,-0.4174454892437519,0.6786744254669761,0.9996367449012522,-0.1463561326742912,2929
HILIC_235.1748457_39.60041385,-1.5051876006157663,0.14044718316371033,0.7852222195474602,-1.2000067814993536,2930
HILIC_235.1804889_22.99187876,-1.7729468253497076,0.0841598108946375,0.6959761542836904,-1.0434833734244897,2931
HILIC_235.2056138_287.4385863,-2.1064311372789013,0.04174715572719649,0.5388286365772633,-0.6998596868087569,2932
HILIC_235.2056417_160.5973195,-0.6888722365502211,0.49503968156393097,0.9781047779839798,-0.21125885504915964,2933
HILIC_235.3069668_168.3357593,-0.5130772545784195,0.6108327682400819,0.9928201179984223,-0.0833333333333329,2934
HILIC_235.4882102_170.844735,0.0606742610783358,0.9519329118818833,1,0.013757395169127936,2935
HILIC_235.5142107_256.7204538,-0.13354289591958504,0.8944605548152996,1,-0.059831123563488735,2936
HILIC_235.8867716_247.7853065,0.03169086575533318,0.9748825144201843,1,0.009302280798437375,2937
HILIC_235.9245374_222.0596071,-2.108725615393445,0.04153664160131695,0.5388286365772633,-0.8127569566569726,2938
HILIC_235.9482596_259.0583238,0.727270370601063,0.47146560622460376,0.9781047779839798,0.277380923704034,2939
HILIC_235.9624394_253.5473742,-0.33097805572053035,0.742458087737255,1,-0.22220831407892785,2940
HILIC_235.9847602_49.72581004,0.3435347017330335,0.7330676887233878,1,0.17472500329659554,2941
HILIC_236.010271_256.7323688,0.024083504726456338,0.9809105572100324,1,0.010529310066807528,2942
HILIC_236.0408348_75.02723554,-0.2409444532388799,0.8108783730565932,1,-0.08557647110640793,2943
HILIC_236.0665442_24.29208293,0.6196759029060701,0.5391262370110581,0.983683589406213,0.594195429366976,2944
HILIC_236.0895575_106.3856318,-0.4900142893958321,0.6269082329670168,0.9947980550876518,-0.23983776042612995,2945
HILIC_236.0958498_94.80397005,1.5120866149419196,0.13868817556066657,0.7820601419325246,0.6705468731842966,2946
HILIC_236.1103382_23.65304733,1.5145085219489445,0.13807487228557436,0.7800348273445538,1.2618031644427772,2947
HILIC_236.1280889_282.5811432,0.40728122263496,0.6860600945685571,0.9999159889500627,0.12662447163310556,2948
HILIC_236.1688937_53.99464155,-0.9825362389657173,0.33197808363561654,0.9514278664761784,-0.7229980067097364,2949
HILIC_236.1725746_289.1693755,0.4478111483719673,0.6568024998602531,0.9965858111391217,0.2093843306395882,2950
HILIC_236.1771726_24.05381898,-0.9483398890246473,0.3488790895434002,0.9574386235069654,-1.1463465739578855,2951
HILIC_236.1838008_22.98512099,-1.9201964609060878,0.062273414486263536,0.6319277618398141,-1.2055860352109777,2952
HILIC_236.5119672_255.7227215,0.47217304924747294,0.6394721699986791,0.9955023063019077,0.24792553127265676,2953
HILIC_236.8915415_47.68371911,-1.3787737829794902,0.17593350108320654,0.8365744600905479,-0.7603507397829737,2954
HILIC_236.9212046_241.0188356,-0.0541836265137526,0.9570694232303729,1,-0.013907277187443053,2955
HILIC_236.94127_126.8633231,-0.5562550042580731,0.5812595538189467,0.9913379189285378,-0.31617834420586205,2956
HILIC_236.947499_285.9637645,1.4003185740602722,0.16943611135041922,0.8316096347034753,0.5682237989378954,2957
HILIC_236.9569744_285.8572721,1.9592169808372164,0.057367252927720484,0.6133199145431344,0.5826164087096098,2958
HILIC_236.994857_282.2725109,1.273131236548098,0.21061527085804643,0.8683661493536527,0.7883342950924699,2959
HILIC_236.9981054_54.09785265,-1.4962636950180845,0.1427488675496947,0.7881287769015806,-0.9689159170615251,2960
HILIC_237.0094006_242.5852624,0.034678181697470355,0.9725157649562628,1,0.014236138353745114,2961
HILIC_237.0506034_27.94791991,0.33494547171755623,0.7394866964218294,1,0.3319036771972089,2962
HILIC_237.0696361_151.7052475,1.7309162049173257,0.09148554549653541,0.7069023523638046,0.9244026962469472,2963
HILIC_237.0966387_91.73552108,0.4067820427277921,0.6864236256625382,0.9999159889500627,0.19862255244172286,2964
HILIC_237.1098819_51.05097223,-1.3384163150994168,0.18862175335861245,0.8493817236871323,-0.5204854798008806,2965
HILIC_237.1232969_25.24182008,-0.3351367201322822,0.7393435628058378,1,-0.2810955166342535,2966
HILIC_237.1485076_22.08521377,-0.038994348788038063,0.9690966615649612,1,-0.012498899536203242,2967
HILIC_237.1485337_286.6267978,0.28765955725156533,0.7751521399378903,1,0.07900644123422483,2968
HILIC_237.1849718_290.5722367,-1.6379371148265927,0.10959392949076852,0.7336651855103924,-0.41519904427078774,2969
HILIC_237.2212149_150.5388373,1.4384280553920068,0.1584031114904551,0.819123460775386,0.5020256327529842,2970
HILIC_237.2213416_284.0953309,-0.5479934614667724,0.5868639361746046,0.9913379189285378,-0.1779522593096845,2971
HILIC_237.8836394_228.8652291,-0.2576964367149684,0.7980154364491091,1,-0.09175605146715196,2972
HILIC_237.961984_62.19110219,1.6182127353231475,0.11379201066615355,0.7399306653829769,0.9283778397702349,2973
HILIC_238.0094765_248.1389753,-0.683760321884132,0.4982267734159893,0.9781047779839798,-0.31464079530216804,2974
HILIC_238.0126428_121.759229,0.030648559709462023,0.9757083534806537,1,0.020250876561396302,2975
HILIC_238.067369_127.8731451,-0.8960901884224663,0.3757806782675116,0.9637531830220828,-0.5291767444323833,2976
HILIC_238.0921274_99.38611436,1.0725730951441723,0.29014857441902564,0.9325356186830795,0.40413962075530635,2977
HILIC_238.0999053_90.52134,0.8625750504256167,0.39371944372489254,0.9669701703160376,0.5206431780662927,2978
HILIC_238.4140568_180.2275508,0.09309447590368636,0.9263119013810859,1,0.0578574933577445,2979
HILIC_238.5109114_118.7192631,-0.6030134380118924,0.5500403158462265,0.9857989553982086,-0.4898651368460283,2980
HILIC_238.841706_46.62771226,-0.7849931105051317,0.43726783543058323,0.9745124110909839,-0.19397050283480127,2981
HILIC_238.8942159_223.4470087,-1.0516657671095389,0.2995176941212926,0.939581264905253,-0.34272813260323504,2982
HILIC_238.9431281_274.7251185,0.3920824718640705,0.697162171889597,0.9999159889500627,0.15378048283467896,2983
HILIC_238.9523959_284.481684,1.1889679855807649,0.24174346137981442,0.8965589582842357,0.3769766640439784,2984
HILIC_238.9929145_52.68985385,-2.0098054707182893,0.05150658368606053,0.5909138544595092,-1.452716504053011,2985
HILIC_238.9996967_180.5072548,-0.44497637280195296,0.6588318366202869,0.9966192045168055,-0.26933268391718884,2986
HILIC_239.0079084_248.082313,-0.6450355913454524,0.5227345341351564,0.9824083431236167,-0.9136451498024324,2987
HILIC_239.0139358_55.85245795,0.4839513224452478,0.6311654651341172,0.9947980550876518,0.20068817817622664,2988
HILIC_239.0246088_126.97208,0.4463677704687273,0.6578354463088919,0.9965858111391217,0.221212680290448,2989
HILIC_239.1138087_298.0806359,2.161566664241283,0.036940456547258145,0.5214147101144883,1.3967986966540125,2990
HILIC_239.1177855_22.57633163,0.6379765456684837,0.5272704248148209,0.9824083431236167,0.5054314281141252,2991
HILIC_239.1276879_288.0564054,0.8826285585087443,0.3829220238991806,0.9638726330536317,0.3333306114809519,2992
HILIC_239.1489735_27.58100868,0.4949242538656078,0.6234700352854334,0.9947980550876518,0.35505860940587936,2993
HILIC_239.1641615_21.72888589,1.1590890911996383,0.25356779316918704,0.9060345787272268,0.3971208081435406,2994
HILIC_239.1642587_289.9034729,0.3169570917737105,0.7529907878399769,1,0.08056936961366992,2995
HILIC_239.2005616_289.8959819,2.1216353108326294,0.04036952782897038,0.5347244144365793,0.6166254263156287,2996
HILIC_239.2006056_159.7354037,-1.2919072535956135,0.20410076908967326,0.8647457759331585,-0.40792720244992425,2997
HILIC_239.2368426_279.7378412,-0.7296164151028411,0.47004641914454115,0.9780296314406529,-0.31026896807765203,2998
HILIC_239.2368924_19.68506231,0.2205557250519898,0.8266053363948889,1,0.10256578461836764,2999
HILIC_239.4441368_190.6212394,-2.1335168508427693,0.03932100185698406,0.533088969472485,-1.0355112364552201,3000
HILIC_239.522712_125.6377492,0.2588520164991202,0.7971301826976522,1,0.09846632992446788,3001
HILIC_239.9458644_189.6634333,-0.23926714047665898,0.8121692830607068,1,-0.13253584543934432,3002
HILIC_239.9669092_256.8202221,-0.3486729276301393,0.7292369477249353,1,-0.13623444776463556,3003
HILIC_240.0745826_42.86211733,-0.65535806087273,0.5161393729866944,0.9824083431236167,-0.27049204795027615,3004
HILIC_240.0899334_77.29253452,-0.34726999786629703,0.730282192522858,1,-0.3627619642562402,3005
HILIC_240.1019868_41.24623709,-0.6652780395344896,0.509843874378975,0.9802142331323181,-0.4949628158473369,3006
HILIC_240.1523537_28.44476642,0.07753245264952235,0.9386020406480898,1,0.0490814149169789,3007
HILIC_240.4947721_177.3822841,0.4640607283818963,0.6452209759808778,0.9962085044382889,0.22548270247753532,3008
HILIC_240.6710191_168.4345017,-0.04986885284457937,0.9604850569201686,1,-0.012937105696270018,3009
HILIC_240.8388998_46.17363062,-0.36916396910265614,0.7140307376986077,1,-0.09342630461630322,3010
HILIC_240.8663284_38.63213494,0.8050569535070858,0.42573721858488034,0.9732405036444339,0.38179543186806025,3011
HILIC_240.9099149_237.2674881,0.5405369971618939,0.5919444135292917,0.9919344024228657,0.20558110510105337,3012
HILIC_240.9316337_186.1548708,-0.6410713148083843,0.5252792701203736,0.9824083431236167,-0.4552530802167802,3013
HILIC_240.9510649_43.16863477,0.5221475971825567,0.6045629564314685,0.9928201179984223,0.6583105706544213,3014
HILIC_240.9520154_286.4977174,-0.5918290603675819,0.5574291460213249,0.9878934493313638,-0.1855781396183913,3015
HILIC_240.9671368_58.88252727,-0.7131930577834751,0.4800327544240208,0.9781047779839798,-0.23984864907871778,3016
HILIC_240.9674881_240.6588526,0.5244049895235405,0.6030072251350396,0.9928201179984223,0.15410486208850704,3017
HILIC_241.0084694_55.07651818,0.3510194436741226,0.7274898587888862,1,0.3925066820575524,3018
HILIC_241.0179857_61.33440642,-0.4213574234878355,0.67584037051665,0.9996367449012522,-0.22856011711558694,3019
HILIC_241.023904_189.2714786,-1.3095830988207489,0.19810832212020643,0.8593515168411124,-0.7096699815273755,3020
HILIC_241.0297045_55.71095339,-2.559147092858756,0.01454646062111866,0.3456114252342856,-1.2954725695354732,3021
HILIC_241.0313005_188.2729406,-2.1076561989349036,0.04163464208890577,0.5388286365772633,-0.8314595712752443,3022
HILIC_241.0384935_189.0602906,-1.31399885638389,0.19663238030627966,0.8576054121631463,-0.7671774919783658,3023
HILIC_241.0490825_148.6657904,-0.21758045358154313,0.8289065537629182,1,-0.08384665089304356,3024
HILIC_241.0948686_33.82414523,-0.7234562367732702,0.4737781149230973,0.9781047779839798,-0.29001075185643393,3025
HILIC_241.1434404_288.7816671,0.6340195827521274,0.5298221279723986,0.9824083431236167,0.1999257984979349,3026
HILIC_241.1546473_54.9380502,1.3832921174172415,0.17455511001467905,0.834640816827064,0.4391405733374438,3027
HILIC_241.1798036_160.6851349,-0.9222605458672449,0.36214382259637,0.962490179832342,-0.3602960318031733,3028
HILIC_241.1799227_289.7226424,-0.2420291664504525,0.8100438296719912,1,-0.07311836602459215,3029
HILIC_241.2035083_20.68788867,-0.3009028481364356,0.7651097526986148,1,-0.10268329087388088,3030
HILIC_241.2036157_251.9858397,-0.5683494686224176,0.5731022719590746,0.9913379189285378,-0.19874865156362834,3031
HILIC_241.2162565_288.3402658,0.18461334184290215,0.8545026174909465,1,0.0583377472408592,3032
HILIC_241.4892177_162.4936848,-0.1315924649129511,0.8959928153577251,1,-0.12012145638224203,3033
HILIC_241.9465819_124.7662309,-0.594537253223109,0.5556354092099434,0.9870004837955914,-0.39082035139247157,3034
HILIC_241.9643918_240.4611056,1.4212044952052014,0.16331745251054566,0.8255123610823027,0.44474023186685413,3035
HILIC_241.998541_39.69093356,1.3015400876937422,0.20081827003618521,0.8633976525091597,0.2996985690336094,3036
HILIC_242.0175633_55.69927771,-2.3570612597315153,0.023610927072759223,0.43556851625430787,-1.3697673225777216,3037
HILIC_242.0224306_70.0628546,-2.9830031345034445,0.004936278175710183,0.21527194619442977,-1.253521010602289,3038
HILIC_242.0284612_188.8708103,0.11315879900529581,0.9104934251558342,1,0.07064205717995575,3039
HILIC_242.0328737_54.78632998,-1.7451742031934572,0.0889428563827206,0.6996956804068807,-0.7348899072615953,3040
HILIC_242.0345491_188.3386089,-1.2922128839663567,0.20399600237579396,0.8647457759331585,-0.5462413228264569,3041
HILIC_242.0420241_189.336,-0.30384448736901554,0.762884599088612,1,-0.20851128730768148,3042
HILIC_242.046333_26.62462029,1.09262814167538,0.28135588403332074,0.9295944216943315,0.48612083728023797,3043
HILIC_242.0750145_121.0979433,0.783217622415249,0.43829712854506053,0.9745124110909839,0.5512044655717981,3044
HILIC_242.0789081_41.63212315,2.2625187382276324,0.029395160626030394,0.48003947342509096,0.862603338020098,3045
HILIC_242.0901448_43.28851802,0.13536690270527146,0.8930279834598083,1,0.0826160092785002,3046
HILIC_242.1302116_24.74605657,0.7373648721616355,0.46537663514764105,0.977038339924947,0.24951089076404806,3047
HILIC_242.1580311_54.58861863,1.4782538894545518,0.14748559374328651,0.7996535692222799,0.4729960250496199,3048
HILIC_242.4780499_256.3373612,0.4548657420079231,0.6517637475449152,0.9965858111391217,0.3032905475369957,3049
HILIC_242.8363744_45.28372501,-0.5368404228901018,0.5944708410271337,0.9921034274533279,-0.19771243775001032,3050
HILIC_242.8644722_39.02297549,1.906694973277182,0.06405303924189405,0.637285146605545,1.3605683764312402,3051
HILIC_242.9253418_56.52310689,-0.37327595567940464,0.710993205550887,1,-0.21867734850776027,3052
HILIC_242.974499_256.1125139,0.9555764432153359,0.34525591747431394,0.9572455292742392,0.4407231705869614,3053
HILIC_242.9868916_124.3311981,0.9326982180072956,0.35679595724686153,0.9588670540445742,0.5039305986173536,3054
HILIC_243.0004968_139.5147036,-0.4127819525803058,0.682059167883709,0.9999159889500627,-0.12962465008663449,3055
HILIC_243.0014413_40.20898732,0.6397257922576135,0.5261444791172987,0.9824083431236167,0.1605596090108312,3056
HILIC_243.0163472_49.94839261,-1.801810005294586,0.07942009844269166,0.6911349530212022,-0.5963982472562848,3057
HILIC_243.0223481_39.35855887,1.8243361521496477,0.07587951978465457,0.678296612054887,1.2129937468418746,3058
HILIC_243.0270242_188.2027687,-1.9429233677308084,0.059373763257809895,0.6219910283250402,-0.7749436972500178,3059
HILIC_243.0333234_57.42132583,-1.7845307616136445,0.08222971960454714,0.6948552844377854,-1.3006836534838058,3060
HILIC_243.037921_189.6160273,0.33952712741392577,0.7360602963201993,1,0.13239076490323515,3061
HILIC_243.045489_188.4303456,0.3173887532472908,0.7526657930937705,1,0.16441206539258726,3062
HILIC_243.0461628_27.31290312,-0.33271238939931697,0.7411586667466055,1,-0.17722826280582246,3063
HILIC_243.053191_34.5234502,-0.4671784816542177,0.6430089427203722,0.9955023063019077,-0.330914374155116,3064
HILIC_243.0653967_177.710826,-0.9619853201173948,0.3420680372870414,0.9550137755006265,-0.4154231812502033,3065
HILIC_243.0822657_41.40971106,2.3163100471350555,0.02596525057212208,0.4527348351698534,0.8469805193780906,3066
HILIC_243.1014851_74.31923307,-1.686552467424947,0.09978817367936854,0.718134185467518,-0.907313448602966,3067
HILIC_243.1088385_264.2308714,-0.38085705760569244,0.705405548671621,0.9999159889500627,-0.2324100819951476,3068
HILIC_243.1204599_51.56491575,-0.7064229619949904,0.48418411097695835,0.9781047779839798,-0.24530986429870646,3069
HILIC_243.1226903_283.415764,-1.8717155064487132,0.06886781621887932,0.6521659055199539,-0.7029707765753211,3070
HILIC_243.1339645_27.6765554,0.44407932101738284,0.6594745561979751,0.9968021749030789,0.24970384910900667,3071
HILIC_243.1591216_290.9398889,1.0296005065350038,0.3096310129329167,0.9421850854569164,0.3803019100326673,3072
HILIC_243.210691_22.36255873,-0.30728023843547286,0.7602882602578522,1,-0.14451411889240837,3073
HILIC_243.231781_288.8024183,3.342739484348009,0.001857648384809379,0.12699856034871324,1.4032668752216046,3074
HILIC_243.4759212_255.0774934,0.314190900165957,0.7550745109433723,1,0.21774789572748218,3075
HILIC_243.9185619_53.4508552,-0.5176503416819777,0.6076679043985458,0.9928201179984223,-0.34854822476894654,3076
HILIC_243.9222167_279.3792929,-0.37970785233654847,0.7062515192537169,0.9999159889500627,-0.13733417381388038,3077
HILIC_243.9288021_58.69839949,-0.25112147848768757,0.8030574135099087,1,-0.13566209940049823,3078
HILIC_243.9962978_40.14081236,1.2908794774399919,0.2044533778882653,0.8647457759331585,0.2866526563648147,3079
HILIC_243.9982899_263.9555966,1.3972945638151155,0.17033663678536773,0.8323231239234016,0.8456873176019798,3080
HILIC_244.0142283_286.6600748,0.8404617646259157,0.4058457166854498,0.9672616821631036,0.35969585655319547,3081
HILIC_244.018088_42.50606736,-0.5031743587216395,0.6177120965452549,0.9943905150861723,-0.3450467432135602,3082
HILIC_244.0226708_70.48956812,0.6882058559809775,0.4954545027738043,0.9781047779839798,0.6267149534773196,3083
HILIC_244.0279667_59.9994713,1.7656151788113679,0.0854009795093432,0.6959761542836904,0.8624235533931038,3084
HILIC_244.0303901_188.1267675,-1.2916848080906373,0.20417704653204488,0.8647457759331585,-0.5381294243773133,3085
HILIC_244.0413064_188.5053651,0.7045956669477877,0.48530804888739754,0.9781047779839798,0.3109234991061284,3086
HILIC_244.0540734_27.78893175,1.5320001267403567,0.13370971801339637,0.7731053745689995,1.2081905210413721,3087
HILIC_244.0771636_42.09296446,2.6662485675388456,0.01115874228488293,0.30594038620508,0.7242284749364386,3088
HILIC_244.1114236_80.6040143,0.4310480719109179,0.6688404520200246,0.9990662606386967,0.30050599669815736,3089
HILIC_244.1543908_31.54999672,1.3297174468642423,0.19144642558591932,0.8507713974810356,0.5822354820764508,3090
HILIC_244.1799967_40.55352541,0.24164256257515077,0.8103412445432101,1,0.18910009282732806,3091
HILIC_244.190604_22.28003494,-0.8412974103897581,0.40538329685290575,0.9672616821631036,-0.3908198978640334,3092
HILIC_244.198223_23.41220169,0.42209766968615814,0.6753046241723473,0.9996367449012522,0.31728292344424597,3093
HILIC_244.2140892_23.04666284,0.30152733456595515,0.7646372011786386,1,0.2554967724586546,3094
HILIC_244.4584954_189.2955209,-0.6442001583852862,0.5232702648229774,0.9824083431236167,-0.2995390949513531,3095
HILIC_244.923488_58.38441961,-0.33026727702839637,0.7429908477125404,1,-0.19208928595388175,3096
HILIC_244.947402_51.81553373,0.016930735973642922,0.9865794230413283,1,0.01659259832047234,3097
HILIC_244.95928_184.4825409,-0.7392336384323382,0.464254404527098,0.977038339924947,-0.3313947993610366,3098
HILIC_244.9675105_255.8086674,-0.5546807512360248,0.5823254708104544,0.9913379189285378,-0.236745011864833,3099
HILIC_244.9682433_49.83314163,-0.376155983672515,0.7088685568561699,0.9999159889500627,-0.30839944626118837,3100
HILIC_245.0228428_188.9740808,-1.3827296257770465,0.17472624918313828,0.834640816827064,-0.8540705539339513,3101
HILIC_245.030504_123.743804,1.4928286441130858,0.14364282922796903,0.7906537503592471,1.2207234598965846,3102
HILIC_245.033554_186.7639346,0.0703402798884402,0.9442874004369513,1,0.025364760491546828,3103
HILIC_245.0420263_189.3646285,0.35260580127296776,0.7263095756506813,1,0.1566652883946126,3104
HILIC_245.0485163_61.9854982,-1.385779908935496,0.17379975408235965,0.834217828707121,-1.0141324010228172,3105
HILIC_245.0620272_164.3050798,1.411328110155236,0.16618888449259134,0.8274419139233609,0.8335309409419477,3106
HILIC_245.0743045_63.96856502,0.39018618398634825,0.6985521372940722,0.9999159889500627,0.19545386419135763,3107
HILIC_245.0808568_289.4327114,0.819745367102569,0.41741393799824755,0.9713818483750211,0.4666054824128594,3108
HILIC_245.0922492_27.18447868,-0.7184949532327414,0.4767958167057793,0.9781047779839798,-0.5576212279490115,3109
HILIC_245.1496506_36.70625373,0.31504904856635535,0.7544278839017937,1,0.17286389391026116,3110
HILIC_245.1859188_24.45120879,-0.7660758666223728,0.448308841678436,0.9745894987688215,-0.7114309956055184,3111
HILIC_245.2263348_22.40773305,2.4151130199898065,0.02058910369330775,0.41362508826325417,0.8850854042529163,3112
HILIC_245.4618818_189.8438329,0.9149993367587538,0.36589481972685745,0.9637531830220828,0.6343346398243258,3113
HILIC_245.4748791_247.9761167,-1.4366754172569383,0.15889780709678122,0.8193248359762065,-0.5402775776090252,3114
HILIC_245.5314623_124.3986432,0.10612172564380662,0.916037511872862,1,0.05219736765769559,3115
HILIC_245.9158343_53.56426041,0.4172357804892834,0.6788264858048363,0.9996367449012522,0.3695092361629456,3116
HILIC_245.948888_60.40071759,-1.7904503346662561,0.08125789939301571,0.6939844720135916,-0.8266043174972793,3117
HILIC_245.9653609_254.7594642,-0.6329119728250183,0.5305375526896249,0.9824083431236167,-0.42010702039209197,3118
HILIC_246.0144929_258.913562,2.6503968659050554,0.011609433651823107,0.31337491867721823,0.8788352004973236,3119
HILIC_246.0322232_119.7652739,0.4057448991163347,0.68717917346131685,0.9999159889500627,0.3077835686866421,3120
HILIC_246.079367_49.18067126,0.8009550274457613,0.42807946995383495,0.9742203846590763,0.5488102642650642,3121
HILIC_246.0973497_277.8181247,1.3896313134728255,0.17263538022933955,0.8326851500809265,0.38962264025811294,3122
HILIC_246.1084831_45.98377329,2.002764909442894,0.05228972329816961,0.5951460072669303,0.8296111672510288,3123
HILIC_246.1336279_286.9045531,0.21842337218558247,0.8282544442738564,1,0.07647059656666524,3124
HILIC_246.1635133_45.29909487,0.11606674726112491,0.9082037334780687,1,0.07258363503750516,3125
HILIC_246.1700117_28.70158156,0.5679558709642937,0.5733668487669997,0.9913379189285378,0.1786962175835307,3126
HILIC_246.5256136_125.2032404,-0.793632322366601,0.4322801567031799,0.9742203846590763,-0.40210206760647027,3127
HILIC_246.9187406_221.7160421,-0.3257021640746962,0.7464156410757761,1,-0.12518255947833062,3128
HILIC_246.9553046_154.733411,-0.833074636571132,0.40994774553875635,0.9686420717311376,-0.6179353475878336,3129
HILIC_246.9962171_169.1471318,-0.9919140381401661,0.3274409123387775,0.9506069103298993,-0.48576664814613263,3130
HILIC_247.0263961_124.9778596,-0.7003369957541248,0.48793317413616144,0.9781047779839798,-0.3067222104602573,3131
HILIC_247.0578473_105.6721112,-2.4359096935972326,0.019594822828996748,0.4041845899822696,-3.272077124633005,3132
HILIC_247.1002352_33.21570565,-0.48081031294290105,0.633376011381608,0.9947980550876518,-0.328715871850675,3133
HILIC_247.1077926_26.22577898,-2.195537711324847,0.03422881624803393,0.5048831476813758,-2.082098425546727,3134
HILIC_247.1153377_26.2112285,-2.4062681951838303,0.021025659588292035,0.4141280600040436,-1.6501500497952895,3135
HILIC_247.128899_60.96152393,-1.2996290751247335,0.20146626645050073,0.8636226484729774,-0.5573347532651381,3136
HILIC_247.1402878_111.3350446,-0.9295108000255273,0.35842355795779246,0.9595831791951124,-0.6069295475003729,3137
HILIC_247.1440568_31.9420464,0.009813700155898008,0.9922206686603716,1,0.005791789947270337,3138
HILIC_247.173389_29.33642206,0.45387210062310634,0.6524724649819849,0.9965858111391217,0.1788399824726614,3139
HILIC_247.2419916_22.13147497,2.265239043558223,0.029212422888525543,0.48003947342509096,0.8568643879260807,3140
HILIC_247.5244962_124.5437642,-1.0828428090193483,0.28562230150636125,0.9295944216943315,-0.5244086279284363,3141
HILIC_247.9484367_243.2268708,0.934829387024465,0.3557104160845054,0.9588670540445742,0.4452832873940597,3142
HILIC_247.9658439_123.5290227,0.7971673631387465,0.4302491819006644,0.9742203846590763,0.4813497869171673,3143
HILIC_248.0092731_266.875021,0.3130498965112969,0.755934549739499,1,0.20667555754262676,3144
HILIC_248.0588867_279.1568102,-0.26519477500232336,0.7922760514979249,1,-0.09463904516973641,3145
HILIC_248.0878536_107.2494767,-1.286671512665652,0.2059018473937119,0.8669299102947905,-0.727724454573445,3146
HILIC_248.0917758_27.96498949,-1.1265046759694064,0.2669337255381975,0.9170224773862292,-0.6973191527987941,3147
HILIC_248.0957765_83.69391044,-0.3158145866259291,0.7538511910238843,1,-0.1339953040244782,3148
HILIC_248.1050106_25.90281201,-1.8178302042440555,0.0768880926033797,0.6841565166688006,-1.2638113428547204,3149
HILIC_248.1109683_25.42836126,-2.2287616353329547,0.03174929305230653,0.493246874061832,-2.1500412286984485,3150
HILIC_248.128131_23.92309011,1.038908549226936,0.30533653497325586,0.9402374180413365,0.6481923873352554,3151
HILIC_248.1489759_43.67471154,0.7752564834532847,0.4429301599903902,0.9745894987688215,0.4165173953680919,3152
HILIC_248.4867515_256.7978901,-0.22674785731449262,0.8218210275024782,1,-0.13064308708677447,3153
HILIC_248.6480696_169.2036305,-0.9880950320457981,0.3292835525696418,0.9506069103298993,-0.2934915366378118,3154
HILIC_248.7814974_48.76988115,-0.2898365509684874,0.7734985864965351,1,-0.16014872344206726,3155
HILIC_248.8705731_49.26341996,-0.12724639063818058,0.8994085378093246,1,-0.025065574945063566,3156
HILIC_248.9594707_32.93787763,-0.6900921060250167,0.49428081405240065,0.9781047779839798,-0.47737267836340924,3157
HILIC_248.9761141_49.78635447,2.6935817380851783,0.010419357743618783,0.29600019919032744,1.9505465732584704,3158
HILIC_248.9990052_68.7394924,-0.501503254128093,0.6188764449197631,0.9946352989347117,-0.16653996157769554,3159
HILIC_249.0541832_31.39915809,-0.12149567539733151,0.9039311814250989,1,-0.07042583015831366,3160
HILIC_249.0615006_35.26743175,-1.824844029118729,0.07580126125582239,0.678296612054887,-1.0540467718043502,3161
HILIC_249.1081166_89.40046055,0.5615547356646581,0.5776781284434349,0.9913379189285378,0.24430712221580525,3162
HILIC_249.1143525_25.74340921,-1.864282776310846,0.069929805688806565,0.6574923626608355,-1.1574855740916523,3163
HILIC_249.1313687_24.00939752,0.963242571218793,0.34144496314759376,0.9550137755006265,0.6180082231681051,3164
HILIC_249.1481089_21.56848904,0.37092900007060103,0.7127263254990435,1,0.1184382601943966,3165
HILIC_249.1484264_283.8816146,1.1218961252023967,0.2688640744965714,0.9185780391297615,0.3369058188320879,3166
HILIC_249.1536802_52.00790595,-0.10042453048638568,0.9205291140779241,1,-0.0758245776287355,3167
HILIC_249.1849317_286.5884615,1.1723102782288912,0.24828493058173176,0.9020712903420457,0.39205170559748026,3168
HILIC_249.2576329_22.72267512,-0.24876707874064902,0.8048649604103966,1,-0.16183319120212933,3169
HILIC_249.5000947_235.3152998,0.23326558976522263,0.8167925791438522,1,0.10454773350363074,3170
HILIC_249.9083738_225.399259,-0.6342194472675244,0.5296930862668777,0.9824083431236167,-0.24817635005393687,3171
HILIC_249.9183472_234.6178605,-0.4477671361525372,0.6568339869323128,0.9965858111391217,-0.2519169411848802,3172
HILIC_250.0563422_67.27151607,-2.3232262376476434,0.02555137880177031,0.45178111371304214,-2.1781828055561627,3173
HILIC_250.074334_82.32255315,0.2724564631347019,0.7867289298875879,1,0.3020779354707811,3174
HILIC_250.1260629_23.59735773,-0.6818424399012871,0.4994254232124973,0.9781047779839798,-0.7483963605203109,3175
HILIC_250.8679381_48.48924574,-0.38048795795072865,0.7056772147602643,0.9999159889500627,-0.09824051664707235,3176
HILIC_250.9009397_277.5308799,2.0188773555867625,0.05051255047722632,0.5845637678768602,0.6842852554057222,3177
HILIC_250.9195001_44.22688043,-0.8812518128379689,0.3836572247601169,0.9640023294868427,-0.689191251169509,3178
HILIC_250.9388114_235.8830955,0.34049499651229975,0.7353371683774533,1,0.12059676115972122,3179
HILIC_250.950074_165.98738,-0.4355326485701571,0.6656111253762818,0.9978767801948073,-0.3265063182373125,3180
HILIC_250.955443_50.73935946,0.7632372722707184,0.44997967241243464,0.9745894987688215,0.18648334525333607,3181
HILIC_250.9605963_274.3246952,-0.5164037928050542,0.6085298407294529,0.9928201179984223,-0.20815311047333432,3182
HILIC_251.0001197_282.6907844,2.0581280089531044,0.04640187293344956,0.5623314133857369,0.873651590453382,3183
HILIC_251.008823_285.5869728,0.220810741371595,0.8264081662617666,1,0.10270348863462342,3184
HILIC_251.0702046_23.25948829,0.03359530474674305,0.9733736638397779,1,0.031359202554661916,3185
HILIC_251.1270293_34.31264378,0.4483165900733479,0.6564409438987155,0.9965858111391217,0.13807897362975322,3186
HILIC_251.1368334_50.57107433,0.017082788214847718,0.9864589069538399,1,0.009481000103799778,3187
HILIC_251.1430603_24.84971454,-0.524523115738537,0.6029258674465525,0.9928201179984223,-0.3379914634517025,3188
HILIC_251.1641774_286.7716925,1.8135050758805145,0.07756485345083329,0.6866401149068114,0.7173525832125351,3189
HILIC_251.1754424_23.21584137,-0.7137571903349519,0.4796877465202093,0.9781047779839798,-0.5876204215116111,3190
HILIC_251.1853677_290.0551291,-1.5703113293299187,0.12453652406439832,0.7639334341671284,-0.6294354115610817,3191
HILIC_251.2005232_20.40748236,2.4806985147861487,0.017599965571620496,0.3840214710141083,0.683083870918072,3192
HILIC_251.2006928_275.8834001,-1.0915925947323397,0.28180524579678956,0.9295944216943315,-0.27422666659968,3193
HILIC_251.4612017_256.1603995,-0.9489235551412146,0.34858593414414607,0.9574386235069654,-0.5500262008325952,3194
HILIC_251.9163709_245.224714,-0.1406040567509495,0.8889167652611965,1,-0.05744468088291951,3195
HILIC_251.9258839_232.5240458,2.4099602813421543,0.020842419290345873,0.4141280600040436,0.6937897343908463,3196
HILIC_251.9900968_123.3120312,0.0089363455750582875,0.9929161287132637,1,0.0058269507619810685,3197
HILIC_252.0143506_74.80877809,-0.3112645092868672,0.7572809273444789,1,-0.08333333333333386,3198
HILIC_252.0174992_288.9407043,-0.04243594201155284,0.9663707822024552,1,-0.014676583275055725,3199
HILIC_252.0537713_99.38895425,-0.40497732758473737,0.6877385501810758,0.9999159889500627,-0.2388586639472989,3200
HILIC_252.0784654_56.46031826,-0.6320819368266176,0.5310740214940957,0.9824083431236167,-0.377546299454323,3201
HILIC_252.1018257_22.72159729,0.47060201408678126,0.6405837446597248,0.9955023063019077,0.32047436422837566,3202
HILIC_252.107629_73.29448133,-0.03911232525083492,0.9690032130904287,1,-0.038823894023255534,3203
HILIC_252.1400839_53.07553835,0.5208689618176933,0.605444985591217,0.9928201179984223,0.3912894332782227,3204
HILIC_252.1442104_292.5845677,0.9250833971510427,0.36069237608823146,0.9611690139330997,0.5516386524742837,3205
HILIC_252.1442115_168.6139254,0.5027856596016419,0.6179828351723774,0.9945715795652924,0.21176103780235242,3206
HILIC_252.1495409_24.65136303,-0.3190767033768736,0.7513953857954144,1,-0.10892836499893957,3207
HILIC_252.1595744_27.96001813,0.2265829682576584,0.8219483395608878,1,0.22427466602589846,3208
HILIC_252.1787212_23.53305211,-0.7033838261745378,0.4860542404305257,0.9781047779839798,-0.5987310228215516,3209
HILIC_252.1888097_290.0868546,2.763762351524654,0.008723425747922574,0.270839957509612,0.9251403979865255,3210
HILIC_252.1888618_156.2462748,0.5843202164294051,0.5624178071335069,0.9903142512965023,0.11027429734476785,3211
HILIC_252.1958465_37.54145669,-0.46884839444281295,0.641825496119435,0.9955023063019077,-0.19002708268603438,3212
HILIC_252.2964223_165.231192,-0.07993514700232987,0.9367034380855113,1,-0.03117029345300305,3213
HILIC_252.6974482_23.76877977,0.5086897864505127,0.6138762938931902,0.9931667617408494,0.28853608012863136,3214
HILIC_252.9185932_283.4994415,0.6984736050667599,0.4890843030311064,0.9781047779839798,0.3998461006703524,3215
HILIC_252.9581497_180.1351989,-0.9904526228056176,0.3281452103809861,0.9506069103298993,-0.8140676229535695,3216
HILIC_252.9722651_41.42657836,-0.25759948847032,0.7980897177796896,1,-0.3331067732796187,3217
HILIC_252.9930609_59.6026875,-0.31119015941621964,0.7573370119342226,1,-0.17433251927222024,3218
HILIC_253.0277855_25.95757235,0.7148338059932409,0.47902970844689796,0.9781047779839798,0.5465516877485077,3219
HILIC_253.0375677_79.26755163,-0.8478098282883861,0.40179075603767067,0.9669701703160376,-0.47476149537373175,3220
HILIC_253.0437473_138.6649334,2.2672190984202842,0.029080051283592374,0.4786700355689266,1.7734003022078024,3221
HILIC_253.0807551_65.38096124,0.624087906940005,0.5362553257037024,0.9833164118236528,0.37168373463904425,3222
HILIC_253.1087594_21.73767461,0.6285088306373215,0.5333866527006819,0.9833164118236528,0.49335943844038666,3223
HILIC_253.1283167_28.48229105,0.37147476524655515,0.712323164737173,1,0.29522551702592725,3224
HILIC_253.1434596_287.094939,-0.34446737549071654,0.7323718284033156,1,-0.13145742365794263,3225
HILIC_253.15869_24.52981446,-0.8923450363952253,0.3777588361719951,0.9637531830220828,-0.6786899811265122,3226
HILIC_253.179868_288.6326534,-1.3864854250362868,0.17358600426633763,0.8339560021480624,-0.5602771814001389,3227
HILIC_253.2162064_129.6242557,-4.48692189699273,6.37236784797343e-5,0.031001382561299397,-1.3008637151048092,3228
HILIC_253.2162528_295.9887419,-2.522905912263113,0.01589121552352416,0.3638036092099284,-0.8460508344938735,3229
HILIC_253.4900021_187.4304659,1.1211134371149192,0.26919290033598003,0.9185780391297615,0.6638844029540903,3230
HILIC_253.8742138_234.1657731,-0.08876436497031624,0.9297299120240576,1,-0.04254824084346485,3231
HILIC_253.8973291_232.3689254,1.2348107795538905,0.22439389043226918,0.8799075082512211,0.5771503017812113,3232
HILIC_253.912932_197.5340733,-0.21596288057237076,0.8301583042252312,1,-0.0992800585573048,3233
HILIC_253.972816_256.9816674,-1.4108070604129113,0.16634146211682335,0.8274419139233609,-0.8576688813957934,3234
HILIC_253.9860732_256.1187696,-0.8798623947154057,0.38440010292949434,0.9642369651214711,-0.43991355500488333,3235
HILIC_254.0359308_120.9210514,-1.4370172006577338,0.1588012408326941,0.8193248359762065,-0.9914100160877394,3236
HILIC_254.0450492_184.2803874,-0.6786343893909238,0.5014339637414977,0.9781047779839798,-0.4274365965750186,3237
HILIC_254.0717089_116.1832393,-0.4220331889128593,0.6753512847433579,0.9996367449012522,-0.16863907630006608,3238
HILIC_254.0717892_261.1026997,0.2967549770642922,0.7682507631501962,1,0.11995861618983827,3239
HILIC_254.1317367_28.80056488,0.28991854720884136,0.7734363264003572,1,0.2565876897345858,3240
HILIC_254.13856_25.59817705,0.0011111091911190248,0.9991192081536695,1,0.0010473935074549064,3241
HILIC_254.1612333_37.8281072,0.5201856525381074,0.6059165920137158,0.9928201179984223,0.42373772670412835,3242
HILIC_254.5018557_166.9912805,-0.656762318493633,0.515245651966634,0.9824083431236167,-0.34261574997350136,3243
HILIC_254.8158003_46.99033338,-1.1908055697575055,0.24102963398876034,0.8965589582842357,-0.3377936782679305,3244
HILIC_254.8237724_48.12676389,-0.7685037759871247,0.4468826550486641,0.9745894987688215,-0.12278891211079329,3245
HILIC_254.9670728_41.08443887,0.7631782487028524,0.45001445328205725,0.9745894987688215,0.38658231786472513,3246
HILIC_254.9715674_171.5471809,0.3706470394918298,0.7129346445581729,1,0.24941791712649916,3247
HILIC_254.984416_252.9657452,-0.7785908606783147,0.4409861667991799,0.9745894987688215,-0.6915950079409775,3248
HILIC_254.9876415_54.54111177,1.3303448598969876,0.1912416173298818,0.8507713974810356,0.8710209473969976,3249
HILIC_255.046889_149.0488939,-0.7742428023095985,0.4435221596137704,0.9745894987688215,-0.31421832851460624,3250
HILIC_255.0648268_134.0490467,-1.7071465236042298,0.09585934539727574,0.7130446572875009,-0.8620519206431081,3251
HILIC_255.074658_93.78205368,0.3128474074329045,0.7560872100587553,1,0.1985983729585311,3252
HILIC_255.1420625_24.90896488,-0.04355050020443262,0.9654880935262935,1,-0.027217368573497182,3253
HILIC_255.1577021_39.00650029,1.4990891502438433,0.14201688272022256,0.787557245903916,0.4176477844194008,3254
HILIC_255.1591745_289.5012382,-0.3003902793588349,0.7654976835906704,1,-0.11206624749094644,3255
HILIC_255.1955608_288.9356187,0.45520926015615537,0.6515188082811354,0.9965858111391217,0.15942857705919566,3256
HILIC_255.1956084_143.3892245,1.207478239941619,0.23462338724560886,0.8884134042888568,0.5105777304034811,3257
HILIC_255.2107899_26.25783158,2.1163408261502186,0.04084464018611681,0.5347244144365793,1.5737789436631808,3258
HILIC_255.2319655_48.31159656,2.766870449899899,0.00865459960153329,0.270839957509612,1.3409507182858813,3259
HILIC_255.2319731_153.2263225,-2.471477949327171,0.01799485743862498,0.38784620630111405,-0.7647177260655645,3260
HILIC_255.8751114_293.9737567,0.21017163516098686,0.8346434815989988,1,0.13403683645503478,3261
HILIC_255.9443578_202.6231907,0.11090111814430531,0.9122716362651637,1,0.03431242155099452,3262
HILIC_255.9495333_218.4285479,-0.1999701450661128,0.8425578106325546,1,-0.06951147300057715,3263
HILIC_255.9781613_63.04751915,-1.0590701398658517,0.2961758810900247,0.9385474409597132,-0.3155419377935848,3264
HILIC_255.9936653_198.0748997,-1.8395925267972821,0.07355835103083123,0.6716828542500342,-0.6619024569598673,3265
HILIC_256.0152654_24.37992208,0.6182141656500777,0.5400791587353425,0.9841832251168346,0.17783057175335185,3266
HILIC_256.0304005_128.5981762,0.4008131560779165,0.6907763282733613,0.9999159889500627,0.23022154066561656,3267
HILIC_256.0502663_151.1306704,0.4848421870167398,0.6305391245211457,0.9947980550876518,0.2781168024513141,3268
HILIC_256.0602904_242.9799426,1.178092019963244,0.24600000740113792,0.9002284293303288,0.48215139621643804,3269
HILIC_256.0668366_59.84389381,-0.42690874405756857,0.6718268299764909,0.9996367449012522,-0.44437498901968553,3270
HILIC_256.094636_38.47100497,-0.17560984683123623,0.8615220476777903,1,-0.106150818955078,3271
HILIC_256.169627_21.70235166,-0.5538537533839403,0.5828858057990414,0.9913379189285378,-0.5978563793207986,3272
HILIC_256.1756923_28.63098592,0.3275851797355001,0.7450023484069745,1,0.26556438876120286,3273
HILIC_256.2352579_286.4511313,1.8114286768615298,0.07789153888497476,0.6874627991261963,0.6460959409834637,3274
HILIC_256.2636744_295.159696,-2.1520461046406143,0.0377337609647125,0.5220805529735174,-0.7523846272861034,3275
HILIC_256.2636956_144.4861472,-1.3826507766363876,0.1747502495861746,0.834640816827064,-0.37301424180978654,3276
HILIC_256.4755825_255.4956762,-1.0400180666816403,0.304827385975063,0.9402374180413365,-0.5177294944524456,3277
HILIC_256.8130642_46.80234908,-1.1033852744301293,0.27671785667085663,0.9232742511419165,-0.24278815029912634,3278
HILIC_256.8208377_48.10247705,-0.8582412473974979,0.396077846687952,0.9669701703160376,-0.13711837233039023,3279
HILIC_256.890024_292.2685143,0.6515101253954371,0.5185926158673351,0.9824083431236167,0.3780081664898073,3280
HILIC_256.9093271_275.8863502,-0.138885225852837,0.8902657280781976,1,-0.04848982060318712,3281
HILIC_256.9301009_265.5672325,1.245726832716788,0.22040231993972134,0.8778528260192604,0.5187875550715119,3282
HILIC_256.9479563_251.4583577,0.4983013652645279,0.6211101507917787,0.9947980550876518,0.30512927059723643,3283
HILIC_256.9621677_59.08128361,-0.5114581965896886,0.6119550766487614,0.9928201179984223,-0.133839055359575,3284
HILIC_256.9773877_254.0241304,1.5463078196010818,0.13022223066162747,0.7695072627505222,1.1188072514146288,3285
HILIC_256.9826417_42.24582015,-0.53532840078252375,0.595505708290696,0.9924074341965825,-0.2438166145014917,3286
HILIC_256.9833507_245.9724548,-0.207911457092093,0.8363954608791913,1,-0.16543454644575062,3287
HILIC_257.0035433_54.59896016,-2.7766197884198642,0.008441967341826657,0.2687354589845491,-1.3100385988952192,3288
HILIC_257.0427373_151.628269,-0.04347371716105763,0.9655489014467282,1,-0.03657732298499929,3289
HILIC_257.0620238_133.5568766,-0.034754959797751346,0.9724549394850182,1,-0.018243777594395678,3290
HILIC_257.0745672_294.3071053,1.2282010800277199,0.22683676060092614,0.8838307314088665,0.889053121844711,3291
HILIC_257.0745927_160.2688503,0.968505234380788,0.33884506895626465,0.9543069303606773,0.3947917313318824,3292
HILIC_257.1137154_35.76783725,0.3103373606840378,0.7579804013962654,1,0.0947985631251636,3293
HILIC_257.1362155_50.3004612,-0.29634568603123107,0.7685609177316428,1,-0.13483491971203967,3294
HILIC_257.1384097_273.6472653,1.3828019997475314,0.1747042219682011,0.834640816827064,0.6080154897140757,3295
HILIC_257.1494127_45.17228238,0.010531543361467378,0.9916516543791982,1,0.006016103742166402,3296
HILIC_257.1748673_281.8734396,0.21944740243609603,0.8274623864245028,1,0.07034618968888404,3297
HILIC_257.2263682_23.16508318,0.10555307411115221,0.9164857074446253,1,0.04804736493331336,3298
HILIC_257.2475767_287.9580239,2.1149877539122017,0.04096684844692093,0.5349868571081694,0.9762197549245115,3299
HILIC_257.473373_255.6389132,-0.9614259843009565,0.34234547825290174,0.9550137755006265,-0.44789527812973223,3300
HILIC_257.4920619_257.151878,-0.04001464765186497,0.9682885034589507,1,-0.029512180979383112,3301
HILIC_257.9400441_251.9180907,0.537988287389222,0.5936857835979452,0.9921034274533279,0.2706550508157163,3302
HILIC_257.9486181_216.2315173,-0.12282436623463518,0.9028859404927165,1,-0.05379857970559292,3303
HILIC_257.9772543_244.8655394,0.12399590434778024,0.9019644719187486,1,0.04107838938768019,3304
HILIC_257.9813931_247.5425828,-0.0869066812517856,0.9311967077707726,1,-0.06426651008969238,3305
HILIC_257.9931231_43.56875565,1.1387418626391312,0.2618561722679623,0.9129517235529712,0.4286024668005721,3306
HILIC_258.0068605_52.78788086,-2.0908326389637817,0.04320332561573703,0.5457830881143292,-1.1523824011132506,3307
HILIC_258.0121974_24.25748831,0.8071751681485309,0.42453074116351697,0.9724257019093233,0.2617839397196949,3308
HILIC_258.0298425_107.0865215,1.7656486130676756,0.08539528472974432,0.6959761542836904,0.5171682125853031,3309
HILIC_258.0331924_27.43080976,0.36598243710922407,0.7163841809303377,1,0.31106303054749423,3310
HILIC_258.0778218_132.9627651,2.128705356328856,0.03974267853334252,0.5345526367798039,0.7618250175580449,3311
HILIC_258.1507304_54.36978444,0.04402149330172268,0.9651150976409246,1,0.031784951226046916,3312
HILIC_258.1700633_29.96593073,0.3608663571014185,0.7201745181426619,1,0.15922147665948022,3313
HILIC_258.5140104_125.0302774,0.48075645266535905,0.6334139463576137,0.9947980550876518,0.3163363584518694,3314
HILIC_258.8106825_44.84692743,-1.4971260832880549,0.14252513196271407,0.7878438691110466,-0.5125847552320008,3315
HILIC_258.8179029_47.97661999,-0.5994806899096081,0.552368758588362,0.9858134543858914,-0.0954517374157688,3316
HILIC_258.8995207_57.86455938,-0.027532784410592585,0.9781771997347761,1,-0.009777052578689596,3317
HILIC_258.9227105_209.1855017,0.4791508869369225,0.634545241229522,0.9947980550876518,0.2268460716822671,3318
HILIC_258.9274601_221.1667973,-0.040687708123720995,0.9677554043411242,1,-0.0158638972042988,3319
HILIC_258.944026_237.9782834,-2.064003664277125,0.045812394487539695,0.5592173406365568,-0.7012066728011663,3320
HILIC_258.9643117_173.8011266,-2.928051268884892,0.0057048328042191045,0.22503959098938253,-1.4012830461503434,3321
HILIC_258.9802075_52.02788783,-1.220642540533976,0.22965440771553436,0.8866725842248819,-0.9412550177610755,3322
HILIC_258.9806101_246.5193159,-1.2700410859655622,0.21170225028800063,0.8683661493536527,-1.5587268285884013,3323
HILIC_258.9900563_43.53852237,-0.37337665665597736,0.7109188771146817,1,-0.13040192747918278,3324
HILIC_258.9963355_43.25771172,1.1733343139190713,0.24787911461296222,0.9013193895014,0.7159136559157439,3325
HILIC_259.0030846_51.91173964,-2.7414100784798454,0.009233564630145635,0.27577813752773367,-1.2731805300342787,3326
HILIC_259.0146991_125.5772085,-0.46177712671245913,0.6468432563336266,0.9965858111391217,-0.17406373178582502,3327
HILIC_259.0225061_265.8569655,0.5111260506883883,0.6121854327494443,0.9928201179984223,0.1280569717759101,3328
HILIC_259.0279276_65.94651712,-0.306614407265154,0.7607911994191952,1,-0.3058538296952169,3329
HILIC_259.0412102_27.39712905,-0.7429660073934495,0.4620177366777637,0.9759713114438171,-0.5788800256878203,3330
HILIC_259.0509755_165.3637699,-1.1303593720164502,0.2653267634142721,0.9154488081346923,-0.6426585592236022,3331
HILIC_259.0595821_138.2417566,0.38043151034357536,0.7057187649752724,0.9999159889500627,0.2754611815726572,3332
HILIC_259.0953413_34.79048847,-1.095711723976083,0.2800207989380376,0.9288696687746137,-0.601780087995845,3333
HILIC_259.1045191_44.84451932,-1.7816862585360214,0.08270017673369824,0.6948552844377854,-1.558821017291352,3334
HILIC_259.1401048_89.44962873,0.4461674813102539,0.6579788360086486,0.9966192045168055,0.32492798142912993,3335
HILIC_259.1905068_286.4484761,1.6993154001953854,0.09733789970615211,0.7172506587165337,0.4716482579035275,3336
HILIC_259.242062_22.93283179,0.21179727360119208,0.8333838930473499,1,0.18770708006419898,3337
HILIC_259.4725217_246.6207797,-1.1200301615632797,0.2696484832768349,0.9185780391297615,-0.5271068659926882,3338
HILIC_259.5078123_122.6270995,-0.8279549191316322,0.41280567083553243,0.9701980842661211,-0.43541736390895414,3339
HILIC_259.5127517_125.0921813,0.46024575549551383,0.6479321276564615,0.9965858111391217,0.15284888912708683,3340
HILIC_259.8924954_53.9466415,0.3666088516935392,0.715920587149559,1,0.15536402771713353,3341
HILIC_259.9372919_251.2100401,-0.8207870426850502,0.4168274742966205,0.9712636476221591,-0.381777562575404,3342
HILIC_259.9477906_145.612795,1.2101823502272968,0.23359628971070587,0.8879258919320564,0.4517441542974082,3343
HILIC_259.9649565_61.22351164,-0.17360310343361904,0.8630881446955708,1,-0.04923300858604387,3344
HILIC_259.992018_43.33683826,0.18015185921597376,0.8579794820904627,1,0.09151694483835246,3345
HILIC_260.0062537_171.5944894,-0.4472814330304472,0.6571815090561974,0.9965858111391217,-0.5034435105835625,3346
HILIC_260.0517335_37.6265092,-0.7538396794762416,0.45553731419676313,0.9753792522951469,-0.25392819001206135,3347
HILIC_260.1142688_145.0477005,1.260727130521992,0.21500397970740237,0.8720020474983524,0.8799595561888799,3348
HILIC_260.1244097_66.68693495,1.1695074519590711,0.2493981350850266,0.9045037333458517,0.8331597300744638,3349
HILIC_260.1494019_39.35032124,2.5807287588605505,0.013796016915823828,0.3378806910443402,1.3419718819531874,3350
HILIC_260.1857455_27.43131039,2.849924168224836,0.00699213327569891,0.25021962132398606,1.3263626731291283,3351
HILIC_260.3406251_173.5856235,-0.7455185726944082,0.4604916871613812,0.9755657681934743,-0.0949513360060208,3352
HILIC_260.4663883_257.8106564,-1.5586922706675173,0.12726310305200886,0.766898100861933,-0.8728052360010489,3353
HILIC_260.760966_45.30408337,-0.7446675894386144,0.4610001210972833,0.9755657681934743,-0.13647763873039956,3354
HILIC_260.8149764_48.16365807,-1.3551843812337967,0.18326717169570944,0.8460463584863603,-0.21252711181844092,3355
HILIC_260.8972817_50.78163338,0.4189867356509989,0.6775572813774728,0.9996367449012522,0.19402508823430675,3356
HILIC_260.9423936_36.19031514,-0.4137011408263313,0.6813915023053239,0.9999159889500627,-0.25181045786230916,3357
HILIC_260.9489331_47.42309762,-0.8517526008569071,0.3996254260087614,0.9669701703160376,-0.4952894945399694,3358
HILIC_260.958058_124.7154804,0.20293436048652322,0.8402564253510689,1,0.14903219321327613,3359
HILIC_260.9882354_43.16660217,0.19375052613518215,0.847391178936558,1,0.09488607965242205,3360
HILIC_261.0081685_243.9104855,0.39959492702397076,0.6916660130267283,0.9999159889500627,0.21627479784156203,3361
HILIC_261.0178612_259.3169751,1.3729499090269153,0.17772259401278448,0.8404813690786701,0.6476980582348802,3362
HILIC_261.0381967_266.2471184,-1.1042051417487453,0.27636659801348573,0.9227236778686373,-0.3054152467513574,3363
HILIC_261.0458482_61.06012003,-0.6394649202031959,0.526312314784947,0.9824083431236167,-0.20061001438549372,3364
HILIC_261.0565278_29.32046156,-1.4283845744748662,0.16125444905652586,0.8218381018016443,-0.6469645895728883,3365
HILIC_261.1089558_48.14500173,-0.18438679882534895,0.8546790939082569,1,-0.11756047876109192,3366
HILIC_261.1309377_50.86502777,1.5441234507649217,0.13074987499234206,0.7695072627505222,0.6825992371692093,3367
HILIC_261.1446367_44.1997451,-0.4473863653557761,0.657106423115958,0.9965858111391217,-0.3841104005626498,3368
HILIC_261.1812205_53.68942803,-0.022486786922517647,0.9821759459329997,1,-0.019490219058930072,3369
HILIC_261.1890175_27.73258683,1.8632314756681048,0.07008113761755468,0.6575902796277318,1.0589186450276307,3370
HILIC_261.2214315_21.59569727,1.4481978294522846,0.1556676935029412,0.8138234492283548,0.8750698304764895,3371
HILIC_261.2426175_292.1864503,0.618728581752807,0.5397437056558692,0.9840001469570548,0.25675776530575545,3372
HILIC_261.4645372_258.8233516,0.37939039548634795,0.7064852770224582,0.9999159889500627,0.24053699047870175,3373
HILIC_261.5098924_190.8319717,0.4977898923312692,0.621467302455338,0.9947980550876518,0.22218777453007424,3374
HILIC_261.8898408_53.85951661,0.18312777154719975,0.8556600103146104,1,0.02951880552853527,3375
HILIC_261.9008785_230.5041979,-0.385676785479836,0.7018617091677262,0.9999159889500627,-0.12389463885177741,3376
HILIC_261.9101662_241.0302532,2.17196030216493,0.03609128760359064,0.5143847335746973,0.6282107482697433,3377
HILIC_261.9543219_134.6123605,-0.12793013100449288,0.8988710336940123,1,-0.0864089458038022,3378
HILIC_261.9670307_169.3155364,1.4749651158156105,0.14836390503981095,0.8014900281899261,0.392644402876256,3379
HILIC_261.9982477_123.5439657,-1.7352493619194036,0.09070644838686018,0.7034668280907063,-0.916555269611215,3380
HILIC_262.068822_43.89063203,-0.9365702229477549,0.35482530495227926,0.9588670540445742,-0.5921472645607057,3381
HILIC_262.103464_95.38737755,-0.9359269011030588,0.3551522272169678,0.9588670540445742,-0.41819545592675256,3382
HILIC_262.1405582_293.0755497,0.4177110415151205,0.6784818923655178,0.9996367449012522,0.1364011746180397,3383
HILIC_262.1413859_131.8773336,-0.6401916822739723,0.5258448130255207,0.9824083431236167,-0.6179362337214295,3384
HILIC_262.165155_41.83242031,-0.13280646013403857,0.8950390517307325,1,-0.0666210334942222,3385
HILIC_262.1843962_54.53729751,0.09761657500780171,0.9227438526560735,1,0.07604674772240429,3386
HILIC_262.2458952_291.0386605,0.6502381191200456,0.5194049560248877,0.9824083431236167,0.3047168027463684,3387
HILIC_262.7582473_45.21342197,-0.7674765899880328,0.4474857102540334,0.9745894987688215,-0.14230234649337578,3388
HILIC_262.8119338_47.80189038,0.557125722911176,0.5806704033542793,0.9913379189285378,0.17480089717670672,3389
HILIC_262.9057103_234.1794741,-0.05654760198198663,0.95519841118972,1,-0.05072113504659114,3390
HILIC_262.907002_116.7884691,0.3774466095942,0.707917200920535,0.9999159889500627,0.40436290099808686,3391
HILIC_262.9524355_163.4513104,0.723944051333551,0.473481991997856,0.9781047779839798,0.3478409211418446,3392
HILIC_262.9951479_123.0531829,-0.15681686991013316,0.8762097190598813,1,-0.09990547134801493,3393
HILIC_263.0005838_189.9562589,-1.060138136276091,0.2956960108585761,0.9385474409597132,-0.9352553886117749,3394
HILIC_263.0132309_188.0245913,-2.2339749541795895,0.031375092226395715,0.4910705173139733,-1.3849409110991935,3395
HILIC_263.0287609_33.8352529,0.4007251517473243,0.6908405838513831,0.9999159889500627,0.36012344882798775,3396
HILIC_263.0334731_259.6090792,0.9041952350222634,0.37152247138614836,0.9637531830220828,0.4572193609543679,3397
HILIC_263.0738743_58.28126897,0.23791503115080803,0.8132102934066321,1,0.14779245070084773,3398
HILIC_263.084151_261.6943215,-0.6157906810585094,0.5416609814053798,0.9844101439284977,-0.3016008877855713,3399
HILIC_263.0874479_100.9066049,1.9340635042732834,0.06049002223457505,0.62680833464336,0.8992709681677098,3400
HILIC_263.1028012_28.61275153,-2.4714181062023,0.017997446492266846,0.38784620630111405,-1.7151641734010128,3401
HILIC_263.1372814_49.85402015,-0.23390171604075025,0.8163022218874372,1,-0.09611571811461618,3402
HILIC_263.1683217_42.26951043,-0.7140979002075922,0.4794794458787224,0.9781047779839798,-0.3928644385438854,3403
HILIC_263.237035_21.70303108,4.117167155278825,1.9614800370115813e-4,0.047407463663772215,1.9556987789931268,3404
HILIC_263.2370854_282.2195198,-0.08689964441310136,0.9312022644050835,1,-0.02236312357020629,3405
HILIC_263.4879453_256.4339199,0.14442576780902122,0.8859186360662706,1,0.06479730947127528,3406
HILIC_263.4980758_122.9435106,-0.028593676604175947,0.9773365551668252,1,-0.018291157660844028,3407
HILIC_263.5826679_126.5236614,0.7640191151886233,0.4495191045857023,0.9745894987688215,0.27282772854225584,3408
HILIC_263.8883068_277.8621544,0.9708475550527861,0.33769215817279363,0.9541737438762358,0.41502201170542813,3409
HILIC_263.9260056_233.3615789,-1.415952736390015,0.16483945752601625,0.8267580857332197,-0.5446554730819703,3410
HILIC_263.9769174_193.8041925,0.186381534511013,0.8531254607110209,1,0.06898138532189653,3411
HILIC_264.0165407_188.4844247,-0.5321611357370332,0.5976762311120558,0.9926487049255592,-0.4048880173771604,3412
HILIC_264.0382353_40.3978947,0.1101202270841194,0.9128867941630537,1,0.0792720129516617,3413
HILIC_264.0767574_125.733977,-1.3239383206625248,0.1933408160461516,0.8515234707275139,-0.9240146868649514,3414
HILIC_264.1058542_27.74451753,-0.5168313704113275,0.608234124953009,0.9928201179984223,-0.30625732728034655,3415
HILIC_264.1594227_24.04976248,-0.6775075202463983,0.5021405433887592,0.9781047779839798,-0.45341046620577974,3416
HILIC_264.2403447_22.28231789,3.2550637997758747,0.0023680188980359407,0.13881185406024116,2.444331117954583,3417
HILIC_264.5779516_123.2086132,-1.5728007576645742,0.12395854661777335,0.7633864733503855,-1.6640644697777862,3418
HILIC_264.6162473_169.9270839,-0.6368936754460806,0.5279680807238396,0.9824083431236167,-0.08333333333333223,3419
HILIC_264.7556455_44.61268975,-0.8372133144284014,0.4076464144961972,0.9676316311691489,-0.15705585672263325,3420
HILIC_264.8446867_47.26852154,-1.9659781625737631,0.05655199398176374,0.6133040948359164,-0.39865154009312,3421
HILIC_264.8526124_47.64135823,0.5432825962418527,0.5900712531482853,0.9917669560968972,0.06432056024456367,3422
HILIC_264.9335854_35.6318456,-0.42911812260159166,0.6702321680354392,0.9996367449012522,-0.3490932940198061,3423
HILIC_264.9626976_123.830079,0.02262152652500305,0.9820691638063499,1,0.014221014344739725,3424
HILIC_264.9719701_189.3843847,-0.07089229611016909,0.9438509272775062,1,-0.05028198125491652,3425
HILIC_264.9728922_69.61595335,-1.2174180649536723,0.23086426106954705,0.8875782173548652,-0.8321516137217814,3426
HILIC_265.0087459_190.4498582,-0.9429235684556723,0.35160728180728007,0.9578247927857968,-0.8619353989157853,3427
HILIC_265.0212257_215.0412546,1.0533396524343954,0.2987599418951968,0.9392158295577352,0.6513490296468663,3428
HILIC_265.0351455_37.25269027,-1.214760978445464,0.23186475748971858,0.8879258919320564,-0.38612685625563126,3429
HILIC_265.0558247_47.0792146,0.7703023743199857,0.4458278662054158,0.9745894987688215,0.3743065277666113,3430
HILIC_265.0894134_66.02358332,-2.014603026084047,0.050978801393767384,0.5880153963994754,-1.2005682032446616,3431
HILIC_265.1118668_58.13005636,0.9257189770875133,0.3603660991734624,0.9608881797217599,0.9641398125946492,3432
HILIC_265.1187034_28.02863125,-0.9349071841713062,0.3556708300073803,0.9588670540445742,-0.5114926879234055,3433
HILIC_265.1646651_25.53030976,-0.25262967267555814,0.8019000997405987,1,-0.2425437092757268,3434
HILIC_265.1799366_288.5799288,-0.38192361972098826,0.7046207531592199,0.9999159889500627,-0.11411097285704475,3435
HILIC_265.2036927_28.22629408,-1.6833509718122897,0.10041076700233142,0.718134185467518,-1.0118441988470923,3436
HILIC_265.2163694_286.1759383,-0.7206701520880321,0.4754714064256298,0.9781047779839798,-0.2650351063433906,3437
HILIC_265.2526799_21.25165377,4.2015718251303955,1.5210190566775046e-4,0.04352015664488242,2.4182031232869465,3438
HILIC_265.252816_289.32515,1.6507816202289027,0.10692916589185786,0.7284723313794826,0.38400005660823655,3439
HILIC_265.2528937_126.1742582,2.4104497181299345,0.020818237149250487,0.4141280600040436,0.6846984157931566,3440
HILIC_265.4736539_189.2551317,1.2709138209334396,0.21139483422156496,0.8683661493536527,0.99060263735907506,3441
HILIC_265.4807902_256.8493843,0.5062942203361549,0.6155409927270408,0.9931667617408494,0.34361907351409426,3442
HILIC_265.5438916_135.6729993,2.1734231534459876,0.035973170097419536,0.5143847335746973,1.2102733924314875,3443
HILIC_265.7053554_29.85216906,-1.4490873763448229,0.15542049304147998,0.8128015797875001,-0.8846307548895036,3444
HILIC_265.9764055_129.3152778,-0.15780685090452387,0.8754348438905002,1,-0.09711483818830276,3445
HILIC_266.0095985_172.5965495,-0.022051831282022635,0.9825206537346214,1,-0.016513718903417893,3446
HILIC_266.0323078_283.8897685,1.8511066206443645,0.07184675531407692,0.666637835732572,0.8187065817495743,3447
HILIC_266.0323181_152.7413705,0.607065866960407,0.5473755531766542,0.9857989553982086,0.5776313763482667,3448
HILIC_266.1150413_36.76681338,0.095366663848693,0.9245188912704765,1,0.08188550166258567,3449
HILIC_266.1216241_27.39202761,-0.3555318774664568,0.724134286661184,1,-0.1754360680380697,3450
HILIC_266.1387377_29.40823039,0.9397151227996878,0.353229978067818,0.9588670540445742,0.4116523303993578,3451
HILIC_266.1598829_62.2838105,0.44681973866864083,0.6575119242856479,0.9965858111391217,0.24017759075232206,3452
HILIC_266.1652728_24.22998274,-0.29185776957992315,0.7719643090849867,1,-0.08088211804614202,3453
HILIC_266.2069659_28.37710759,-1.681963188057268,0.10068164671845908,0.7186318355052214,-1.196075690713723,3454
HILIC_266.2560364_22.20505447,3.248649168197261,0.002410184675972554,0.1397195618432798,2.5394115481637325,3455
HILIC_266.7084265_22.93924309,-1.8844304005412056,0.06708303720047558,0.6475948503215213,-1.1497450290400935,3456
HILIC_266.7532298_43.84251183,-0.7931085487177436,0.43258156872911036,0.9742203846590763,-0.1477121892515879,3457
HILIC_266.8420823_46.71923811,-1.3844014904800357,0.1742179623877308,0.834640816827064,-0.43221539064579206,3458
HILIC_266.849624_47.66648311,0.6392913638280319,0.5264239904421926,0.9824083431236167,0.07726199328436106,3459
HILIC_266.8892375_224.9302534,1.464224318610435,0.15126132684925184,0.8047123077554169,0.5026833705634264,3460
HILIC_266.9277077_256.7146117,1.4102052249931853,0.16651783222383673,0.8274419139233609,0.5320168403229923,3461
HILIC_266.9300691_45.56073177,-0.12427425501110344,0.9017455564628278,1,-0.09561109588783123,3462
HILIC_266.9979056_141.3708214,0.4325328196392066,0.6677705816892439,0.9982644021852166,0.1616106239988397,3463
HILIC_267.0134828_142.5879144,-0.2624923056376441,0.7943432482451588,1,-0.09927900214566078,3464
HILIC_267.043533_25.15016054,0.7535053388296712,0.45573577699975465,0.9753792522951469,0.5615980678935616,3465
HILIC_267.0497598_140.0858703,1.442932897831272,0.15713714571095827,0.8168843676767553,0.9270490372332049,3466
HILIC_267.0592611_135.7860257,1.258963196227226,0.21563360322273564,0.87223789657115125,0.49880341663443806,3467
HILIC_267.06518_23.54021686,1.4087421053819509,0.1669472142778291,0.8286700588640427,1.0828678192000591,3468
HILIC_267.1104696_49.8437427,1.0696130008441171,0.2914624737390398,0.9340589136386561,0.38594351019245415,3469
HILIC_267.1237672_25.92562724,0.5005616177070339,0.619532972108691,0.9947734047248094,0.4111019064611005,3470
HILIC_267.1591626_279.8118925,-0.5767923749372597,0.5674414835657127,0.9913379189285378,-0.28916681752920864,3471
HILIC_267.1703592_25.05669638,-0.6654395870032569,0.509741698465299,0.9802142331323181,-0.6868350040025639,3472
HILIC_267.1956748_150.0476471,0.920625659350076,0.36298618129135507,0.9633639059453812,0.17718991785014068,3473
HILIC_267.1957264_287.5677765,1.5379561918255535,0.1322489113010165,0.7702105138753427,0.5381252590634865,3474
HILIC_267.2319331_279.4348198,1.2126357583310536,0.23266728572689305,0.8879258919320564,0.46206973286468134,3475
HILIC_267.268289_21.28614571,-1.012351854865128,0.31769825401851,0.9458100380198582,-0.6142070743635549,3476
HILIC_267.2685011_283.6353592,1.346257711773551,0.1861029943639012,0.8476551256312127,0.33543357758731696,3477
HILIC_267.9306808_44.10067378,-0.7221978574083354,0.4745424898850139,0.9781047779839798,-0.6533478386650894,3478
HILIC_267.9786215_35.56209031,-1.5352024395437904,0.13292270217741356,0.7716476424216516,-1.4388423604594174,3479
HILIC_268.0386537_24.6640017,0.7625963574526098,0.45035742960093317,0.9745894987688215,0.6665173413861051,3480
HILIC_268.0466391_24.66435835,1.942557360373939,0.059419522559952205,0.6219910283250402,1.2121176852382476,3481
HILIC_268.0518165_63.44609564,0.7413338747627127,0.46299504215138376,0.9765913147419764,0.4731718103601337,3482
HILIC_268.0904002_62.49839838,-0.30271784745659236,0.7637365874857116,1,-0.23863577927953644,3483
HILIC_268.1029978_122.8362003,-0.8393547680937802,0.40645879741393154,0.967515273058913,-0.38264365812115486,3484
HILIC_268.1140061_45.97658781,0.09524330607506579,0.9246162241888194,1,0.041922150394801065,3485
HILIC_268.1421265_46.77159496,-1.3949425710249397,0.17103961448251137,0.8323231239234016,-0.8792635025074341,3486
HILIC_268.1545168_24.28820885,0.03183127086415667,0.974771270879656,1,0.03917335838210189,3487
HILIC_268.1907825_23.03734873,0.007404100726310715,0.994130719245592,1,0.007657463016521579,3488
HILIC_268.5127588_120.7383736,1.0185858668848542,0.3147662120256756,0.943249128859935,0.38825164801332046,3489
HILIC_268.7508624_43.78486941,-1.3401182867101484,0.18807284899239413,0.8489710044879274,-0.6661608738552877,3490
HILIC_268.8466602_47.6270835,0.84602839593347,0.40277149584300254,0.9669701703160376,0.11199961390364897,3491
HILIC_268.9068366_226.9988411,0.2756239936321149,0.7843127896352392,1,0.1462025453389626,3492
HILIC_268.9522317_168.8398291,0.9008390206298403,0.37328196296267535,0.9637531830220828,0.41374014022079575,3493
HILIC_268.9621555_59.20594,-0.4562474453766343,0.6507787871535394,0.9965858111391217,-0.22134341045237255,3494
HILIC_269.0000972_256.6565259,-0.5314270381501325,0.5981798401992533,0.9926487049255592,-0.43644571505471097,3495
HILIC_269.0261123_75.22517141,-1.309673331085552,0.19807807843438932,0.8593515168411124,-0.8964604307254963,3496
HILIC_269.0447705_170.43774,0.7986185456913489,0.4294171085909768,0.9742203846590763,0.7426751142754463,3497
HILIC_269.0551156_62.57171362,0.21946786004308605,0.8274465649111953,1,0.2546393288592055,3498
HILIC_269.0745723_64.66710869,1.5260470811847544,0.13518272059105269,0.7745151497029313,1.4376610546396713,3499
HILIC_269.099432_22.70779281,0.7303629900309867,0.46959531039237756,0.9777549229263227,0.5328574444672941,3500
HILIC_269.1091354_48.52510893,0.8456026583935303,0.403006099626369,0.9669701703160376,0.6028702872487613,3501
HILIC_269.1246368_62.28934243,-0.29801067762274175,0.7672994530090937,1,-0.13939783994757726,3502
HILIC_269.1383906_22.85185907,-0.7110585402633098,0.4813394383567924,0.9781047779839798,-0.3272715800706339,3503
HILIC_269.1579268_24.49484829,0.7124396882643285,0.4804937136652774,0.9781047779839798,0.535572498543943,3504
HILIC_269.1941241_23.37914659,-0.22278154963789545,0.824884787521768,1,-0.14748647948179855,3505
HILIC_269.2111732_144.4061164,-1.5020374930939073,0.14125625925997204,0.7859839538695291,-0.3571264800869872,3506
HILIC_269.226406_22.2070679,0.1497747970038533,0.8817251857602502,1,0.10805055207572431,3507
HILIC_269.2476602_289.5451706,0.8067654971512684,0.42476391647744505,0.9724257019093233,0.2545359378470103,3508
HILIC_269.9496324_40.30724858,0.1350575831591468,0.8932708970185094,1,0.05194334005009304,3509
HILIC_269.9599754_231.7800226,-0.35610983177137306,0.7237048997791682,1,-0.12814582125376667,3510
HILIC_269.9835516_35.32070509,1.0461878842282886,0.3020067909531868,0.9397496500337139,1.1386110998680894,3511
HILIC_269.993843_61.38550366,-0.5968894845180294,0.5540798194394596,0.9865181901455302,-0.17867920857390254,3512
HILIC_270.0220451_126.3494296,-0.29298268190624444,0.771110805482036,1,-0.14037863270723402,3513
HILIC_270.1007708_92.36382759,0.806013157463619,0.42519233346870133,0.9728767198941594,0.5778272915290634,3514
HILIC_270.1113816_30.74141439,0.3491652129908043,0.7288702971512588,1,0.3631609158335522,3515
HILIC_270.1549825_29.72433073,0.8261496250039729,0.4138163404607703,0.9702967640516138,0.7121379158265532,3516
HILIC_270.2146148_290.8550984,0.33635811387866077,0.7384296721917978,1,0.11030724910805753,3517
HILIC_270.4444251_190.6387621,0.07289318346251326,0.9422689954987824,1,0.041533238105942234,3518
HILIC_270.7897759_43.77707459,-0.1051360260207531,0.9168144308815551,1,-0.013671277781228917,3519
HILIC_270.7977275_47.69282907,-0.9323193568000109,0.35698916245163925,0.9588670540445742,-0.15731845190926347,3520
HILIC_270.8437215_47.64663144,-0.5632617690628289,0.5765268609388581,0.9913379189285378,-0.36143526597673836,3521
HILIC_270.9197772_197.6288926,-0.6065048267392449,0.5477440811382097,0.9857989553982086,-0.24946878178085613,3522
HILIC_270.9445266_41.62254797,-0.4626571295811737,0.6462178913514351,0.9965858111391217,-0.35959800912885337,3523
HILIC_270.9532912_257.4231945,0.5599519870472214,0.5787600864005745,0.9913379189285378,0.41955084554065436,3524
HILIC_270.9582321_49.96461126,0.20684415181949656,0.8372230775224399,1,0.05205986305508318,3525
HILIC_270.9644708_252.4347343,-0.5774833303966037,0.566979447365833,0.9913379189285378,-0.1550089722680473,3526
HILIC_270.9722359_135.5572441,-1.7381998338374332,0.09017913673186573,0.7028476636205563,-0.9760076628592799,3527
HILIC_270.9779203_58.76430901,-1.3673652558068072,0.17945139039029556,0.8428280108876985,-0.7653792602232582,3528
HILIC_270.9817817_123.899978,0.41394350271947333,0.6812155024423954,0.9999159889500627,0.3214324578275531,3529
HILIC_270.9971974_60.90413505,-0.06333765000453802,0.9498257662551037,1,-0.019808338023491398,3530
HILIC_271.016416_121.8902387,0.2236913093080492,0.8241817999816177,1,0.15741622557509308,3531
HILIC_271.0505886_112.0441304,-0.5171859107359247,0.607988972779776,0.9928201179984223,-0.1915115715360414,3532
HILIC_271.0749097_48.90561804,2.123498432762885,0.040203498518137176,0.5347244144365793,2.4219370810770204,3533
HILIC_271.0777906_124.9339604,1.0453560776694057,0.30238600358687356,0.9397496500337139,1.0306968859829453,3534
HILIC_271.0902344_102.6740265,-0.45532972565655355,0.651432921838655,0.9965858111391217,-0.35665815685033003,3535
HILIC_271.0929259_37.18845285,-0.3645818562197955,0.7174211087608668,1,-0.13221381831074916,3536
HILIC_271.1038719_146.7661711,0.9511928776248688,0.3474476779710123,0.9574386235069654,0.5760849855465143,3537
HILIC_271.1525612_46.7505516,1.2909316136027398,0.20443547996471859,0.8647457759331585,0.6134376524567706,3538
HILIC_271.2267154_165.2723549,-2.1724216114725357,0.03605400227655385,0.5143847335746973,-0.9504335868917159,3539
HILIC_271.2270861_288.0775268,-0.8289971127380855,0.41222290549310725,0.96978156031432206,-0.3344397872082658,3540
HILIC_271.2420669_23.90411061,1.0226118172365437,0.31288254157488177,0.9421850854569164,0.6487832247622931,3541
HILIC_271.5173983_123.8330668,-0.27322704291645317,0.7861409467815751,1,-0.2065328359139133,3542
HILIC_271.9532096_58.64329401,-0.856503508268451,0.3970259888122959,0.9669701703160376,-0.45380988582444526,3543
HILIC_271.9629461_55.25179485,-0.026865972589603045,0.9787055903504673,1,-0.005986370466488961,3544
HILIC_271.9745464_256.1126552,0.18795596231973177,0.8518996090432209,1,0.15232165808852652,3545
HILIC_271.9983633_54.16347069,-0.18021976998080375,0.8579265371028897,1,-0.12929386227866896,3546
HILIC_272.0080067_210.9719589,-1.3586362446921036,0.18217954865504005,0.8448097971996803,-0.5167185770856242,3547
HILIC_272.0655228_147.2932211,-0.11432997240947457,0.9095711599419085,1,-0.051946347943195706,3548
HILIC_272.1281897_25.2390883,-0.8875054442341199,0.3803249259662451,0.9638726330536317,-0.48138837355110164,3549
HILIC_272.1856187_27.17173042,-0.6078922775933802,0.5468329448581073,0.9857989553982086,-0.20497045967150593,3550
HILIC_272.2302811_268.2839305,-0.16405688008368535,0.87054573460737394,1,-0.06523400606011054,3551
HILIC_272.5115674_125.1458963,-0.46186594233973455,0.6467801286489681,0.9965858111391217,-0.1779178260803185,3552
HILIC_272.6552093_170.4795626,-0.6789920654539765,0.501209804946153,0.9781047779839798,-0.12982404882579449,3553
HILIC_272.7871745_43.76553293,-0.0428362371993475,0.9660537582992463,1,-0.005528929466560653,3554
HILIC_272.7948292_47.49909571,-0.6548241980644176,0.5164793619481531,0.9824083431236167,-0.11283161011225797,3555
HILIC_272.8765446_250.1556869,1.446389541282206,0.15617116331905764,0.8151797605900822,0.37210460203163703,3556
HILIC_272.9347215_246.4997045,1.0062744867735882,0.3205744791621304,0.9486202802104102,0.3527817816605419,3557
HILIC_272.9553079_49.91349351,0.15196652997961133,0.88000793210842,1,0.03793382001304153,3558
HILIC_272.972513_255.8533715,-0.4756858855856622,0.636989732956107,0.9953856535986481,-0.31864547814019933,3559
HILIC_272.9775767_52.50145702,-3.0554526408570433,0.004071012199196205,0.19558287966168925,-1.7293109272073361,3560
HILIC_273.0395816_248.9596728,-0.9279512422993074,0.35922168526302645,0.9598199156933532,-0.4131689382799616,3561
HILIC_273.0484752_130.6925548,1.3164259612996945,0.1958247067396165,0.8557457977411336,0.6782139402088814,3562
HILIC_273.0485663_41.97246553,0.2966618303617341,0.7683213449312567,1,0.15814554181766308,3563
HILIC_273.0557879_49.74674714,0.1962866188073666,0.8454196078224647,1,0.22579924419305616,3564
HILIC_273.0822369_60.73731448,0.3980057249830093,0.6928272881997025,0.9999159889500627,0.1348398953329638,3565
HILIC_273.1343564_26.24030702,-1.1133281324204574,0.27247931589165325,0.9209321245233384,-0.7188456138351894,3566
HILIC_273.1673089_60.87702633,-2.123614614681709,0.04019316510364499,0.5347244144365793,-0.33716203696086555,3567
HILIC_273.1674128_252.6767211,-0.07696439813101855,0.9390509692397191,1,-0.023889439623768553,3568
HILIC_273.4750912_172.2874134,0.26986522145428865,0.7887070761101517,1,0.1851409230826398,3569
HILIC_273.5102858_126.3615573,-0.5659442723643074,0.574719986948291,0.9913379189285378,-0.15409212430432143,3570
HILIC_273.6817415_172.4761408,-0.7529531676361574,0.456063653534479,0.9755657681934743,-0.33932761487545354,3571
HILIC_273.9170752_283.7500995,0.3240798873074887,0.7476339483826759,1,0.09196598020258413,3572
HILIC_273.9549286_234.1033423,1.2319263238179115,0.22545753904622357,0.8811947978069936,0.407407541397114,3573
HILIC_273.9603844_56.8222019,0.5393164531782424,0.5927780289089974,0.9920080820797249,0.41268300968380134,3574
HILIC_274.0517177_41.91886043,0.5186591213195925,0.6069707902257722,0.9928201179984223,0.43632136323031456,3575
HILIC_274.0598312_62.799482,-0.9357292858704062,0.3552526906660588,0.9588670540445742,-0.7914583785148377,3576
HILIC_274.0856877_62.34780682,0.9144494915360262,0.36617988183294015,0.9637531830220828,0.9156079605661144,3577
HILIC_274.0922968_64.75945329,1.6280270139255972,0.1116869931778394,0.7362999004716143,0.6240790711416173,3578
HILIC_274.09232_243.8414946,0.5990702950025918,0.552639576530251,0.9858134543858914,0.18802728187278972,3579
HILIC_274.15895_282.905862,0.5869273745606274,0.5606831483344503,0.989922708511375,0.26932625579724073,3580
HILIC_274.1649604_34.02252497,-0.0960635076393014,0.9239690830874974,1,-0.053366245231872306,3581
HILIC_274.170696_53.62847261,0.15126317087204064,0.8805589603746609,1,0.054591185346873024,3582
HILIC_274.1835716_22.93139056,3.4192027275902954,0.001499886418718615,0.11550595901014434,3.073106894444547,3583
HILIC_274.2014276_24.79616931,2.4922561876370275,0.01711613466028545,0.3785642861047552,1.8169170661065959,3584
HILIC_274.4994754_255.0511983,0.3761227130238091,0.708893087818091,0.9999159889500627,0.22402551215738362,3585
HILIC_274.7847297_43.7351856,-0.11545472784508475,0.9086855667424814,1,-0.015097845456779526,3586
HILIC_274.7919587_47.76440627,-0.700647974129804,0.48774121205946896,0.9781047779839798,-0.11550245887116165,3587
HILIC_274.8734253_237.024194,0.23814820563918768,0.8130307441453981,1,0.12406280390529441,3588
HILIC_274.8735116_44.12504963,1.6367149338973777,0.10985030573031693,0.7336651855103924,0.5130239519503819,3589
HILIC_274.8815815_47.24166359,0.5294063389226721,0.5995671229472957,0.9927179766037689,0.13192271918599202,3590
HILIC_274.9323534_241.8440704,0.8104450385140447,0.4226723951173188,0.9720967280689153,0.24091350262194872,3591
HILIC_274.9501553_232.811707,0.7872139694477693,0.4359823881550181,0.9745124110909839,0.346270678037893,3592
HILIC_274.97528_56.61861234,-2.639437624722589,0.01193077230992737,0.31747691407272177,-1.4585594200962653,3593
HILIC_275.0466802_42.10638185,0.794952204590278,0.43152117503219267,0.9742203846590763,0.5440228714468617,3594
HILIC_275.1279384_26.71706465,-0.2620461041220011,0.7946847055443294,1,-0.15607092411712453,3595
HILIC_275.135217_37.72778637,1.2735280171121524,0.2104760054129412,0.8683661493536527,0.5946562237088563,3596
HILIC_275.1491016_282.4070933,-1.068108069027324,0.29213206065950553,0.9343229000674844,-0.2809397860135279,3597
HILIC_275.1603223_52.32401176,0.9719630621600707,0.33714401768676117,0.9540637516661264,0.8276125000801882,3598
HILIC_275.2580928_291.3782881,-0.16921826539389334,0.866512085737083,1,-0.05653195728020988,3599
HILIC_275.4848681_234.9078108,-0.28060253777192085,0.780519610208767,1,-0.12496133887655454,3600
HILIC_275.8664871_54.54670802,-0.3754140536294814,0.7094156677973191,0.999964854966912,-0.21619547063217154,3601
HILIC_275.9125025_278.236401,-0.32908968495310753,0.7438737864233823,1,-0.145620562881267,3602
HILIC_275.9252785_281.9595894,-0.31099997591702266,0.7574804797399619,1,-0.12491180028826412,3603
HILIC_275.9347166_280.4701353,0.6238314130713452,0.5364220082469139,0.9833164118236528,0.20991167601422833,3604
HILIC_275.9517573_50.38470699,-0.4487322217260249,0.656143694109431,0.9965858111391217,-0.3313329963038338,3605
HILIC_275.9866247_173.3772132,1.0214414312575233,0.3134293472243897,0.9421850854569164,0.750644198697338,3606
HILIC_276.0040282_272.9020546,0.08170270400256696,0.9353069574977446,1,0.049688036027660816,3607
HILIC_276.00907_188.6192346,-1.8002322302021303,0.0796732365269495,0.6911349530212022,-0.9835282903943597,3608
HILIC_276.0232709_117.8440341,0.9908405247114205,0.3279581698047195,0.9506069103298993,0.40473341890967485,3609
HILIC_276.0393909_216.496074,-1.3205569468087688,0.19445584332269544,0.8530860928789571,-0.759410077706856,3610
HILIC_276.0902143_30.50973695,-0.52411294085924,0.6032083913823378,0.9928201179984223,-0.2178199572990884,3611
HILIC_276.1137889_31.6331668,1.5834279648611957,0.12151562271422256,0.7599114123748713,0.9314721945338068,3612
HILIC_276.1191422_88.40447662,-0.17672640452256502,0.8606509114187448,1,-0.06535164093217138,3613
HILIC_276.1312136_26.47947494,0.02088132675702763,0.9834483099151632,1,0.01490134626627627,3614
HILIC_276.1377738_31.00774399,0.8463342633658242,0.4026029993263709,0.9669701703160376,0.6005014920240926,3615
HILIC_276.155546_156.2246258,2.804007720655552,0.007870334759557205,0.2619554217640756,0.9154876746272727,3616
HILIC_276.1806729_33.38352729,1.9872331870186863,0.054054027258421435,0.6018347046277823,0.7825141713175868,3617
HILIC_276.191825_141.4015058,0.6968949727490286,0.49006070806280344,0.9781047779839798,0.3337102986909859,3618
HILIC_276.2615231_290.0260999,1.698487580391941,0.09749529762587125,0.7175892409102419,0.6917386850324045,3619
HILIC_276.2615296_150.7204303,-1.2242682409355057,0.22829961759868814,0.8847032541873188,-0.319867894826386,3620
HILIC_276.5105112_188.0186956,0.06550081809163819,0.9481146390116864,1,0.020362701985483612,3621
HILIC_276.7824199_43.70816185,-0.06279800759274515,0.9502526764978656,1,-0.011998174806612803,3622
HILIC_276.7890859_47.74816186,-0.6341705162023833,0.529724676873487,0.9824083431236167,-0.11685762633949756,3623
HILIC_276.8716052_42.94673795,-1.5800490544982722,0.12228807010979048,0.7609623335528272,-1.1951712244616886,3624
HILIC_276.8783544_47.478886,0.2981717997647532,0.7671774143227214,1,0.06500645512286722,3625
HILIC_276.9132648_231.5708325,0.06384204170238529,0.9494267563273813,1,0.023374356284436494,3626
HILIC_276.9816734_63.81341117,0.14048054396385204,0.8890136887451107,1,0.057303242279898206,3627
HILIC_276.9889254_256.3675347,-0.6215654574327235,0.5378957156941758,0.9835127669408174,-0.3494156539908003,3628
HILIC_277.0200241_62.01781038,-0.2508802492651667,0.8032425626302747,1,-0.2840455014381785,3629
HILIC_277.0901017_50.02528463,-0.7675663729542022,0.44743298000052956,0.9745894987688215,-0.537770737991447,3630
HILIC_277.1057808_31.98333451,-0.7758257810808631,0.44259789064970023,0.9745894987688215,-0.38487105451490616,3631
HILIC_277.1225703_89.36012716,0.6947589407156896,0.4913836056143617,0.9781047779839798,0.28973366926546323,3632
HILIC_277.1398767_153.6542825,1.417367554755652,0.1644283426618659,0.8264778495909016,1.195225501710747,3633
HILIC_277.1798843_137.536557,-2.054308118491102,0.046788655515923476,0.5632565349847952,-0.6209431824802994,3634
HILIC_277.1799177_44.48083923,0.24352816086407764,0.8088909212370237,1,0.13656176374402862,3635
HILIC_277.2162674_21.05848352,2.2056538124994605,0.033456220705442054,0.4996956656890978,0.8234618268443213,3636
HILIC_277.2163617_271.5367801,-1.2947481491431883,0.20312850907581922,0.8647457759331585,-0.4932711373315175,3637
HILIC_277.8638621_54.4394181,-1.0719966160278342,0.2904041312351953,0.9329553806164996,-0.40591843954078133,3638
HILIC_277.8830824_286.8620764,0.9691171309538081,0.33854363502899676,0.9543069303606773,0.4472548222806119,3639
HILIC_277.9580278_149.2375577,0.3936500226787702,0.6960139652450006,0.9999159889500627,0.23179481575904873,3640
HILIC_277.9595756_42.23466902,-0.5563781728843931,0.5811761971351892,0.9913379189285378,-0.3221442475748006,3641
HILIC_277.96741_46.74228188,1.156745113528463,0.2545128183799851,0.906563406245264,0.8809515145168422,3642
HILIC_277.9678343_126.7009968,0.5647355521698764,0.5755338090256961,0.9913379189285378,0.5250734482291729,3643
HILIC_277.9868696_253.28463,-0.7537793428972317,0.45557312592523225,0.9753792522951469,-0.4684966220833025,3644
HILIC_278.0238075_124.8586485,0.8872111499344092,0.3804813274900849,0.9638726330536317,1.1960764999886258,3645
HILIC_278.0304591_43.23011424,0.7761407008384681,0.44241415207783874,0.9745894987688215,0.6026980072824409,3646
HILIC_278.0579222_40.38864973,-0.35666387684703926,0.7232933609158527,1,-0.26109956870734896,3647
HILIC_278.0694768_35.95916082,0.3688181024367534,0.7142864457752007,1,0.24153782671848184,3648
HILIC_278.1832447_289.3362282,1.9667352901147088,0.05646132693688831,0.6131966854334604,1.1279644357773264,3649
HILIC_278.2919226_167.2751645,-0.6508605589870404,0.5190073625687899,0.9824083431236167,-0.17946157320578032,3650
HILIC_278.5245269_124.8565821,0.8771847522499486,0.3858343317879025,0.9659917398098843,0.2369160126231305,3651
HILIC_278.6587227_170.6349637,1.949994174034182e-15,0.9999999999999984,1,2.114699101338362e-16,3652
HILIC_278.9102004_232.6693491,1.211045562700237,0.23326911575777645,0.8879258919320564,0.6591935347987269,3653
HILIC_278.9782796_190.7353112,-1.6488704878617566,0.1073222446042047,0.7299405333124399,-0.6207969247125337,3654
HILIC_278.9785762_63.48879638,-0.0843716833335538,0.9331986903299934,1,-0.04992153801038786,3655
HILIC_278.9871424_189.4332346,-0.9852946796269377,0.33063913005467405,0.9506069103298993,-1.0017777396403098,3656
HILIC_279.0224842_124.233922,0.38224608862277704,0.7043835390468531,0.9999159889500627,0.22180781165677974,3657
HILIC_279.0439548_151.4157743,0.7049627461171527,0.48508214698629404,0.9781047779839798,0.25097566545324357,3658
HILIC_279.0565161_151.8999664,-0.3318170064634383,0.7418294221525461,1,-0.13048231818619574,3659
HILIC_279.0935609_293.9789666,0.7832572712010245,0.4382741273963887,0.9745124110909839,0.46047748069433714,3660
HILIC_279.1340851_33.88826083,-0.5592745612157122,0.5792176895750947,0.9913379189285378,-0.3971156949073035,3661
HILIC_279.159279_285.234498,0.5874890462399899,0.5603097959293513,0.9897205143088817,0.11478811529234673,3662
HILIC_279.1729997_26.98894559,-0.15572088274380194,0.8770677109296127,1,-0.05864626727021315,3663
HILIC_279.1803141_285.9257826,0.4475367927759608,0.6569987887363848,0.9965858111391217,0.18529714082550267,3664
HILIC_279.2319984_21.62228175,2.5587287464100252,0.014561370204324636,0.3456114252342856,0.964337769897941,3665
HILIC_279.479987_188.3729504,-0.24314086991126999,0.809188753733792,1,-0.14618001883062356,3666
HILIC_279.6862314_278.4524072,0.15057442085602635,0.8810986017900355,1,0.06426432556891312,3667
HILIC_279.9113527_254.3544309,1.6943252318366577,0.09828991486025664,0.718134185467518,0.6762500711403224,3668
HILIC_279.920836_225.1175641,0.6855816830326805,0.49708992190967516,0.9781047779839798,0.2718338520956044,3669
HILIC_279.946869_60.3551337,0.9951155343535887,0.32590158621644594,0.9506069103298993,0.7583325859993608,3670
HILIC_279.9766433_188.2475557,-1.5906459871195409,0.11987880558176119,0.7562057595191073,-1.3997458003463705,3671
HILIC_279.9906554_189.5377359,-1.745833211506238,0.08882677750103582,0.6991326024755875,-1.3038771259851865,3672
HILIC_280.0213165_119.0092515,-0.9522035184237396,0.346941548378327,0.9573953495562125,-0.48049589372894586,3673
HILIC_280.0921051_154.4723136,0.19639230088184625,0.8453374717911952,1,0.09215098929586335,3674
HILIC_280.0967093_151.3343567,-0.0058140435027453485,0.9953911518034966,1,-0.0023190245086559176,3675
HILIC_280.0968015_288.4979443,0.44483313088123805,0.658934449022806,0.9966192045168055,0.17611350793232608,3676
HILIC_280.100609_24.68860018,-0.9282859728519623,0.35905028405798867,0.9598002651438575,-0.6894666238930405,3677
HILIC_280.1445339_24.98900902,-0.4218349571502304,0.6754947403876347,0.9996367449012522,-0.15663580734298452,3678
HILIC_280.1544936_28.39746672,-0.7396565468060856,0.464000657203286,0.977038339924947,-0.23017862997214342,3679
HILIC_280.187903_281.7881284,1.4756305368776002,0.1481858610977853,0.8011011279580893,0.8113529502633137,3680
HILIC_280.2353012_20.92943623,3.758860049775065,5.668214907314594e-4,0.06801842957036018,1.6738692139776612,3681
HILIC_280.2805382_166.1313129,-0.43254935672292427,0.6677586694452379,0.9982644021852166,-0.10224835695633898,3682
HILIC_280.390648_171.2720475,0.036075508896833725,0.9714087948675384,1,0.02575800743504297,3683
HILIC_280.478025_189.3831769,-0.900064202316818,0.3736889212794866,0.9637531830220828,-0.7330341119805566,3684
HILIC_280.483359_188.9246838,0.8214963945039218,0.4164283982308674,0.9712636476221591,0.6172682961228627,3685
HILIC_280.8185855_43.57992684,0.03464904653193261,0.972538846583806,1,0.00476375004901148,3686
HILIC_280.8265813_47.28206425,-0.5495389069604167,0.5858135758515202,0.9913379189285378,-0.0713112273671421,3687
HILIC_280.9743159_188.7089882,-1.0022846919083797,0.3224723123093425,0.9503055005244969,-0.6005042805698559,3688
HILIC_280.9797712_189.0811788,-0.6364368307134863,0.5282625566178971,0.9824083431236167,-0.4080556452388101,3689
HILIC_280.9850987_189.299408,0.9994521539547707,0.32382428605720814,0.9506069103298993,0.3943260404897606,3690
HILIC_280.986719_49.73864566,0.9261678922232234,0.3601357632738025,0.9608881797217599,0.24710134768444145,3691
HILIC_280.9934505_233.1245744,-1.1878457474212099,0.24218016553755237,0.8968418665666728,-0.47166126875700587,3692
HILIC_281.009049_39.84637926,-1.5255652461351439,0.1353025121907336,0.7749188722261848,-0.47823186482529556,3693
HILIC_281.05134_168.1423763,-0.39854650147909215,0.6924320430237788,0.9999159889500627,-0.1171280252675619,3694
HILIC_281.051427_291.3883705,1.2490169370477477,0.2192096996409529,0.8764295700285223,0.4433047916307888,3695
HILIC_281.1058256_46.88159927,0.5470954890618792,0.5874746583891486,0.9913379189285378,0.5485169119261614,3696
HILIC_281.1134032_28.92918399,-1.1531414667183433,0.2559706691624263,0.9085114391831796,-0.7486478728005728,3697
HILIC_281.1578612_29.43659949,-0.1578488805630726,0.8754019492942267,1,-0.08067728652213824,3698
HILIC_281.1747214_276.8292784,0.5544238751433939,0.582499490019954,0.9913379189285378,0.21539178403592252,3699
HILIC_281.1902488_25.92743298,2.0787598613877463,0.04436079368514941,0.5517606452510946,1.3948316374617065,3700
HILIC_281.1987068_47.0249874,-0.8182846680658039,0.41823716291332547,0.9715960129104287,-0.34700478155118303,3701
HILIC_281.2088144_51.05860532,-0.2565594895044219,0.7988866799242595,1,-0.08895587737755535,3702
HILIC_281.2475917_21.65925516,3.8737554961517464,4.047506775714134e-4,0.06449274285828956,1.837125519348562,3703
HILIC_281.2476031_130.1167584,0.3732486178836076,0.7110133843547545,1,0.09497225818944341,3704
HILIC_281.5213738_206.607124,0.44398211031835855,0.6595442214166537,0.9968021749030789,0.17002440402766522,3705
HILIC_281.700378_58.19793121,1.3295801753050243,0.19149125789261248,0.8507713974810356,0.5884947579384646,3706
HILIC_281.8219311_43.7244617,1.236010531472104,0.2239525789003848,0.8799075082512211,0.3513715035319486,3707
HILIC_281.8693053_257.4608395,0.21587070671135541,0.8302296460157075,1,0.058705060417571245,3708
HILIC_281.9601216_168.8915249,0.708273938319556,0.48304710432434694,0.9781047779839798,0.39690266961088483,3709
HILIC_281.9777653_188.8206986,0.36254898971509497,0.7189271156832299,1,0.23393113180136124,3710
HILIC_282.0124419_39.93850852,-1.4948065785508604,0.14312753427510608,0.7886824144026365,-0.5198556886606246,3711
HILIC_282.0578043_132.5935807,-1.0377611543954743,0.3058636820088272,0.9402374180413365,-0.7978701289001798,3712
HILIC_282.1197451_49.32227565,0.0016430458457737998,0.9986975348299522,1,3.3056076972826624e-4,3713
HILIC_282.1700904_23.57371893,-0.311147380900348,0.7573692817988871,1,-0.5805400696347752,3714
HILIC_282.1793339_43.95260669,-0.29073061177283893,0.7728198041762812,1,-0.09203110085312133,3715
HILIC_282.2018961_72.00253765,-1.9358967555035906,0.060257577902789426,0.6265033413982938,-1.3272157751611566,3716
HILIC_282.2218493_132.9171146,-2.9726465423425075,0.0050732495769055044,0.2177616143529658,-1.1908017311761445,3717
HILIC_282.2218826_294.1065547,0.6924533798554193,0.4928137305500072,0.9781047779839798,0.23942655101444416,3718
HILIC_282.2509746_20.64833924,3.779212988046813,5.341341750815087e-4,0.0671313570817816,1.7608652008410093,3719
HILIC_282.4613389_257.2229075,1.1896413635141647,0.24148170189635151,0.8965589582842357,0.4834945517951828,3720
HILIC_282.8161611_43.65189561,0.04343879176725028,0.9655765604944403,1,0.0059104350510098365,3721
HILIC_282.823598_47.10708088,-0.1978779258217583,0.8441830305126816,1,-0.024272574928008894,3722
HILIC_282.9732495_125.9921824,-0.31135009991378354,0.7572163651217558,1,-0.2035332133986552,3723
HILIC_282.9918141_169.2431906,0.9683622562480004,0.338915528975391,0.9543069303606773,0.5329443328659196,3724
HILIC_283.007484_38.53216122,-1.3382633587046475,0.18867114353883113,0.8493817236871323,-0.4449646541458444,3725
HILIC_283.027986_61.14449648,-0.24038399932398918,0.8113096558585301,1,-0.07254002052758686,3726
HILIC_283.0368628_170.9239962,0.05267314736454955,0.9582650492701112,1,0.0328812412995346,3727
HILIC_283.0417372_67.27934341,-0.3402590845600832,0.7355134037850128,1,-0.1525193699365318,3728
HILIC_283.0613226_133.2533709,-0.2297009885384948,0.8195417221483114,1,-0.16230409317155836,3729
HILIC_283.0700279_62.25338274,2.6987937902297486e-15,0.9999999999999978,1,4.890850285479308e-16,3730
HILIC_283.0902564_65.08189217,-0.8489761518112439,0.4011494622571532,0.9669701703160376,-0.7337793131687307,3731
HILIC_283.107225_28.07410003,-0.2881360655196805,0.7747901132602196,1,-0.2562888655385254,3732
HILIC_283.1166106_41.06562515,0.9443235464635487,0.3509007723903127,0.9578247927857968,0.7676474380342695,3733
HILIC_283.122448_60.35636987,-0.2556915969015718,0.7995519219313107,1,-0.1543784259871703,3734
HILIC_283.1631175_56.13709837,0.21136243206634506,0.8337207766082764,1,0.24908660509031888,3735
HILIC_283.1751513_26.76779402,0.7214341026154529,0.475006759098377,0.9781047779839798,0.46760331163381996,3736
HILIC_283.1751757_287.2257938,2.7682352298215336,0.00862453735697718,0.270839957509612,1.0154202364066625,3737
HILIC_283.1905914_288.7061997,0.3828635542171404,0.7039294033047805,0.9999159889500627,0.15010112211025398,3738
HILIC_283.2246251_48.59008451,-1.1531301825241373,0.25597524362047513,0.9085114391831796,-0.17864148658315065,3739
HILIC_283.2251286_276.9507672,0.2018081670139038,0.8411306239630661,1,0.044241027689419544,3740
HILIC_283.2252326_133.2565809,-0.5011469889636105,0.619124802774289,0.9946591876861559,-0.1245510897597369,3741
HILIC_283.2633324_33.90818262,4.264487854273461,1.2571645509078008e-4,0.042559105754374195,2.562517105944262,3742
HILIC_283.4655271_163.1611158,1.4000910866161123,0.16950372592135046,0.8316096347034753,0.7798063008324095,3743
HILIC_284.0062878_52.43179835,1.9068136062365229,0.06403721416719232,0.637285146605545,0.5903112187328636,3744
HILIC_284.0450814_66.93042156,0.6041845476251102,0.5492695452660034,0.9857989553982086,0.6063833384101585,3745
HILIC_284.0537221_133.8968274,-1.3483569191562415,0.18543310501517887,0.8470418680997336,-0.8248476418020787,3746
HILIC_284.0594154_63.65836133,0.7869425596600078,0.43613936030317124,0.9745124110909839,0.7790123014884524,3747
HILIC_284.0644902_43.57960291,1.6914866052014,0.09883490304791048,0.718134185467518,0.5755148675993378,3748
HILIC_284.064515_133.748206,-0.08828385774718135,0.9301092888480197,1,-0.12373320899249704,3749
HILIC_284.0799047_81.62305792,-1.3316901196007973,0.19080304518025118,0.8507713974810356,-0.4748085434198552,3750
HILIC_284.1280243_23.78789253,-0.6685522119789317,0.5077751952239138,0.9792480731462698,-0.45628624264462764,3751
HILIC_284.1342896_29.42835364,0.045256760826569056,0.9641368840506825,1,0.030116057129853685,3752
HILIC_284.166476_56.80137836,-0.9096295339121249,0.3686849049239811,0.9637531830220828,-0.835886502591448,3753
HILIC_284.1784618_27.46503265,1.0466325497070201,0.3018042072041439,0.9397496500337139,0.8222001024575658,3754
HILIC_284.1857617_26.4325293,1.1301167361283075,0.26542770980608044,0.9154488081346923,0.5995175561422995,3755
HILIC_284.2278128_53.92442845,-0.3491774794709125,0.7288611619883257,1,-0.0771408630091102,3756
HILIC_284.266661_18.90257942,3.242824563142168,0.002449089632877417,0.13990981139092443,1.8108436508269308,3757
HILIC_284.2667531_286.0289187,0.6824665077009892,0.4990352148119306,0.9781047779839798,0.23304843027832198,3758
HILIC_284.2950428_163.268164,-1.3839065774114023,0.17436830805575682,0.834640816827064,-0.4145091373968428,3759
HILIC_284.2951164_293.2661722,0.47841742594323877,0.6350623395247206,0.9951949480232779,0.17912297806793348,3760
HILIC_284.4512153_170.9084938,0.13912178672544362,0.8900800520673706,1,0.059209410644343236,3761
HILIC_284.4901677_209.4854339,2.3072114525687124,0.026518889690221047,0.4579201795426374,0.8075118546249793,3762
HILIC_284.6621989_173.0706008,-1.0208178977551665,0.3137209295427213,0.9421850854569164,-0.4032544332561058,3763
HILIC_284.8140893_43.35849319,0.32574745901429714,0.7463816346412643,1,0.04836802735069081,3764
HILIC_284.8206448_46.76301099,-0.30897210748163145,0.7590107720854344,1,-0.07497768574208535,3765
HILIC_284.8369431_41.91769462,-0.8448354379276342,0.4034290932943818,0.9669701703160376,-0.5679843138598089,3766
HILIC_284.8998281_250.0902982,-0.008112501833327021,0.9935691769813679,1,-0.0021510507201373376,3767
HILIC_284.910575_36.67964595,1.3271705588428016,0.19227953611520235,0.8515234707275139,0.2824238680336299,3768
HILIC_284.9108178_280.4725069,0.3402987971714707,0.7354837359058577,1,0.20178692968229991,3769
HILIC_284.9711038_129.8597374,0.486823814343164,0.6291468904712854,0.9947980550876518,0.449222723125153,3770
HILIC_284.9936263_59.43783149,-0.05797905566756504,0.9540655847732088,1,-0.07273118320308974,3771
HILIC_284.9952421_187.9724388,-0.661573914302471,0.51218972100749,0.980797573128938,-0.6263498056544109,3772
HILIC_285.0028754_45.27038319,-1.1163083619099134,0.27121791378779025,0.919604667683454,-0.17478091627511386,3773
HILIC_285.0410352_162.8622974,-0.6939965979933018,0.4918562255450898,0.9781047779839798,-0.4444612392298049,3774
HILIC_285.0569416_133.8410952,-0.910552390199651,0.36820442310525536,0.9637531830220828,-0.6449859400253283,3775
HILIC_285.1002752_35.85514483,-0.20629719016045003,0.8376472786468214,1,-0.17445036576218226,3776
HILIC_285.1123324_26.54609715,-0.643661282044585,0.5236159806023176,0.9824083431236167,-0.3822612800602264,3777
HILIC_285.1195842_148.8134212,1.2717034078801954,0.21111699571639464,0.8683661493536527,1.521935713778651,3778
HILIC_285.1233902_25.35489916,-0.4500759456748919,0.6551830823248121,0.9965858111391217,-0.5549069750230513,3779
HILIC_285.1849769_288.2702267,-0.7772507540875818,0.44176685809921845,0.9745894987688215,-0.22948876108307464,3780
HILIC_285.188783_24.18391991,0.7385058408363335,0.46469127495094986,0.977038339924947,0.5877795785559526,3781
HILIC_285.2061249_287.257946,-0.7014217206604184,0.4872637743251571,0.9781047779839798,-0.2787984447912047,3782
HILIC_285.2577143_23.19395903,-0.25998825154181404,0.7962600127473183,1,-0.16519495662962821,3783
HILIC_285.4932592_124.7070758,-0.2807168336637534,0.7804325908857814,1,-0.2270665524109933,3784
HILIC_285.9032064_53.30650118,-0.7143155757371762,0.47934639191145867,0.9781047779839798,-0.3322051980512691,3785
HILIC_285.9677885_61.33975385,-0.576251030612129,0.5678036069338624,0.9913379189285378,-0.23075961982493126,3786
HILIC_285.9889797_65.15185215,-0.9794038605429262,0.3335029575125942,0.9523228101868886,-0.9213831765922574,3787
HILIC_286.0006115_46.46630793,1.0375261433094145,0.30597173037521375,0.9402374180413365,0.5195656465486571,3788
HILIC_286.0086942_159.3050323,0.2970852070742944,0.7680005479259857,1,0.24609243210292575,3789
HILIC_286.0088001_288.9851296,1.0487185411528592,0.3008551120664544,0.9396681966123791,0.6343570991748153,3790
HILIC_286.0649668_125.0116173,0.9056559864714702,0.3707583468427683,0.9637531830220828,0.3202332660247593,3791
HILIC_286.0725056_253.719685,0.6925095945405957,0.49277883337694606,0.9781047779839798,0.31529017912653873,3792
HILIC_286.1021687_54.2190153,1.6576943729356277,0.1055172506899873,0.7270102455490702,0.6207025155445723,3793
HILIC_286.1170073_34.84519779,-1.6831195436767765,0.10045589717056906,0.718134185467518,-1.2104864097572532,3794
HILIC_286.1289278_36.52490755,0.3810534148601375,0.7052610409851088,0.9999159889500627,0.3682243541612535,3795
HILIC_286.1397795_64.87857837,0.6257191984886424,0.5351958653822938,0.9833164118236528,0.6655659091992221,3796
HILIC_286.1438563_23.02062055,-0.3718766890686302,0.7120263140620771,1,-0.3547308409308316,3797
HILIC_286.2014643_25.92957424,-0.21088351910514228,0.8340918402188556,1,-0.05071575954986314,3798
HILIC_286.3307942_171.0636281,0.07985077151216186,0.9367701050975483,1,0.019411268335790856,3799
HILIC_286.6652295_171.8532038,-0.5391355142465287,0.5929016553985399,0.992063585718507,-0.08333333333333372,3800
HILIC_286.7716895_49.48065595,-0.9108632485639168,0.36804266707293665,0.9637531830220828,-0.2686574399613734,3801
HILIC_286.9064714_23.46072001,-1.76499109526131,0.0855073367926665,0.6962067550962847,-0.2895844311755931,3802
HILIC_286.9321794_50.58606636,-0.21791173287458868,0.8286502505875164,1,-0.059108759545992526,3803
HILIC_286.9423054_233.3186826,0.42520948337635184,0.673054350192627,0.9996367449012522,0.10947848806854137,3804
HILIC_286.9499309_255.6738798,0.4241283900420132,0.6738357874557361,0.9996367449012522,0.27237316898581243,3805
HILIC_286.9519641_59.54972616,-1.3259092832273585,0.19269313526617465,0.8515234707275139,-1.53455550228404,3806
HILIC_286.9627735_169.8463582,-1.2108951357923117,0.2333261061069925,0.8879258919320564,-0.47768451598968487,3807
HILIC_286.9865133_220.1978657,2.113019612074075,0.04114518398527424,0.536423933949094,0.7628672971627561,3808
HILIC_286.9891849_127.3789644,0.6914083718306165,0.4934627053305414,0.9781047779839798,0.36886144131838855,3809
HILIC_286.997943_46.32373898,0.7042647427465276,0.4855117516187708,0.9781047779839798,0.3613765091120019,3810
HILIC_287.0018523_189.5189038,-0.6365454888181095,0.5281925092015356,0.9824083431236167,-0.2864643694803821,3811
HILIC_287.0285422_113.8904665,0.0022644994444043303,0.9982049007112258,1,0.0015423092807294381,3812
HILIC_287.036086_27.28614732,-0.45365733888244514,0.65262568727947,0.9965858111391217,-0.36216123496525254,3813
HILIC_287.0552534_255.4507177,0.2486751138673976,0.804935586818707,1,0.11116251971501886,3814
HILIC_287.0999967_30.19186718,-0.5123540341825185,0.6113339773002631,0.9928201179984223,-0.3622164867172638,3815
HILIC_287.1099306_74.17963278,0.6193534306667227,0.5393363847129005,0.983683589406213,0.42859349371057204,3816
HILIC_287.1392292_24.82056248,0.8925093004959098,0.377671933644423,0.9637531830220828,0.6615967678051854,3817
HILIC_287.1471641_23.22991072,-0.7581465955350088,0.4529852765173086,0.9750316892785739,-0.5835737892465183,3818
HILIC_287.1968784_54.4529621,-0.013912753657263235,0.9889715276717639,1,-0.01701601251713382,3819
HILIC_287.2047631_25.83235604,0.39299453966096953,0.6964940084701967,0.9999159889500627,0.10438296483370234,3820
HILIC_287.2444573_280.4705591,1.4190295740914722,0.1639464224131448,0.8259606694845497,0.6691158926986597,3821
HILIC_287.2582463_282.4647159,0.6220823700272373,0.5375593458106223,0.9833164118236528,0.37399692807668916,3822
HILIC_287.9001919_53.4164986,-1.1571353933980055,0.2543552921520541,0.906563406245264,-0.626362196658793,3823
HILIC_287.9375315_58.47675752,0.02511723722780071,0.9800913571811105,1,0.011532227229286473,3824
HILIC_288.0040347_288.6887899,-0.9806646377268297,0.3328886343093912,0.9523130286716972,-0.38311704034336913,3825
HILIC_288.0587441_176.140295,-0.7333250517032965,0.467807974283752,0.9777549229263227,-0.24010197982351178,3826
HILIC_288.1192127_96.23320733,1.1144592645869864,0.2720000661660012,0.920680740314505,0.3618205228123402,3827
HILIC_288.166908_148.7211778,0.6162328626296237,0.5413721877085792,0.9844101439284977,0.38418445155273195,3828
HILIC_288.1999844_54.57129514,-0.3633173178940508,0.7183577819523688,1,-0.3319445764116543,3829
HILIC_288.2171101_24.58903435,2.3553216577797946,0.02370735966369604,0.43556851625430787,0.8065406217356881,3830
HILIC_288.7688216_49.37574436,-0.6629824308201139,0.5112970093683655,0.980797573128938,-0.17315783869582518,3831
HILIC_288.9235661_207.0027449,-0.8364561723399411,0.4080668277109636,0.9676316311691489,-0.5171286248323869,3832
HILIC_288.9291329_49.89152179,0.08046375328664335,0.9362857846396792,1,0.023407316122344247,3833
HILIC_289.0074866_282.5167044,1.1488137985557965,0.25772937865072154,0.9092796133090685,0.8765919148690889,3834
HILIC_289.0409188_45.90473863,0.5338649417938086,0.5965081504635952,0.9924074341965825,0.1741862109886496,3835
HILIC_289.0412654_141.3098152,1.865093430106226,0.06981330464906109,0.657142405274235,0.8064804599543427,3836
HILIC_289.0611952_287.31262,1.7317948065879514,0.09132712357530534,0.706424968669644,0.8534260166028111,3837
HILIC_289.1188948_24.99408765,-1.2489142137841096,0.2192468625214572,0.8764295700285223,-1.126939160641047,3838
HILIC_289.1413239_43.57989376,-1.3559899310385064,0.1830129104759988,0.8460463584863603,-0.188317984379944,3839
HILIC_289.1509527_99.05722458,-0.9202737398854631,0.3631676708325211,0.9633639059453812,-0.5172070101310303,3840
HILIC_289.1759672_72.12981232,1.0291948578333057,0.30981910686335545,0.9421850854569164,0.7468841706816298,3841
HILIC_289.2203761_24.05072136,1.9104446674189253,0.06355446821475384,0.6364623835971484,0.8187090420534946,3842
HILIC_289.2738856_288.8707,0.48899055607642566,0.627626167236979,0.9947980550876518,0.18083783361330155,3843
HILIC_289.931331_44.53536664,-0.20560891223528807,0.8381811485894883,1,-0.19357695401262473,3844
HILIC_289.936079_64.23561523,-0.7038396248103239,0.48577350654537965,0.9781047779839798,-0.5998905566884832,3845
HILIC_289.9673462_167.7650473,0.48540920102040586,0.63014061731531,0.9947980550876518,0.29324786282181303,3846
HILIC_289.9755916_62.83456257,2.3063676566998255,0.026570766908609992,0.4579201795426374,0.7315664873183865,3847
HILIC_289.9933239_122.9156469,-1.1768467301329262,0.24649084236229593,0.9005362363839727,-0.8785501835789612,3848
HILIC_290.0389201_127.6271982,-0.3707025860141895,0.7128936037294533,1,-0.28950200156029554,3849
HILIC_290.0595202_27.30461958,-0.4055569910336726,0.6873160972325452,0.9999159889500627,-0.19726512236155852,3850
HILIC_290.1216355_24.11060353,-0.15419777070567628,0.8782603259677638,1,-0.14111057156034806,3851
HILIC_290.1462162_112.1013821,-1.3497570899691276,0.18498732042297167,0.8467345678477594,-1.0671431241372882,3852
HILIC_290.1599848_37.86740863,0.20182598306962582,0.8411167928050224,1,0.07572092466055541,3853
HILIC_290.766021_49.32491265,-0.5136281495875205,0.6104511119315206,0.9928201179984223,-0.1442771603744041,3854
HILIC_290.8474362_42.72437632,-0.3727978410485779,0.7113461458867261,1,-0.12638723747728248,3855
HILIC_290.8552802_46.82744699,0.6319437453749337,0.531163365149077,0.9824083431236167,0.21101643555238034,3856
HILIC_290.9279939_42.48313814,0.4971342719653568,0.6219252450634067,0.9947980550876518,0.39380102494364894,3857
HILIC_290.9325632_41.72556078,-1.6079637187678184,0.11602481933627326,0.7448916680722734,-1.091069772392544,3858
HILIC_290.9899561_127.4260755,-1.410930073962867,0.16630543051452834,0.8274419139233609,-1.1503572252558756,3859
HILIC_291.01243_272.5363327,1.5796351593746343,0.12238296362403815,0.7610366319338615,0.6403276790896183,3860
HILIC_291.0646156_67.94309823,1.551432827806956,0.1289910020702912,0.7684674412302901,1.022988437064776,3861
HILIC_291.1016359_23.59431553,-0.03128740643862557,0.9752021797013379,1,-0.013338804164458075,3862
HILIC_291.1064927_63.59028231,-0.7273325664094471,0.4714279505967901,0.9781047779839798,-0.6504463253352814,3863
HILIC_291.130234_149.9731254,1.2959454976113758,0.20271978356832898,0.8647457759331585,0.6309832161976082,3864
HILIC_291.1703478_24.71514681,-1.0288336518055146,0.30998665932281355,0.9421850854569164,-0.7191974046402004,3865
HILIC_291.1931631_52.04089146,0.22139866301868089,0.8259536481745897,1,0.10095947308352927,3866
HILIC_291.2165431_294.1172354,0.26401354238697966,0.7931794246415694,1,0.10561199849515264,3867
HILIC_291.2167805_120.8573791,-0.022623277204032805,0.9820677763825272,1,-0.00971280768341595,3868
HILIC_291.4621289_170.3595614,-0.6227517629591389,0.5371239158362154,0.9833164118236528,-0.15693258431862336,3869
HILIC_291.476494_182.6719831,-0.353735203832532,0.7254696877855387,1,-0.14818259507740356,3870
HILIC_291.5298943_129.9847578,-0.02900492986213095,0.9770106875521581,1,-0.018251132330267338,3871
HILIC_291.8508849_42.5003244,2.30790315633271,0.026476431047722012,0.4579201795426374,1.3061170301614349,3872
HILIC_291.8638239_35.20921935,-0.8191221659644026,0.41776504199502573,0.9714168272962488,-0.7986029483958551,3873
HILIC_291.9267469_34.66531417,-1.7682351412502233,0.08495569343848072,0.6959761542836904,-2.294184917489864,3874
HILIC_291.9382677_253.6309364,1.0756822941071484,0.2887729597245519,0.930363967095018,0.4719066669428611,3875
HILIC_291.9654499_35.36690719,1.6085579452154852,0.11589439339990987,0.7446629530930814,1.9908365460383326,3876
HILIC_291.9658166_175.1558388,0.23857118875597486,0.8127050643243705,1,0.26549196885579535,3877
HILIC_291.9748151_44.82938677,-0.19243251409859047,0.848416201096072,1,-0.09118697301951001,3878
HILIC_292.0156577_275.2017114,0.9512420662079307,0.3474230329985192,0.9574386235069654,0.6427911653006018,3879
HILIC_292.0752634_27.36417295,-0.5698219211719864,0.5721130218178796,0.9913379189285378,-0.29609458098134905,3880
HILIC_292.1028891_65.04259257,2.7171770467471292,0.009817789192022124,0.2857418246188054,1.2318884785989006,3881
HILIC_292.1029042_235.0023167,1.5103404953807231,0.13913169963566796,0.7828389046734362,0.5270780464000815,3882
HILIC_292.1141907_91.97638324,-0.09009352514515219,0.9286805815120586,1,-0.02966150052701244,3883
HILIC_292.2200686_283.6976189,0.7122107486475424,0.480633843094466,0.9781047779839798,0.36812237212542714,3884
HILIC_292.3341767_173.2399223,-0.7211060915680095,0.47520622909263843,0.9781047779839798,-0.15035019869593852,3885
HILIC_292.7634289_46.50491032,1.2381031346153313,0.2231843890043113,0.8799075082512211,0.5159216701444483,3886
HILIC_292.8455234_42.68595756,-0.11652826043067425,0.9078404146216634,1,-0.04040043061165106,3887
HILIC_292.8522096_46.08023573,-0.7908513470054823,0.43388194940357816,0.9742203846590763,-0.36342731183815796,3888
HILIC_292.8985985_216.8301924,0.6947604652214695,0.4913826607398952,0.9781047779839798,0.37134546210763725,3889
HILIC_292.9400896_49.44082352,-0.030114788897454496,0.9761312808649069,1,-0.012112165869570004,3890
HILIC_292.9557256_64.21733846,-0.11486601239902314,0.9091490861118765,1,-0.08941477417454628,3891
HILIC_293.0077676_277.9980029,0.8521111206922745,0.3994288930848746,0.9669701703160376,0.17818156461194726,3892
HILIC_293.0359763_31.86112361,0.8696671086654673,0.3898791427837158,0.9669701703160376,0.5246252901064897,3893
HILIC_293.0568035_51.03347329,2.546690603651174,0.014996444478368641,0.3510430506621,2.2000745171764313,3894
HILIC_293.0882664_81.65072754,0.17131128646800955,0.8648774019575897,1,0.06966100637584545,3895
HILIC_293.1107345_81.82269489,0.38526693712786125,0.7021628009361347,0.9999159889500627,0.41164690514390767,3896
HILIC_293.1303063_83.11011182,0.7609377660847882,0.4513358749092605,0.974637332621922,0.5200329560352414,3897
HILIC_293.1747359_284.7120529,0.6662753908499226,0.5092132452861091,0.9800000102223171,0.2861249291734202,3898
HILIC_293.1960995_286.7895359,-0.005379497611843336,0.9957356169631484,1,-0.001712047869966806,3899
HILIC_293.2112534_285.1811251,0.048734590879697344,0.9613830819912763,1,0.020585094915995535,3900
HILIC_293.8489491_42.09111042,0.1141082012267744,0.9097457886583726,1,0.09795565276336231,3901
HILIC_293.960665_35.48292223,1.7590281934887158,0.08652916516925786,0.6962067550962847,1.032410622669236,3902
HILIC_293.9713277_128.712392,-1.2995456271754064,0.20149459850404836,0.8636226484729774,-0.7852894699439066,3903
HILIC_293.9884437_170.6156117,-1.8394380187681434,0.0735815526520884,0.6716828542500342,-0.8760670994205882,3904
HILIC_294.0717006_29.468817,1.0555502650270223,0.29776125806550496,0.9388638086478203,0.8295465295266725,3905
HILIC_294.1111185_79.39648063,0.5268052879769295,0.6013550639057184,0.9928201179984223,0.2989966438225495,3906
HILIC_294.1185703_23.52211008,-0.7824227203187545,0.4387584212407193,0.9745124110909839,-0.5037297050211791,3907
HILIC_294.1600737_23.29394349,-0.2520318329843665,0.8023587985234246,1,-0.2351086368413674,3908
HILIC_294.8435904_42.40670825,0.7463872984266273,0.4599729890939801,0.9755657681934743,0.42093936961972556,3909
HILIC_294.9389038_58.4874364,-0.5887237425939013,0.5594895133673436,0.9891348092350075,-0.19880579781156357,3910
HILIC_294.9826498_189.7866642,-3.0770587192543295,0.003842027727125997,0.18744799873648887,-1.610154526338552,3911
HILIC_295.0884975_276.7584611,0.2119743040147529,0.8332467518756869,1,0.12786609553859046,3912
HILIC_295.2269683_270.9762491,-0.2099820334949489,0.8347904188754603,1,-0.054823530411429525,3913
HILIC_295.3957504_204.071287,-1.068786692129946,0.29182998910317515,0.9340589136386561,-0.4932555324982397,3914
HILIC_295.8936307_294.0738327,-0.40657328816605726,0.6865756749330223,0.9999159889500627,-0.15084781972476527,3915
HILIC_295.9424268_58.97300897,-0.37763464711244477,0.7077786327802735,0.9999159889500627,-0.13789488892099772,3916
HILIC_295.9982782_194.3076773,0.7908104206493634,0.43390554885778887,0.9742203846590763,0.3773838719594765,3917
HILIC_296.009525_58.48269622,-0.7719690659853634,0.4448517512660739,0.9745894987688215,-0.38721599355566405,3918
HILIC_296.0646022_35.87037478,1.4616982078818133,0.15194923395349685,0.805855527144555,1.2030869148765182,3919
HILIC_296.1056429_81.71832463,-0.02516434464075853,0.9800540265722619,1,-0.011775716838169288,3920
HILIC_296.1493968_30.35248437,-0.06875955355907849,0.9455373590843532,1,-0.03925188030099441,3921
HILIC_296.8005848_45.47097641,1.0696227086659262,0.29145815793690283,0.9340589136386561,0.5210980760206492,3922
HILIC_296.9177801_40.81406699,-1.052218450874333,0.2992673521284037,0.9392638295536324,-0.67347868770115,3923
HILIC_296.9439148_55.38029786,-0.10040445413517797,0.9205449467880774,1,-0.04182201041821611,3924
HILIC_296.9609031_49.8423683,0.3697389598799371,0.7136057061856869,1,0.27165956050479784,3925
HILIC_296.971022_219.7003355,-0.3960787787057055,0.6942363695293803,0.9999159889500627,-0.11415156028088055,3926
HILIC_296.9888989_188.6051239,-1.33703925919201,0.18906676692435057,0.8493817236871323,-0.7772727952700711,3927
HILIC_297.0244824_153.8430001,-0.3295827703207373,0.7435040366408537,1,-0.2131494467654737,3928
HILIC_297.0334355_161.3308663,2.3821113647562537,0.022260995075343334,0.4244273204202801,1.204231196911406,3929
HILIC_297.0496159_124.9504654,-0.22587126632376495,0.8224979057548576,1,-0.1246109880943251,3930
HILIC_297.0825705_293.2440286,0.005860653891624589,0.9953542037322947,1,0.001936614549202279,3931
HILIC_297.124093_24.14280501,0.2291638391428482,0.8199561910981317,1,0.15922933384009894,3932
HILIC_297.1470893_33.15744236,-0.3379727404322545,0.737222140239767,1,-0.19998000461089063,3933
HILIC_297.1544478_28.22824945,0.774715980550463,0.4432457604785429,0.9745894987688215,0.7441576043200453,3934
HILIC_297.1851089_28.54583112,-0.5006203724740299,0.6194919979108087,0.9947734047248094,-0.20140524666051626,3935
HILIC_297.1851415_285.8993326,-0.41409096364470677,0.6811084271771731,0.9999159889500627,-0.3500972153218745,3936
HILIC_297.2043275_45.3549748,-0.6264893725901248,0.5346960486990977,0.9833164118236528,-0.28830871202098785,3937
HILIC_297.240918_45.23283418,-0.6939838101389634,0.4918641556303681,0.9781047779839798,-0.1125261903920348,3938
HILIC_297.2425738_263.2652935,0.759497636773939,0.45218645698411997,0.9750316892785739,0.19874368360063233,3939
HILIC_297.550371_124.0261423,1.3214458203271184,0.1941622581316724,0.8530657861108915,0.6144048092889028,3940
HILIC_297.8869664_250.5058514,0.6270204407608019,0.534351546228758,0.9833164118236528,0.17631818455375634,3941
HILIC_297.9521417_188.619013,-2.2235215794513072,0.03212941522038198,0.49528647988607655,-1.9911212287607343,3942
HILIC_297.9922181_188.4095128,-0.2926294541880483,0.7713787786322869,1,-0.2661945087308336,3943
HILIC_298.0052569_118.8812182,-1.2306885809828967,0.22591510471474077,0.8822088727488385,-1.0773881421490452,3944
HILIC_298.0251508_56.60360538,1.2385302846531745,0.2230278242785234,0.8799075082512211,1.0184018494351665,3945
HILIC_298.0527787_130.1566152,-1.098168856836677,0.2789601526734806,0.9269170893613327,-0.38455154433532457,3946
HILIC_298.0972108_202.8387849,-0.04331827592666606,0.9656720029378794,1,-0.019887729378300748,3947
HILIC_298.101098_89.90079823,0.2836610484960815,0.7781919974717793,1,0.24662164310953175,3948
HILIC_298.1150917_48.43597924,-1.5825123903810798,0.12172453804345415,0.7602330485297332,-1.131198293946325,3949
HILIC_298.1439103_25.27189942,0.11809816070626931,0.9066046862479262,1,0.07882378981863124,3950
HILIC_298.1579501_28.7444369,0.9613633048199217,0.3423765777577453,0.9550137755006265,0.9720005233315493,3951
HILIC_298.1873883_297.0238274,0.26984713396714827,0.7887208890391758,1,0.24987712796830053,3952
HILIC_298.1875424_29.8147807,-0.16149687147197608,0.8725477008034497,1,-0.06446402942114668,3953
HILIC_298.2435845_52.83617765,-0.9795763035724698,0.33341888848899814,0.9523228101868886,-0.21288793837968628,3954
HILIC_298.4522514_253.2164963,-0.20379491566604488,0.8395885642669334,1,-0.24192574937352382,3955
HILIC_298.4535354_188.5130229,0.645125598358136,0.5226768336135252,0.9824083431236167,0.660796875671434,3956
HILIC_298.4707979_168.810556,0.5479956477574324,0.5868624496242281,0.9913379189285378,0.3563285989992472,3957
HILIC_298.4973558_125.4941605,0.2121726499372685,0.8330931043606169,1,0.10239804476016119,3958
HILIC_298.9552976_188.4784735,1.262929380561674,0.2142198366798191,0.8707291006533612,0.7327896761595653,3959
HILIC_298.9865469_227.7192153,-0.43634718763204755,0.6650252677038311,0.9978767801948073,-0.15188401352398326,3960
HILIC_298.9878908_51.45472067,-2.3804150649118716,0.022350157883628933,0.4244273204202801,-1.1174270046520152,3961
HILIC_298.9957948_191.8431308,-0.12312190096970732,0.9026519028135869,1,-0.08640487320175572,3962
HILIC_299.0017391_62.36279966,-1.348198934497744,0.18548345576703967,0.8470418680997336,-0.8962630124024331,3963
HILIC_299.0403142_173.35724,-0.021913231235899198,0.9826304967258066,1,-0.019123090616041585,3964
HILIC_299.045663_102.8948517,-0.10327454562023929,0.9182818565540265,1,-0.04105497533770678,3965
HILIC_299.0619061_284.8032897,1.7605579654979961,0.08626604433866288,0.6962067550962847,0.534607691318765,3966
HILIC_299.1348222_163.528516,0.5210449093318593,0.6053235778045734,0.9928201179984223,0.27718028385862603,3967
HILIC_299.1387528_25.53598919,0.15498627755327452,0.8776428795913276,1,0.05758545269014054,3968
HILIC_299.1474012_25.48547659,0.5125491642987554,0.6111987288005181,0.9928201179984223,0.28830226615633525,3969
HILIC_299.1908762_29.94792242,-0.07395522064267697,0.9414294285954115,1,-0.06099492573195394,3970
HILIC_299.1984285_43.98949717,-1.7094829086621757,0.09542185996357352,0.7128280646827104,-0.2615904769990138,3971
HILIC_299.2580711_276.4087631,1.2969951360213818,0.2023619926727658,0.8647457759331585,0.4413105848056055,3972
HILIC_299.2581519_145.5240667,0.4521729105634488,0.6536851726476781,0.9965858111391217,0.12453251062266822,3973
HILIC_299.2732916_23.0105477,0.020009783279538,0.9841390466413017,1,0.016537928740390784,3974
HILIC_299.4573212_192.112676,-0.655611882694274,0.5159777696285776,0.9824083431236167,-0.32707724966316526,3975
HILIC_299.4683785_255.6424347,-0.24830938680245718,0.8052164711754828,1,-0.20544402342365822,3976
HILIC_299.4960581_126.5853966,-0.62685751496564,0.5344572233625009,0.9833164118236528,-0.19465784796837124,3977
HILIC_299.8795683_242.9108019,-0.2374548509631721,0.8135646717662157,1,-0.1407522596274472,3978
HILIC_299.8953819_235.1564336,-0.45437638686691384,0.6521127406300282,0.9965858111391217,-0.2608085548191572,3979
HILIC_299.9027285_43.49536774,0.8929689978876079,0.37742880270789003,0.9637531830220828,0.5691018801981892,3980
HILIC_299.9374811_126.4795853,-0.16331846960335905,0.8711230951139761,1,-0.07137494603439816,3981
HILIC_299.9705938_243.4381675,0.22534762225730323,0.8229023141395595,1,0.08220207415477532,3982
HILIC_299.97781_45.44194533,0.9821164536804914,0.3321821672579146,0.9514278664761784,0.6704202144916104,3983
HILIC_299.9916286_50.09467496,-1.6412830845736577,0.10889456137104532,0.7320503961946185,-1.392195733632864,3984
HILIC_300.0044372_62.41777568,0.4929735356626147,0.6248350086504659,0.9947980550876518,0.162044264705116,3985
HILIC_300.006351_172.1825636,-0.043117231425484015,0.9658312211399398,1,-0.04974934613652201,3986
HILIC_300.0243394_108.4283801,0.571726241833089,0.5708348780918117,0.9913379189285378,0.1563950566282768,3987
HILIC_300.0485391_129.099113,-0.7589031108715394,0.45253787564586667,0.9750316892785739,-0.254416655532966,3988
HILIC_300.0596385_133.0545646,-0.2598695057547504,0.7963509402727215,1,-0.16830608024999408,3989
HILIC_300.1423826_24.3184906,-0.8595365906625089,0.3953720091525259,0.9669701703160376,-0.312675344634334,3990
HILIC_300.1594903_24.4835285,-0.5968468588126215,0.5541079891689471,0.9865181901455302,-0.4921756276858137,3991
HILIC_300.1806503_32.5410811,1.1761737115834785,0.24675641150544622,0.9005362363839727,0.8767960709946767,3992
HILIC_300.2016226_27.4925075,1.3687469051048813,0.17902247915883077,0.8415449274641627,0.932837452597987,3993
HILIC_300.2170636_23.96288351,1.387250479516347,0.17335444692834295,0.8336083138182638,0.843615230435578,3994
HILIC_300.4101705_225.2265942,0.5062209553290181,0.6155919376768795,0.9931667617408494,0.2785007176122334,3995
HILIC_300.6769844_23.52052499,1.0119140154141673,0.31790488008961865,0.9460666160651466,0.24340633827385705,3996
HILIC_300.9602978_190.4589777,-1.7005892654623889,0.09709610513229879,0.7164771308729047,-0.5145331410598416,3997
HILIC_300.9690782_189.0832376,-1.5683527105794954,0.12499279584857345,0.7639334341671284,-1.2490443416178552,3998
HILIC_300.9748782_45.92033285,-0.12363324365318881,0.9022497066137298,1,-0.05466468857473564,3999
HILIC_300.9838878_126.7531904,-0.634937542687915,0.5292295879511523,0.9824083431236167,-0.5078918016640042,4000
HILIC_300.9850901_50.3683273,-2.3371824439849154,0.024734237829975185,0.44396893648848884,-1.0970220056979982,4001
HILIC_301.0009197_233.2610994,-0.1646764856830152,0.870061322527319,1,-0.09509919953166056,4002
HILIC_301.0175011_130.1485505,0.08474063024385013,0.932907291545845,1,0.07107693293708334,4003
HILIC_301.0229_197.4543318,-0.04130243157745624,0.9672685242752965,1,-0.02768394011118535,4004
HILIC_301.0383607_96.14818435,-0.07356678732762602,0.9417364870327398,1,-0.04948738388969476,4005
HILIC_301.0520101_130.1783133,-0.013501200611490034,0.9892977401693344,1,-0.006963200373513413,4006
HILIC_301.0733822_137.6862534,0.5346443486232749,0.5959741718702811,0.9924074341965825,0.43485333990378333,4007
HILIC_301.075367_54.77040984,-0.8674458887304926,0.39107936462982296,0.9669701703160376,-0.3300330261897886,4008
HILIC_301.1184244_26.39877646,-0.7420617963689004,0.46255902169648777,0.9761454576259606,-0.576260756637756,4009
HILIC_301.1399718_35.93540789,-0.12176195883782079,0.9037216903622279,1,-0.11559424231223481,4010
HILIC_301.1624703_54.61364794,0.46030149478546883,0.6478924808549414,0.9965858111391217,0.18353164802771915,4011
HILIC_301.1739878_58.29192938,0.2953920571565693,0.7692837126497157,1,0.1590073238978274,4012
HILIC_301.178791_23.75041203,0.8270725163921845,0.41329948208237355,0.9702967640516138,0.2801303174313928,4013
HILIC_301.2053003_27.94637928,0.8599414088799442,0.39515158429490904,0.9669701703160376,0.8884116160640976,4014
HILIC_301.2206061_23.41922849,0.7930522161788179,0.43261399351578056,0.9742203846590763,0.713916707760362,4015
HILIC_301.2738237_287.6148219,0.3563745586797312,0.7235082530451358,1,0.14233739459592357,4016
HILIC_301.4539565_167.7735589,-0.0911911773194128,0.9278141164349891,1,-0.03250462918295696,4017
HILIC_301.8772406_53.44950142,-0.7017584475136569,0.48705608007995793,0.9781047779839798,-0.44263150322590106,4018
HILIC_301.9637584_190.4509628,-1.7674320760563704,0.08509197369715152,0.6959761542836904,-0.983525149077544,4019
HILIC_301.9884897_50.44350699,-0.8548166346587455,0.397947737823514,0.9669701703160376,-0.6099206985418666,4020
HILIC_302.0197335_107.0300286,0.4042059061012824,0.6883009116111957,0.9999159889500627,0.08359076071268483,4021
HILIC_302.0424611_167.3456938,-0.006204960184008284,0.9950812723428026,1,-0.0035743542274249617,4022
HILIC_302.07019_222.0638682,-1.896675913082053,0.06540169785160607,0.6415887934966203,-0.5523407931519586,4023
HILIC_302.0750569_65.31957089,2.2627760596623725,0.029377831285715087,0.48003947342509096,2.3278226552764236,4024
HILIC_302.1024465_25.95687379,-0.4328620065819538,0.6675334731113176,0.9982644021852166,-0.3437517692515352,4025
HILIC_302.1349002_110.840491,0.3994112221431609,0.6918002129560064,0.9999159889500627,0.19376352823323453,4026
HILIC_302.1389663_23.98748965,-0.054323470676788596,0.9569587340373085,1,-0.05986736374817131,4027
HILIC_302.1751179_27.08486182,0.35578101788509536,0.7239491785544672,1,0.1790638344455627,4028
HILIC_302.1963903_30.50006908,1.5754099281378675,0.12335510523087038,0.7630056579453689,0.642931903631708,4029
HILIC_302.2147276_22.32276589,2.4832555470069577,0.017491861411576944,0.3840214710141083,1.125516883557055,4030
HILIC_302.2326551_22.96104873,2.451933878543147,0.018858660713664505,0.39821177394041585,1.1744873503552569,4031
HILIC_302.3985442_218.403808,0.5441927962175265,0.5894509042951799,0.9915701580980057,0.20874198823976417,4032
HILIC_302.5443445_170.8866393,1.4887088817128652e-15,0.9999999999999989,1,4.2609760742620433e-16,4033
HILIC_302.9061194_51.07759773,-0.8093632588261108,0.42328664768464774,0.9724257019093233,-0.38708787670200767,4034
HILIC_302.9272798_243.0095863,-0.3811677392223304,0.705176909896271,0.9999159889500627,-0.16079700102748828,4035
HILIC_302.9321649_168.6621937,0.5756341584464413,0.5682163935015865,0.9913379189285378,0.6755117814157711,4036
HILIC_302.9369231_239.2008994,0.10891497899611448,0.9138363516339992,1,0.03894322862436088,4037
HILIC_302.967017_190.3435204,1.6004914487640285,0.11767515113340901,0.7508840878577805,0.9077156404814597,4038
HILIC_302.9695342_48.56651733,-1.459353192290203,0.15259003909243324,0.8071345165461704,-0.41277971935948976,4039
HILIC_303.0230937_110.3680189,0.6707778604695361,0.5063716101352552,0.9781047779839798,0.14833463133132577,4040
HILIC_303.0744366_32.54181316,0.03435769428605488,0.9727696646385864,1,0.021245939261693873,4041
HILIC_303.1010766_32.53397469,0.2650610123768152,0.7923783348268416,1,0.2014897157726801,4042
HILIC_303.1228994_26.20549361,-0.7649401982606656,0.4489768698434248,0.9745894987688215,-0.4552623859064675,4043
HILIC_303.133752_26.49942762,-0.4847065058849981,0.6306345001284104,0.9947980550876518,-0.49573681892100835,4044
HILIC_303.1742415_33.16419323,-1.48732755542545,0.14508376027310851,0.7923338880414151,-1.1526397770999135,4045
HILIC_303.1796845_45.05956408,0.7842960738933477,0.437671751763542,0.9745124110909839,0.3959344160739816,4046
HILIC_303.2318833_281.784739,0.5120914918926335,0.6115159722382966,0.9928201179984223,0.45665298915550817,4047
HILIC_303.2319375_23.65202237,1.4919439097981786,0.14387379992913768,0.7910149532928273,0.5719435087058881,4048
HILIC_303.3932267_190.4453384,-1.9325283275022858,0.06068526642947057,0.6269238783817119,-1.145771626276942,4049
HILIC_303.8743147_53.41367661,-0.9538425046435592,0.34612178037961794,0.9572455292742392,-0.6724804292714082,4050
HILIC_303.9212751_284.4022415,0.2347552018923814,0.8156444306894343,1,0.16309183084023393,4051
HILIC_304.0094476_123.9780315,-0.6496519038901609,0.5197795597739772,0.9824083431236167,-0.23423761643012328,4052
HILIC_304.0201585_262.7843903,-0.3367381057148898,0.7381454269301821,1,-0.10240869526645849,4053
HILIC_304.027168_187.960858,0.9792784788057581,0.33356409224957806,0.9523228101868886,0.7387900955590366,4054
HILIC_304.0388751_27.52865867,-0.38246913079899275,0.7042194825625421,0.9999159889500627,-0.3261133938392402,4055
HILIC_304.0563286_31.35376174,0.4396663619656675,0.6626401508187301,0.9976640367960946,0.3346741249074055,4056
HILIC_304.1015516_55.61977104,-0.8402197495810505,0.4059797012563551,0.9672616821631036,-0.31275185224124363,4057
HILIC_304.1262868_26.38020706,-0.7357377551819262,0.4663550257117186,0.9773834678378885,-0.44313137728285223,4058
HILIC_304.1616402_118.4682634,1.3199249228692445,0.1946647997689493,0.8531731946205443,0.6874361575235678,4059
HILIC_304.1751683_31.52927371,-0.15327385700464433,0.8789839016459436,1,-0.08838021594096195,4060
HILIC_304.2120335_28.57819059,2.728400015529221,0.009543088020745848,0.28270268095825624,1.1845303441696307,4061
HILIC_304.4232534_191.1626105,-2.820398447846549,0.007545681089650634,0.2584514400413996,-2.366137776597509,4062
HILIC_304.8946588_62.49491306,-1.8858992066245661,0.06687943392430282,0.6473600999617912,-0.38930867718958695,4063
HILIC_304.9035025_51.20723041,-0.7646355051086731,0.44915619771967774,0.9745894987688215,-0.4906895494560906,4064
HILIC_304.9645179_177.2734832,-0.29393040237899476,0.7703919659011276,1,-0.2108788251606152,4065
HILIC_305.0149138_44.41683583,-0.5377832196884065,0.5938259990870105,0.9921034274533279,-0.35458065545140927,4066
HILIC_305.0162935_222.1929601,-1.7514049486377727,0.08785042385868347,0.6977778646464091,-0.4745921092967686,4067
HILIC_305.0282987_227.1212523,-0.2986190938254736,0.7668386520079021,1,-0.09915736150341181,4068
HILIC_305.0466563_27.37833479,-0.7096778095324318,0.48218574868407404,0.9781047779839798,-0.5069891306028794,4069
HILIC_305.0682721_57.26283783,0.9562795397911149,0.344905227186148,0.9569267992591757,0.5128012068164157,4070
HILIC_305.1272111_38.62453775,-0.7490304630118946,0.4583969023496054,0.9755657681934743,-0.5516874397596178,4071
HILIC_305.1457659_90.78785239,2.2921489530014703,0.02745874898695534,0.4658498343251279,1.6170342416522188,4072
HILIC_305.1575076_38.03317954,0.8687361665298933,0.39038188771761695,0.9669701703160376,0.4721832191281008,4073
HILIC_305.1861925_25.61348127,-0.29058778417365827,0.7729282285957425,1,-0.3077246225902229,4074
HILIC_305.2074454_55.36315416,0.32469965277065993,0.7471684355902557,1,0.3361414010458156,4075
HILIC_305.2154416_28.74912132,1.9402852856168216,0.059704264812961684,0.6236885645858777,1.1854449305893484,4076
HILIC_305.2475404_22.63937854,2.43131963105204,0.019810447758519898,0.4041845899822696,0.8236008506552092,4077
HILIC_305.2687699_290.9855159,1.814781726919241,0.07736457088118352,0.6862749166340096,0.7117024467925332,4078
HILIC_305.3142935_170.6493119,-0.10958346096685156,0.9133096706989918,1,-0.026894578095296637,4079
HILIC_305.4739083_220.3738527,0.49996318521321503,0.6199503748640278,0.9947980550876518,0.2274589987704124,4080
HILIC_305.9166432_43.3901869,-2.2255685621241823,0.031980443958862015,0.4945007623953959,-0.9955770319911154,4081
HILIC_305.9495684_62.09881617,2.9668114585452074,0.0051519857578106775,0.21816090634826346,2.144678220485104,4082
HILIC_305.9993327_169.5859569,-0.7688815183410206,0.4466610055233723,0.9745894987688215,-0.5317436632020546,4083
HILIC_306.0019539_49.73182125,-0.13526642499220717,0.8931068890631171,1,-0.07535230662793214,4084
HILIC_306.0153607_260.3619324,1.6297783352687873,0.11131473845669569,0.736040478094709,0.7385248839547257,4085
HILIC_306.0237647_195.4642417,0.501537189685679,0.6188527902862677,0.9946352989347117,0.3182857503285415,4086
HILIC_306.0313805_254.3766572,0.818086743183148,0.4183487863753762,0.9716527844407392,0.22397355514519582,4087
HILIC_306.1613457_28.2841845,2.4862772503968817,0.01736489224734711,0.38207627059639093,2.749849283801035,4088
HILIC_306.2509178_22.09376553,2.5412629460560274,0.01519647242574764,0.35355049080598666,1.563119789923693,4089
HILIC_306.2638977_23.66534121,-0.5581288775040506,0.5799920038931515,0.9913379189285378,-0.41494964910290005,4090
HILIC_306.2721293_290.5865705,0.5449123661959828,0.5889607011062319,0.9913379189285378,0.20223809425472847,4091
HILIC_306.9020249_41.87602824,-0.07083529559938577,0.943895996145959,1,-0.07309671694421685,4092
HILIC_306.9582979_149.2888464,-0.2274762393093265,0.821258696788483,1,-0.0942938594173829,4093
HILIC_306.9768085_189.2757966,2.0403289915894427,0.048228245379394935,0.5734819207320505,0.9398700777954657,4094
HILIC_307.001473_65.07704875,-0.5560244103310878,0.5814156282230503,0.9913379189285378,-0.37405236320967555,4095
HILIC_307.0234962_259.2528685,0.19276244309618754,0.8481595891878784,1,0.04633596099633752,4096
HILIC_307.0441518_40.48979146,-2.9745373412384586,0.005047979313682297,0.21727056169301065,-2.059999605599083,4097
HILIC_307.1110678_50.89035997,0.2878293320880024,0.7750231478461989,1,0.30471142850974725,4098
HILIC_307.1290563_26.32079032,-0.09695280220185036,0.9232674865452142,1,-0.09373042153003375,4099
HILIC_307.1679519_33.21708363,-0.17070494570090916,0.8653509025392792,1,-0.10139022355704916,4100
HILIC_307.1882773_52.85041991,1.8425607879606962,0.07311382926854133,0.67049658512235355,0.5392025423717953,4101
HILIC_307.2017327_24.49244448,-0.17921561336317093,0.8587094711338121,1,-0.21381562325011164,4102
HILIC_307.2632351_22.19113858,1.137769437038472,0.2622571046975369,0.9131550993531528,0.60596444553853,4103
HILIC_307.4571997_255.8884362,-0.6331631023824601,0.5303752990177173,0.9824083431236167,-0.3490010180529668,4104
HILIC_307.837635_39.63224541,0.5259593632587779,0.6019370841736053,0.9928201179984223,0.26213932805675694,4105
HILIC_307.9064332_252.7441013,0.319527791635241,0.7510560001873723,1,0.09136201831307113,4106
HILIC_307.9393297_35.56887026,1.9247774184974804,0.06167933601799844,0.6298711516618964,2.7815705793667886,4107
HILIC_308.0266743_256.1939113,1.4249544484843588,0.16223743812059,0.822779916663313,0.8270636633576718,4108
HILIC_308.4552833_252.9229702,-0.38923120635291714,0.6992525273937655,0.9999159889500627,-0.267249948947527,4109
HILIC_308.9002959_41.32985858,-0.3160212573846254,0.7536955268596137,1,-0.14400524879123108,4110
HILIC_308.9140831_49.81580429,0.8625576122774236,0.3937289156119038,0.9669701703160376,0.6583867174595334,4111
HILIC_308.942813_35.65862254,1.6410543481819007,0.10894225430231734,0.7320503961946185,1.5699667963630877,4112
HILIC_308.96553_38.99557399,-0.3367211684414562,0.7381580957254825,1,-0.1926121380186833,4113
HILIC_309.0048566_60.89058192,0.93680250771286,0.3547073113895681,0.9588670540445742,0.43205449204382385,4114
HILIC_309.0171066_57.23242599,-2.930273943978319,0.005671683270951188,0.22443865034418933,-1.4714432558680335,4115
HILIC_309.0210291_256.4470385,0.35528651849176224,0.7243166015926596,1,0.1358942942388325,4116
HILIC_309.0485857_37.79590166,-0.6939903945326109,0.491860072465543,0.9781047779839798,-0.26318743376726617,4117
HILIC_309.0753369_68.14646997,0.7583382087614426,0.4528719324957383,0.9750316892785739,0.6676365883003317,4118
HILIC_309.1122553_23.01674974,0.28250724739264266,0.7790698309195826,1,0.46866477688530284,4119
HILIC_309.1297634_106.1043,-0.6135241559828493,0.5431425278481197,0.9844101439284977,-0.3453051277895951,4120
HILIC_309.1659648_160.9351028,0.5823985835202231,0.5636980775399439,0.990786345850868,0.21377946097598696,4121
HILIC_309.1786533_56.45906762,-0.09452503403313176,0.9251829852471367,1,-0.10514484020049017,4122
HILIC_309.2062785_19.40180213,0.5318218262722014,0.5979089809028644,0.9926487049255592,0.27559401118703075,4123
HILIC_309.2216916_26.41810067,0.6444401184122888,0.5231163578082023,0.9824083431236167,0.5718808662516021,4124
HILIC_309.2271875_288.8601162,-0.3971415524820752,0.6934590789328934,0.9999159889500627,-0.16685809706479296,4125
HILIC_309.4377821_189.1129103,-0.46668581457749103,0.6433582699290088,0.9955023063019077,-0.2995743675273498,4126
HILIC_309.6821982_23.81461611,0.982843878239176,0.3318285746179337,0.9512822823444778,0.6120670797385522,4127
HILIC_309.8356674_39.69567126,0.20276808536413476,0.8403854822186086,1,0.1200115247047928,4128
HILIC_309.931519_42.37146244,2.7645659621443,0.008705581935729585,0.270839957509612,2.1201049032922805,4129
HILIC_309.9371579_35.9221415,1.2950660279831994,0.20301993754980754,0.8647457759331585,1.137922893102536,4130
HILIC_309.9393972_189.7824036,-0.0029004816374830085,0.997700750330152,1,-0.002925405538865286,4131
HILIC_309.9859792_292.0478142,0.27419622169841135,0.7854016047258503,1,0.23044892164667463,4132
HILIC_310.0212207_61.1212804,-1.1867277289250817,0.24261580094588145,0.8976670355298628,-0.7229699968908215,4133
HILIC_310.0222564_284.3526583,-1.1585067121703883,0.2538023544473802,0.906563406245264,-0.3526148735899498,4134
HILIC_310.0374839_120.1220608,0.5713102267666099,0.5711139787899526,0.9913379189285378,0.3037529834372282,4135
HILIC_310.0713649_171.0347454,1.6531574388212553,0.10644216509197868,0.7270102455490702,0.45147045386713375,4136
HILIC_310.1139973_51.02482344,0.6369874631384481,0.5279076372142757,0.9824083431236167,0.5425062324198596,4137
HILIC_310.1550956_24.0713835,-0.2766441533218995,0.7835350871318745,1,-0.11707022587205951,4138
HILIC_310.2015059_24.49231503,0.1870353293907169,0.852616370166947,1,0.04787030206667663,4139
HILIC_310.2225653_23.9250148,-2.720473740020649,0.009736346872033367,0.2857418246188054,-1.9683416732067733,4140
HILIC_310.2305129_163.734937,-0.4017629252606168,0.690083010209926,0.9999159889500627,-0.1415656237508358,4141
HILIC_310.2308229_292.1508241,1.0386297146868884,0.3054645821358561,0.9402374180413365,0.43428818073547104,4142
HILIC_310.3105405_284.585328,2.6090679385368207,0.012864540038149632,0.32677736535603386,1.1290278715585096,4143
HILIC_310.4806438_170.7526802,-1.3117278951851004,0.1973903874887896,0.8589075869458993,-0.5101461530477324,4144
HILIC_310.9129775_58.68540825,-0.49994355370171184,0.6199640698726129,0.9947980550876518,-0.28066679185545984,4145
HILIC_310.9765004_255.5588544,0.6219510057200736,0.537644817932105,0.9833164118236528,0.5995368092593156,4146
HILIC_310.9867305_163.9191923,-0.09125437020013522,0.9277642359136435,1,-0.06957129701745261,4147
HILIC_311.0211019_63.93560561,-1.547551205480031,0.12992265291695237,0.7695072627505222,-1.2597207496886196,4148
HILIC_311.1187374_23.99167226,1.5098526276891422,0.13925582341007084,0.7828389046734362,0.8565302068747611,4149
HILIC_311.1301807_25.41880679,0.8302049626841611,0.41154814445607246,0.96978156031432206,1.0385495547277561,4150
HILIC_311.2048307_23.98427492,-0.1853413720217131,0.8539355351584544,1,-0.060119881098920344,4151
HILIC_311.2205012_35.66619102,-0.4650974885858417,0.6444850353518229,0.9961652723534221,-0.20925473284254453,4152
HILIC_311.2217825_289.4078759,2.0301667448734615,0.049298899905508134,0.5775821167007157,0.6916896288982227,4153
HILIC_311.2559436_52.64703181,-2.0056447022141906,0.05196815444137317,0.5938805525637113,-0.4874287047381843,4154
HILIC_311.9897038_198.767818,-0.9727475676012234,0.3367588818300957,0.9540620942988052,-0.35848274526433943,4155
HILIC_312.0046135_63.23312355,-1.522938768950813,0.13595699408644,0.7761420841359271,-1.688256208871006,4156
HILIC_312.0157252_60.71024118,1.0276292982905104,0.3105457715353814,0.9421850854569164,0.46973020805461146,4157
HILIC_312.0203322_284.951457,0.45658587218991653,0.6505376328982453,0.9965858111391217,0.19371979371292328,4158
HILIC_312.0203432_151.4215871,-1.616019858239892,0.11426676184389059,0.7411741635034088,-0.8987669390122789,4159
HILIC_312.0686485_120.7297841,-0.67020205806279,0.5067345312439937,0.978476429118909,-0.44890397330696263,4160
HILIC_312.077176_162.3716918,-0.9054356039692002,0.3708735647542878,0.9637531830220828,-0.34416039973601364,4161
HILIC_312.0773162_287.5839845,2.918101143292796,0.005855469150278119,0.22782851743091664,1.1986843226364206,4162
HILIC_312.1303002_31.32675387,1.0880132664517832,0.28336234369203706,0.9295944216943315,0.764869003619203,4163
HILIC_312.2171504_25.00001452,2.98141926493313,0.004956998191429829,0.21527194619442977,0.783855175925023,4164
HILIC_312.7824615_48.16800961,-0.5536762324845402,0.5830061197158363,0.9913379189285378,-0.12558856632092816,4165
HILIC_312.8670067_240.7764595,0.7214918592919385,0.4749716410697865,0.9781047779839798,0.37919980878493337,4166
HILIC_312.9619388_166.5268304,0.3666944133534472,0.7158572735480122,1,0.1711885768853381,4167
HILIC_313.0015774_259.7089688,-0.6872788030073285,0.49603191303834826,0.9781047779839798,-0.44428264854943544,4168
HILIC_313.0045558_116.0148212,0.18241256119512056,0.8562173387580375,1,0.16547776433964606,4169
HILIC_313.0108602_252.5443619,1.320877683502747,0.19434986848730482,0.8530860928789571,1.1461741824806644,4170
HILIC_313.0361131_61.94869459,-0.3688561212904238,0.7142583358317806,1,-0.16737161190343766,4171
HILIC_313.0823718_87.87404876,-0.5434351905549278,0.5899672303412439,0.9917669560968972,-0.23427340804137023,4172
HILIC_313.1437632_293.8471758,-0.7171091510578039,0.477640682001618,0.9781047779839798,-0.32653788306538334,4173
HILIC_313.1549717_24.50129849,-0.04049930972823005,0.9679046242311903,1,-0.030723414050388843,4174
HILIC_313.1987324_54.14315131,0.38240774592565074,0.7042646321775098,0.9999159889500627,0.06353481114616619,4175
HILIC_313.2140723_44.46764994,-1.3619985479952204,0.18112493459453882,0.8441208526690812,-0.18002792403528717,4176
HILIC_313.2204343_22.69379648,3.0265832034059255,0.004397107139509672,0.20682201545418247,2.3567167356531105,4177
HILIC_313.2372858_20.08456965,0.7452531463811118,0.4606502354856661,0.9755657681934743,0.26874829609484147,4178
HILIC_313.2375157_281.73167,0.4286964649287911,0.6705363887148128,0.9996367449012522,0.15393750689952035,4179
HILIC_313.2739711_23.07444747,-0.4722422432505763,0.639423231594215,0.9955023063019077,-0.2571770631945129,4180
HILIC_313.881821_241.8356688,-1.9083849317617048,0.06382792311689646,0.637062688796978,-0.6386298026435655,4181
HILIC_313.9079401_39.82619179,-0.09931775401768164,0.921401994214446,1,-0.05277126001643361,4182
HILIC_313.9511093_253.6416647,-0.29722223603348136,0.7678967284812381,1,-0.12044497178080865,4183
HILIC_314.0199801_62.28367513,-1.1614803510040241,0.2526063244921498,0.9054022050039036,-0.8567269802696247,4184
HILIC_314.0214938_159.1075717,-0.22469699289018244,0.8234048609184512,1,-0.1077047345987629,4185
HILIC_314.0395429_63.92716077,-0.5498716523956563,0.5855875444847369,0.9913379189285378,-0.4379254518371708,4186
HILIC_314.0848237_64.01510385,0.5009360141665294,0.6192718978203877,0.9946591876861559,0.32735997430110564,4187
HILIC_314.0960213_98.52953215,-0.44333356612613734,0.6600090736010544,0.9968021749030789,-0.14424780554600247,4188
HILIC_314.1042228_287.3758859,1.887404184959182,0.06667136517890922,0.6468300924586318,1.6590872101817804,4189
HILIC_314.1238744_35.29283917,-0.18917631166366652,0.8509496989781713,1,-0.15678854597967973,4190
HILIC_314.1425189_29.70991943,-0.8212318906865645,0.41657717870927446,0.9712636476221591,-0.2787725328330928,4191
HILIC_314.1469181_166.8014608,0.34001208494432084,0.7356979376162873,1,0.11188123116315997,4192
HILIC_314.1471791_289.5439446,-1.3242292528455946,0.1932451079941685,0.8515234707275139,-0.44395592826307667,4193
HILIC_314.1811979_28.27420366,0.6257741663246082,0.5351601850233265,0.9833164118236528,0.463310436722801,4194
HILIC_314.2019272_54.5432586,-0.23576527118669108,0.8148661333411384,1,-0.09809429005368694,4195
HILIC_314.2175377_40.04786925,-0.8300807830476807,0.4116174855308107,0.96978156031432206,-0.3333746622783093,4196
HILIC_314.2327416_22.99843436,3.371963090488273,0.0017122215262421166,0.12282648482768792,1.0287089416416444,4197
HILIC_314.2771808_23.9317133,-0.7302126647150299,0.46968612261714315,0.9777549229263227,-0.3614548410337003,4198
HILIC_314.3147536_171.6066126,-0.32718413804361546,0.7453032746621311,1,-0.10081840907888201,4199
HILIC_314.4792693_206.3290694,0.6822579952362485,0.4991655718412715,0.9781047779839798,0.2594051982521993,4200
HILIC_314.7725831_46.25786142,-0.18426381135019188,0.8547749039947293,1,-0.10819385780584494,4201
HILIC_314.7795566_48.21583299,-0.8513800485542851,0.3998297152718716,0.9669701703160376,-0.18737434970495237,4202
HILIC_314.9621554_51.27795256,-2.4367061301279684,0.019557626653352887,0.4041845899822696,-1.223728958858461,4203
HILIC_314.9728405_194.3607412,-0.02676778788593258,0.9787833940504533,1,-0.012134603523795839,4204
HILIC_315.0179582_234.1821124,-1.4331067912131008,0.15990883476837378,0.8202170201757762,-0.6264797232078759,4205
HILIC_315.0385871_48.53065798,1.4775861396572951,0.14766359034461068,0.7996535692222799,1.214543649335386,4206
HILIC_315.0800669_89.55470067,-0.4538722751914046,0.6524723404419974,0.9965858111391217,-0.13574085289285978,4207
HILIC_315.0909089_99.63007424,1.592410362291431,0.11948144288653592,0.7550496652242475,0.5427635742302058,4208
HILIC_315.0985478_96.21659906,-0.5548579501240396,0.5822054431662123,0.9913379189285378,-0.15820155732573354,4209
HILIC_315.1151484_70.0926927,0.6986420553537415,0.4889801786434429,0.9781047779839798,0.3722628019715064,4210
HILIC_315.1275831_55.44180962,0.6209049716677352,0.5383256725397424,0.983683589406213,0.4492115960337765,4211
HILIC_315.1341335_23.76630633,-0.7652833181923292,0.4487749763566272,0.9745894987688215,-0.525989725707717,4212
HILIC_315.1521448_83.20678252,0.1880009691008235,0.8518645721529847,1,0.07655099924908444,4213
HILIC_315.1743736_22.39562384,-0.18704856727669994,0.8526060628789065,1,-0.24308072623500365,4214
HILIC_315.1784286_50.63179566,0.022347651888960568,0.9822862118194666,1,0.00964425607110089,4215
HILIC_315.1844383_28.725381,1.9352042934525893,0.060345286993768954,0.6265858946940583,1.43423599081475,4216
HILIC_315.1880543_142.6521332,1.8642506921768345,0.06993441998766749,0.6574923626608355,1.8247325138819803,4217
HILIC_315.1956345_281.1074033,-0.9304447307895909,0.35794616011623626,0.9588670540445742,-0.3958583356125969,4218
HILIC_315.2360161_22.85058518,2.8601502973826642,0.006809416726806626,0.2462043866036754,0.9385834830434224,4219
HILIC_315.2531204_21.35555415,-0.016384889102527642,0.9870120620107653,1,-0.014241300862194793,4220
HILIC_315.4514249_166.4860406,-1.0352272345093103,0.30703006040633274,0.9414175050708642,-0.7257238222265282,4221
HILIC_315.9090607_215.5707182,-0.988979441245747,0.3288562119401446,0.9506069103298993,-0.36267097292239864,4222
HILIC_315.9307065_42.37913415,0.44543783509060497,0.6585013101236951,0.9966192045168055,0.3558216317768284,4223
HILIC_315.9453541_42.38137719,-2.7645192415179287,0.008706618417583677,0.270839957509612,-1.5831469938161291,4224
HILIC_315.9520295_44.65149987,1.049544445896237,0.3004799093954046,0.9396681966123791,0.933878713938726,4225
HILIC_315.9655093_50.86121482,-0.928924892710079,0.3587232688627352,0.9596708186667041,-0.5510387025554209,4226
HILIC_315.9783807_63.93102944,1.1245145895270197,0.26776607936445035,0.9178662851663434,0.5567694964037906,4227
HILIC_316.0041058_41.89966727,0.5162662680354531,0.6086249680027996,0.9928201179984223,0.47699340187272843,4228
HILIC_316.0772856_82.98773612,0.002310997682608792,0.9981680409965497,1,7.406956650243073e-4,4229
HILIC_316.0834612_88.60086901,-0.22550089095501397,0.8227839402219805,1,-0.07683265872296721,4230
HILIC_316.1379025_30.58767157,-1.355619822127541,0.18312969673346935,0.8460463584863603,-1.0682109781323925,4231
HILIC_316.1543795_23.98284185,1.4611484503165184,0.15209927073475246,0.805855527144555,0.7794135924642984,4232
HILIC_316.1757643_35.64105722,-0.0316943329328587,0.974879767355161,1,-0.0207744226681373,4233
HILIC_316.1909202_24.77183033,0.8458476490342528,0.4028710864993804,0.9669701703160376,0.30000657218917365,4234
HILIC_316.2483725_22.56253743,3.509208189968201,0.0011630488795497155,0.0993016190093806,1.4487022209952651,4235
HILIC_316.7765173_48.10951025,-0.7684459039293992,0.44691661863269105,0.9745894987688215,-0.17192724384995478,4236
HILIC_316.9078748_126.3624729,0.5050787906292602,0.6163863927828777,0.9935268048757642,0.36639029793838185,4237
HILIC_316.9252094_189.4303614,-1.5633512441605826,0.12616406419811574,0.7652102591223218,-1.2838044972670324,4238
HILIC_316.9388141_48.63823424,-0.3438419564108676,0.7328384232820051,1,-0.19203554824491062,4239
HILIC_316.9488705_44.40529194,-1.883475078840515,0.0672157465875406,0.6482255241806402,-1.2035012368386533,4240
HILIC_316.9594512_50.926583,-2.193163384549434,0.03441243057113224,0.5048831476813758,-1.0425280668609125,4241
HILIC_316.9777624_144.4680267,0.6765808024101043,0.5027220323920034,0.9781047779839798,0.40517515490452516,4242
HILIC_316.99714_235.9719266,1.2464875147052132,0.22012615353927123,0.8778528260192604,0.6614750160716796,4243
HILIC_317.0386953_86.83604527,1.430478374483864,0.1606567195614901,0.8215875860387402,1.1634184190211803,4244
HILIC_317.0451714_156.3961906,1.4599675018838816,0.15242196496410249,0.806517032531509,0.5012887594701025,4245
HILIC_317.0563729_275.5307152,1.7602064072387924,0.08632645285557752,0.6962067550962847,0.7096464927019576,4246
HILIC_317.0843196_93.72584389,0.20790847519124842,0.8363977728619785,1,0.07340422378279632,4247
HILIC_317.1942408_24.96408633,0.4499949555181395,0.6552409644222956,0.9965858111391217,0.270699293471937,4248
HILIC_317.2516755_22.46585079,3.709522737759649,6.542884670923642e-4,0.07052604538411186,1.498452770829293,4249
HILIC_317.268743_278.3413805,1.3225391504522899,0.19380160704310087,0.8521195764475552,0.5164064186813546,4250
HILIC_317.4926643_190.3656226,-0.22411381603329783,0.8238553713003858,1,-0.17775040906943684,4251
HILIC_317.5450892_128.4361894,0.7955867284048942,0.43115658603017504,0.9742203846590763,0.1728493479563638,4252
HILIC_317.8511165_53.58536719,0.12266801871006591,0.9030089253208524,1,0.12641949616896536,4253
HILIC_317.9884147_124.1405436,0.8953288289097544,0.3761822827144957,0.9637531830220828,0.817265396600829,4254
HILIC_318.0576967_278.4715977,0.029853924410594576,0.9763379764935611,1,0.014596561992485255,4255
HILIC_318.0581824_155.6831721,2.6038457090011575,0.013031720926938538,0.32809028167019944,0.8191075698203172,4256
HILIC_318.068276_126.3430072,-0.15088931889995552,0.8808518693943637,1,-0.06577212295849413,4257
HILIC_318.0874761_99.6710888,-0.9340600646837002,0.356102031358978,0.9588670540445742,-0.463668708059534,4258
HILIC_318.1917023_30.53261039,2.2637201363564,0.029314330533126633,0.48003947342509096,1.1334295897323154,4259
HILIC_318.2549434_22.22048587,2.5811417971544706,0.013782007423698922,0.3378806910443402,1.7328185956899158,4260
HILIC_318.4652207_188.7059224,0.605429099524237,0.5484510456652592,0.9857989553982086,0.4937208270075094,4261
HILIC_318.7735946_48.14667307,-0.8656826830327111,0.39203375996322276,0.9669701703160376,-0.18618210804815036,4262
HILIC_318.8766887_244.0230833,-0.9243735620399228,0.3610569997913543,0.9611690139330997,-0.2683556775404014,4263
HILIC_318.8806753_52.62701333,0.6016312601754653,0.5509507138335983,0.9858134543858914,0.2327902536881322,4264
HILIC_318.9096306_281.8502211,-1.3419096711608893,0.18749643211193331,0.8486518958782779,-0.40253310746397536,4265
HILIC_318.9430417_49.65129055,-0.7635532085132097,0.4497935273107466,0.9745894987688215,-0.4439578041286546,4266
HILIC_318.9653761_255.4363445,-0.35352491473677194,0.7256260447316518,1,-0.17269922994437245,4267
HILIC_318.9701621_52.50165968,-0.9166194676620901,0.3650557151780853,0.9637531830220828,-0.5991712944293255,4268
HILIC_318.9849762_122.9877018,1.0837463685100894,0.28522645368398547,0.9295944216943315,0.8076780348221012,4269
HILIC_319.0452971_175.0539724,-1.3526699567573224,0.1840625666606564,0.8464654624459718,-1.0607641680055593,4270
HILIC_319.0580004_27.48566363,2.9156181796268807,0.005893635682561578,0.22861485573590715,3.690409750320877,4271
HILIC_319.0604933_161.7308782,-2.28758345049345,0.027749463788277976,0.4662503487848631,-0.7901252276702058,4272
HILIC_319.0605087_285.4863351,0.5915413083469898,0.5576199069638084,0.9878934493313638,0.24000159138310695,4273
HILIC_319.1176075_278.8640037,1.2232162922590917,0.22869208126458404,0.8849144326765062,0.555767244014061,4274
HILIC_319.1542001_25.13199808,-0.20942008542856488,0.8352259519255412,1,-0.16766919808735162,4275
HILIC_319.1612915_124.8405751,-1.0693568243241725,0.2915763781594919,0.9340589136386561,-0.7554991968267702,4276
HILIC_319.1652928_26.56033757,-0.017978060231590053,0.9857493240157182,1,-0.013895309319677189,4277
HILIC_319.2244966_53.11770763,0.27420816652282864,0.7853924938205628,1,0.10756593060463561,4278
HILIC_319.2844016_290.833251,-0.16204533571746305,0.8721187214180369,1,-0.064081960473436,4279
HILIC_319.4685982_189.3309729,0.15584140383111522,0.8769733538146344,1,0.12115250154771535,4280
HILIC_319.8483795_53.52687305,-0.9069338809481242,0.3700907076948605,0.9637531830220828,-0.7008618521439838,4281
HILIC_319.950768_170.88587,-0.13482442204182912,0.8934540090322208,1,-0.100512466053721,4282
HILIC_319.963132_252.5427547,-0.9056505484002373,0.3707611896363029,0.9637531830220828,-0.6113838903513611,4283
HILIC_320.0048949_189.2144428,-1.010310375125341,0.3186624546413571,0.947065297467976,-0.34071357773317273,4284
HILIC_320.0223584_129.2134727,0.585310215206691,0.5617587995591287,0.9899322889121577,0.298470457797688,4285
HILIC_320.0347607_134.3598147,0.46858194165775546,0.642014264634443,0.9955023063019077,0.14435503765893318,4286
HILIC_320.0636128_89.3155838,-1.1885951935997963,0.24188846452353382,0.8965589582842357,-0.5731836892790416,4287
HILIC_320.0722023_42.74932442,0.01786271276524549,0.9858407465273525,1,0.006883883930861396,4288
HILIC_320.1575178_25.2478928,-0.388317955374523,0.6999225636826196,0.9999159889500627,-0.39617265433936005,4289
HILIC_320.1818825_119.9513444,0.557421075572921,0.5804706262421444,0.9913379189285378,0.40408459563384214,4290
HILIC_320.2800428_280.2418407,3.3036232955932205,0.0020708378279029505,0.1290868207719164,1.7747549605743156,4291
HILIC_320.287532_295.4025326,3.1000808455675855,0.0036114424849988174,0.17954354885864374,1.1564421702669336,4292
HILIC_320.7706658_48.06513042,-0.8208223767819759,0.4168075900494099,0.9712636476221591,-0.16497306078515384,4293
HILIC_320.877448_52.52487233,-0.4171307959295471,0.6789026154744899,0.9996367449012522,-0.23016652674204638,4294
HILIC_320.9234316_222.2345579,1.469265329278383,0.1498959380082002,0.8022269263565472,0.5756648189157687,4295
HILIC_320.9673148_51.47538697,0.47666834116748863,0.636296210692078,0.9953585489094753,0.3605777001255316,4296
HILIC_320.9728487_206.3751206,-0.4552577036446011,0.6514842696914064,0.9965858111391217,-0.16928013675108106,4297
HILIC_320.9882648_44.65038086,-0.8738936669660947,0.38760178691602865,0.9661464710102153,-0.2511035422436814,4298
HILIC_321.0082942_189.6438277,-0.416130834986823,0.6796279088437116,0.9999159889500627,-0.162721220584966,4299
HILIC_321.022816_273.3232067,0.24450759347687956,0.8081378515048613,1,0.18854692366858228,4300
HILIC_321.0380289_137.2878343,1.3720843919756587,0.17798967819512218,0.8404813690786701,0.9065241074150465,4301
HILIC_321.0436561_63.95186018,1.9313670919230983,0.06083331296494901,0.6269238783817119,1.5962116629821028,4302
HILIC_321.059897_35.39232878,1.3934235138137356,0.17149483822494418,0.8325661027545962,0.37035877599825817,4303
HILIC_321.1084342_25.36511656,-0.46908769926199345,0.6416559810892355,0.9955023063019077,-0.3984934339202274,4304
HILIC_321.1327641_27.84947978,-0.6138719028701842,0.5429150819785118,0.9844101439284977,-0.36756310549754556,4305
HILIC_321.1851288_26.174286,0.02562333113443661,0.9796903018072265,1,0.013595338252639338,4306
HILIC_321.2402543_53.18519395,1.105923644791312,0.27563135926128823,0.9227236778686373,0.4653828233731618,4307
HILIC_321.2908484_284.4601008,-1.1347272048303976,0.2635142669145436,0.9146409754836018,-0.4085462079321362,4308
HILIC_321.5177793_167.4100926,0.6681046922765799,0.5080576755625514,0.9792480731462698,0.12058462240071124,4309
HILIC_321.9622926_247.3385486,-1.3400447867661385,0.1880965281888251,0.8489710044879274,-0.845186789303745,4310
HILIC_321.992089_43.76697699,1.6199615055223107,0.11341456532718036,0.7398432349432608,1.1645411816634976,4311
HILIC_322.0116224_190.0250418,2.584133403540695,0.013680926733950443,0.3374055871120274,0.892824373764359,4312
HILIC_322.0630906_34.77952088,-0.5199913116124858,0.606050753447901,0.9928201179984223,-0.31836333770506736,4313
HILIC_322.1367256_26.46282324,-0.676949447228107,0.5024906739789353,0.9781047779839798,-0.38275696302549056,4314
HILIC_322.187963_24.67294716,0.7497233881913176,0.4579842408730641,0.9755657681934743,0.6766936577793643,4315
HILIC_322.2952288_130.8674361,-1.8349242139008761,0.0742621157858391,0.6747587270072484,-0.6099968498482421,4316
HILIC_322.2952496_294.5690318,0.6932250728439148,0.4923347962283787,0.9781047779839798,0.2994403835291976,4317
HILIC_322.8112735_47.75569554,0.585857694679346,0.5613945282971001,0.9899322889121577,0.06752592240785722,4318
HILIC_322.8468099_223.8619297,-1.3592607472117042,0.1819833111657223,0.8448097971996803,-0.6306450987221958,4319
HILIC_322.8958413_251.2845044,0.04044146006073482,0.9679504439697884,1,0.012719959787162012,4320
HILIC_322.9437981_124.0767936,0.1284151888381261,0.8984897477334954,1,0.06904506568433896,4321
HILIC_322.953405_124.2986089,0.22770028723365512,0.8210857448801802,1,0.23604846454923095,4322
HILIC_322.9849935_46.49412055,-1.172977136221625,0.24802060603529932,0.9013193895014,-0.5860728750507428,4323
HILIC_323.0567139_30.41155948,-0.20849477243006098,0.8359432222647152,1,-0.2504463590250809,4324
HILIC_323.1391789_28.30983919,0.4946029389346103,0.6236947762647055,0.9947980550876518,0.3019949248417947,4325
HILIC_323.2066166_24.56529316,0.04726940414236091,0.9625431841365708,1,0.048345237152621214,4326
HILIC_323.2987329_288.7371247,-0.27864734850840017,0.7820086377162174,1,-0.10334533688258675,4327
HILIC_323.9343832_34.9966008,0.5282702775292656,0.6003477344416644,0.9927855692714262,0.44656292891142996,4328
HILIC_323.9543259_126.5157345,-0.7572569400925956,0.4535117480301051,0.9751806134071928,-0.4062136022216564,4329
HILIC_323.980853_290.3077768,0.04030699007414455,0.9680569511368804,1,0.017446780411301887,4330
HILIC_324.0016512_292.8426221,0.757723257788332,0.4532357504077742,0.9751806134071928,0.42073296202761346,4331
HILIC_324.0017554_121.4047352,0.8436317883591018,0.40409326123495626,0.9669701703160376,0.29688656616175735,4332
HILIC_324.059491_34.33894831,0.3717427500685783,0.7121252329515881,1,0.19333398009001232,4333
HILIC_324.1367231_30.67184729,0.4206145502244856,0.6763781897732295,0.9996367449012522,0.36181072948432913,4334
HILIC_324.1518718_124.3377551,0.5405506339253732,0.5919351029611658,0.9919344024228657,0.3086646042705978,4335
HILIC_324.4869863_186.9391124,-0.5122861588992909,0.6113810262170014,0.9928201179984223,-0.44124994467655965,4336
HILIC_324.7683245_41.90721649,-0.718330961692168,0.47689575105825077,0.9781047779839798,-0.4451740950429338,4337
HILIC_324.8083563_47.82293959,0.6138665990767083,0.5429185505850254,0.9844101439284977,0.07141378814650015,4338
HILIC_324.8182023_227.8008548,1.5318442065090694,0.13374813317917553,0.7731053745689995,0.3317901330341908,4339
HILIC_324.8277753_39.34481603,0.353189912082372,0.7258751549137199,1,0.29108367125502765,4340
HILIC_324.9510528_125.2890834,-0.5351781522591011,0.5956085889318652,0.9924074341965825,-0.2797632700854596,4341
HILIC_324.9886095_187.1281943,-0.6551461837769664,0.5162742918529193,0.9824083431236167,-0.5961101403683744,4342
HILIC_324.9908323_56.71393939,-2.6180897226497075,0.012580361460353863,0.32399586646255607,-1.3627397647486603,4343
HILIC_325.1127448_87.16928051,1.2562492515200647,0.2166050201044952,0.8729569943246921,1.1064363843980816,4344
HILIC_325.1525748_56.95109197,-0.7814702997624564,0.4393115057544127,0.9745124110909839,-0.6461309308940782,4345
HILIC_325.1609779_244.9992183,0.281438564810545,0.7798831660201749,1,0.1047458072970215,4346
HILIC_325.2350612_53.99615925,-1.8633866903478369,0.07005877731844413,0.6575902796277318,-0.36263346012258246,4347
HILIC_325.2923277_155.9053325,-0.5586427797507448,0.5796446188889723,0.9913379189285378,-0.2068717390525528,4348
HILIC_325.2924211_291.3445309,-0.13090868245826107,0.8965300913319688,1,-0.05420830656945214,4349
HILIC_325.8116306_47.62787263,-0.7534294752780171,0.4557808162323307,0.9753792522951469,-0.4045303689691024,4350
HILIC_325.9596125_40.50020803,0.8444848477401722,0.40362247707018384,0.9669701703160376,0.4934316629803295,4351
HILIC_325.9778455_167.7563515,0.22132119674468323,0.8260135333415562,1,0.17731700407979392,4352
HILIC_325.9871352_203.1938004,0.41039632647560276,0.6837932080444973,0.9999159889500627,0.13221161704645276,4353
HILIC_325.9960864_188.0090787,-0.98856701172651,0.3290554486177848,0.9506069103298993,-0.6960313918527224,4354
HILIC_326.0092225_189.7556618,-0.7324331950393235,0.46834571648014023,0.9777549229263227,-0.3938710430713565,4355
HILIC_326.040497_41.602477,2.009110875151004,0.05158338914393166,0.5909138544595092,1.0943746295339984,4356
HILIC_326.0813256_63.10738887,0.4616915070514722,0.6469041149150017,0.9965858111391217,0.4488450797461602,4357
HILIC_326.1105578_23.42867157,0.05750450553245019,0.9544411245499904,1,0.04124099681672049,4358
HILIC_326.2479732_22.88463079,-1.5964642831116425,0.11857250404045251,0.7526359751416197,-1.7355233683367857,4359
HILIC_326.55339_125.9984639,0.4101992348640755,0.6839365457435521,0.9999159889500627,0.1715899049575962,4360
HILIC_326.7661767_41.73954499,-0.6261084239661904,0.5349432407479527,0.9833164118236528,-0.41660684336286996,4361
HILIC_326.8054095_47.82836329,0.8049361188406398,0.425806105381099,0.9732405036444339,0.09160736123715058,4362
HILIC_326.8152455_224.3576704,-0.8635066794823206,0.3932136188365025,0.9669701703160376,-0.28573087038639977,4363
HILIC_326.8869856_59.13784118,0.23980087160846586,0.8117584498861914,1,0.2662823605341047,4364
HILIC_326.9359172_293.0900302,0.8644300969121493,0.39271265642113606,0.9669701703160376,0.5406302744037472,4365
HILIC_327.0781983_276.1954554,2.1918306028345893,0.034515881642889726,0.5048831476813758,0.9506083362151835,4366
HILIC_327.1415193_23.46071161,2.5086514476347386,0.016450578437893527,0.37296455109402943,1.785229141216357,4367
HILIC_327.2014658_27.39007325,1.2163387340427516,0.23127028594138474,0.8875782173548652,0.908360492657345,4368
HILIC_327.232032_28.66710028,0.019903480500254644,0.9842232971486693,1,0.030052085491816035,4369
HILIC_327.251066_56.41766315,-0.5194391523331999,0.6064320067917818,0.9928201179984223,-0.06340494527331651,4370
HILIC_327.5512211_125.393964,1.2178262578219592,0.23071084354074137,0.8875782173548652,0.41629005088958715,4371
HILIC_327.5816559_235.96641,0.468703451260709,0.6419281781551316,0.9955023063019077,0.33135181426337246,4372
HILIC_327.8748687_257.8472059,0.2113968215840876,0.8336941329574206,1,0.10127571693985807,4373
HILIC_327.9324581_124.4852805,-0.12699533721945652,0.8996059087600594,1,-0.0794150970932369,4374
HILIC_327.9835673_47.85325593,0.9629931914321985,0.34156849183642213,0.9550137755006265,0.6084316605223266,4375
HILIC_328.0486916_126.3054332,1.2049151023049267,0.23560000467209163,0.8895159993748041,1.126194532173593,4376
HILIC_328.1029889_35.00098049,1.569423308544682,0.124743226176315,0.7639334341671284,1.8127691971794806,4377
HILIC_328.1215725_33.62136281,-1.8980957509812164,0.06520910659772342,0.6414746804322071,-1.7672019680834055,4378
HILIC_328.1604217_28.92445719,-0.03282404936940291,0.9739847031043193,1,-0.027299264472006556,4379
HILIC_328.2050906_27.63373353,1.173581739973269,0.24778113434484944,0.9013193895014,1.246878538660354,4380
HILIC_328.2120524_28.32740206,0.3197803218673231,0.7508660256788919,1,0.18988363758455767,4381
HILIC_328.2336952_26.82309129,0.6992119613309243,0.48862799400315216,0.9781047779839798,0.47732266756659153,4382
HILIC_328.2483563_22.32612194,3.718125546835842,6.381513998540343e-4,0.07052604538411186,1.7857369949149184,4383
HILIC_328.2541632_53.02861224,-1.788096585678892,0.08164314963281956,0.6948552844377854,-0.32102333725549625,4384
HILIC_328.5297312_128.5306808,-1.5162037497989898,0.13764688097200672,0.779368069461834,-0.2665256990470836,4385
HILIC_328.7484619_44.25004292,-0.6548189930659395,0.5164826773299851,0.9824083431236167,-0.2794201818840393,4386
HILIC_328.7564519_47.92293034,-0.4811213399579926,0.6331569678268065,0.9947980550876518,-0.10628804695945103,4387
HILIC_328.8024214_47.75116026,0.16578672693675928,0.8691934548628459,1,0.020124914255115207,4388
HILIC_328.8982856_246.1759175,-1.2923247429542128,0.20395766851952768,0.8647457759331585,-0.43286476406065466,4389
HILIC_328.916911_49.59584744,0.2860689489315785,0.7763609704473451,1,0.07578803293429358,4390
HILIC_328.9561152_173.6957321,0.5210079724802844,0.6053490641320141,0.9928201179984223,0.5696880179880133,4391
HILIC_328.9700909_195.6743749,-1.4634226452195103,0.15147936987161476,0.8050550487222983,-0.6464672848640608,4392
HILIC_329.0053719_289.5068595,2.716953681210091,0.009823330022087047,0.2857418246188054,0.9138000704619418,4393
HILIC_329.0105021_65.06820421,0.05302397604386114,0.9579873405691157,1,0.03783930093783264,4394
HILIC_329.0305588_283.0234635,2.211134931981655,0.033044120340333556,0.4996956656890978,1.2834264065827707,4395
HILIC_329.0924516_62.37715808,1.9319036479912477,0.0607648685445866,0.6269238783817119,1.9905396603012027,4396
HILIC_329.106414_35.17895697,0.7038032384846061,0.4857959141327526,0.9781047779839798,0.553089761179388,4397
HILIC_329.161604_26.14951555,0.23833592656470226,0.8128862025050378,1,0.26085102367561425,4398
HILIC_329.1727512_43.26969642,0.03717340310502094,0.9705390772485656,1,0.005936050106317849,4399
HILIC_329.232461_23.12994822,1.2422406556950314,0.2216712849547047,0.8794572619139686,1.0525549920447255,4400
HILIC_329.2479866_22.56569901,2.9323715212105803,0.005640565121855046,0.2240750730837302,1.4812027048566931,4401
HILIC_329.9237231_63.34432203,-0.20013275130121247,0.8424315284457966,1,-0.14009784386156274,4402
HILIC_329.995405_126.5032056,-0.7064196062495867,0.48418617369310357,0.9781047779839798,-0.2804659660849794,4403
HILIC_330.0022142_258.5553926,1.5009580866378047,0.14153434976244283,0.7868027723878191,1.5027235956618947,4404
HILIC_330.0588076_42.3178706,-0.24449539434979892,0.8081472300797068,1,-0.21407109974026048,4405
HILIC_330.0700014_96.39513805,-0.554997962766577,0.5821106125350058,0.9913379189285378,-0.18783663059251454,4406
HILIC_330.1912915_34.12571978,0.8955037629256775,0.3760899835819712,0.9637531830220828,0.5837359345253299,4407
HILIC_330.2277333_26.66321391,1.3718980176521856,0.17804723082710464,0.8404813690786701,0.5354861096469999,4408
HILIC_330.2487377_21.88485432,0.9852974187279883,0.3306378022960921,0.9506069103298993,0.8235071651048969,4409
HILIC_330.2639594_22.15883834,3.7710840299089052,5.469645898451969e-4,0.0671313570817816,1.5967007010429657,4410
HILIC_330.7456641_44.17341661,-1.4659397022740583,0.15079560331693886,0.803050484104783,-0.5717356926028062,4411
HILIC_330.7534433_47.97811955,-0.5582685795759994,0.5798975587625739,0.9913379189285378,-0.12305921775157412,4412
HILIC_330.9139839_49.57916428,1.2683411292435505,0.21230201460763443,0.8692358972709401,0.3658382317508108,4413
HILIC_330.9488037_255.0406697,-0.45848239175047023,0.6491869259714464,0.9965858111391217,-0.3046749679273856,4414
HILIC_330.989911_124.8029282,-0.3345299203340893,0.7397977345803255,1,-0.17781545781290098,4415
HILIC_330.9985984_60.94926915,-2.805140339199031,0.007847489152676093,0.2619554217640756,-1.3333951710734282,4416
HILIC_331.0015401_276.2452006,0.0652174657804646,0.9483387647377736,1,0.04484045803784106,4417
HILIC_331.0136894_49.20716088,0.6898280970002298,0.4944449963366577,0.9781047779839798,0.5587001422799784,4418
HILIC_331.0540641_88.67710979,1.7803728538562702,0.08291816687804889,0.6948552844377854,0.5130252146714738,4419
HILIC_331.0606388_74.93613156,-0.8082661215269098,0.4239101749663644,0.9724257019093233,-0.5121824922983617,4420
HILIC_331.0792793_36.56214181,1.9271929428826493,0.06136804807247862,0.6293486252931663,1.3537963907890622,4421
HILIC_331.0927441_70.2542507,0.22769709514155767,0.8210882089253289,1,0.2684400151108282,4422
HILIC_331.1299588_29.07500095,-2.0018945276347972,0.052387253195047744,0.5951460072669303,-1.3194742836815048,4423
HILIC_331.209824_276.4273572,-0.6303324748401821,0.5322056696574775,0.9833164118236528,-0.2608298650650706,4424
HILIC_331.2297746_26.38709612,0.05626115226575707,0.9554251136588408,1,0.0672328875596129,4425
HILIC_331.2631695_22.1010583,4.0468918402134735,2.4212109646004355e-4,0.052105786649140874,1.85190426179085,4426
HILIC_331.2845012_276.2004268,-1.415377678073891,0.1650067864649913,0.8268032245239461,-0.3372094342206098,4427
HILIC_331.2846722_143.1152233,-2.558879960014801,0.014555979439282964,0.3456114252342856,-0.5492729501441964,4428
HILIC_331.5470211_171.9484089,-0.32942679088121435,0.7436209942548029,1,-0.07054674303612192,4429
HILIC_331.6386416_170.0555655,-0.68352771747589125,0.49837206315979043,0.9781047779839798,-0.1419411395784064,4430
HILIC_331.9162173_285.695034,0.7533568198547015,0.45582395327979,0.9753792522951469,0.30623268776226503,4431
HILIC_331.9260488_43.71164358,0.19555721133884105,0.8459865503500702,1,0.14507127733689032,4432
HILIC_332.0573199_96.37931962,0.6925253878304283,0.49276902940416223,0.9781047779839798,0.2025925531571202,4433
HILIC_332.08093_67.68546342,0.3325981206800438,0.741244257145282,1,0.2943602235617032,4434
HILIC_332.0954873_60.71953937,0.43655289196123037,0.6648773483552124,0.9978767801948073,0.19020780515339603,4435
HILIC_332.1338639_27.7471238,0.3032055059919865,0.763367773446048,1,0.2519065748144571,4436
HILIC_332.1962957_73.48693235,-0.5498447348238349,0.5856058278155998,0.9913379189285378,-0.3197844147550742,4437
HILIC_332.2128817_57.47925905,-1.1221945177269053,0.2687387882143508,0.9185780391297615,-0.3970614848201722,4438
HILIC_332.2434297_25.97348998,2.6341628300597106,0.01208833934372083,0.31971011967988927,0.9927045944880325,4439
HILIC_332.2877264_22.60688067,-0.007619306035054884,0.9939601278801264,1,-0.004020436261051262,4440
HILIC_332.7506757_47.93020928,-0.6134466415106278,0.5431932333598918,0.9844101439284977,-0.1377989333715712,4441
HILIC_332.8401296_47.33979942,0.5997544527167029,0.5521881412693739,0.9858134543858914,0.11363841418119924,4442
HILIC_332.9230314_43.4180115,0.4266949503063071,0.6719812214207954,0.9996367449012522,0.36780344710354534,4443
HILIC_332.9335842_51.61302371,-1.3784213407689638,0.1760413729904525,0.8365744600905479,-1.258276445425342,4444
HILIC_332.9564906_53.60185225,1.5440469694285632,0.1307683805954319,0.7695072627505222,0.4449093215361053,4445
HILIC_333.0307263_65.08268994,-0.2682032648192152,0.789976555581912,1,-0.138474867189334,4446
HILIC_333.0417139_174.93224,-0.7836055482767363,0.43807211506378996,0.9745124110909839,-0.18008917789532666,4447
HILIC_333.0520658_93.37787073,-0.13733682667609168,0.8914812165564935,1,-0.04277594733136052,4448
HILIC_333.058235_102.9174462,1.2462980597483495,0.2201949112209702,0.8778528260192604,0.4789836857664019,4449
HILIC_333.0647037_63.57344754,0.4727264072387444,0.6390808456461199,0.9955023063019077,0.36824834420540753,4450
HILIC_333.0777443_288.0396482,-0.4122116581694084,0.6824735395512531,0.9999159889500627,-0.2249874030266768,4451
HILIC_333.098923_66.03259546,1.003680409610779,0.3218075440574696,0.9495488307541496,0.7857915270025181,4452
HILIC_333.1446955_24.96979052,-1.3727158332835079,0.17779479528512346,0.8404813690786701,-1.035650786462466,4453
HILIC_333.2467712_25.17540169,1.7603172321522307,0.0863074058970176,0.6962067550962847,1.311748047663567,4454
HILIC_333.2789428_21.97244082,3.600249578078629,8.968330808081699e-4,0.08336832958281863,2.0748049748190214,4455
HILIC_333.3004472_293.2585061,1.2194329226146536,0.2301077170940457,0.8873324093145454,0.5050066929409511,4456
HILIC_333.8251151_54.17250453,-0.7986725683008168,0.4293861520963629,0.9742203846590763,-0.33957949905021,4457
HILIC_333.9104687_50.23694769,-0.0778445412743017,0.9383554083201019,1,-0.062184072431300814,4458
HILIC_334.1191679_33.46443676,1.3638316163618407,0.1805519649251032,0.8435536307584767,1.353238698302586,4459
HILIC_334.1353135_63.45454707,-0.020976760009344373,0.9833726756185148,1,-0.013415203699825731,4460
HILIC_334.1489572_43.23322297,-0.8221882811082369,0.4160393737955118,0.9712636476221591,-0.5344245786745294,4461
HILIC_334.2959639_280.1093348,0.8528842776518069,0.399005270693388,0.9669701703160376,0.4938025923664377,4462
HILIC_334.303479_291.7653626,-0.6183015035199313,0.5400221976724076,0.9841832251168346,-0.2525087387008584,4463
HILIC_334.4331719_167.8571271,-1.3102749616221794,0.1978765160616129,0.8592309077363763,-0.2861732112531083,4464
HILIC_334.6935952_44.84208899,-0.6615886639113608,0.5121803683935928,0.980797573128938,-0.13119276856375625,4465
HILIC_334.747774_48.05806373,-0.8456138710325871,0.40299991978130945,0.9669701703160376,-0.16710305035372153,4466
HILIC_334.8371768_47.25992047,0.5996498455573894,0.5522571531663856,0.9858134543858914,0.11151751883593404,4467
HILIC_334.8470837_251.8182595,-0.6340078702232158,0.5298296906337816,0.9824083431236167,-0.20389419033038825,4468
HILIC_334.8735231_41.96417134,-3.9121461499360035,3.6139505651127995e-4,0.06241231074476798,-3.0943184096328236,4469
HILIC_334.8768545_238.0167038,2.891668927445475,0.006273916769729304,0.2352344449939078,1.1394809316216608,4470
HILIC_334.9995371_115.8570193,0.516378973727457,0.608547007827321,0.9928201179984223,0.44470614796629976,4471
HILIC_335.0193247_76.12978429,-0.8224018859586982,0.4159193160751752,0.9711790213348696,-0.5573318358443087,4472
HILIC_335.0739569_267.6363349,0.032616418486575996,0.9741492046803741,1,0.013120529361650245,4473
HILIC_335.0950447_61.4931757,0.19309477710146225,0.8479011236258962,1,0.05614418817585421,4474
HILIC_335.1254983_287.4571854,-0.26994624969267816,0.788645197864313,1,-0.1267344048892772,4475
HILIC_335.1255348_47.22008247,0.036184551522665524,0.971322413094998,1,0.007257605323209416,4476
HILIC_335.1498405_32.15901843,-0.9386547469156791,0.3537673519418326,0.9588670540445742,-0.6585265857073648,4477
HILIC_335.1627487_29.18056845,0.36139974778298084,0.7197790104045538,1,0.34879508431749756,4478
HILIC_335.2200762_44.08084432,-0.4280199217302928,0.6710246233993744,0.9996367449012522,-0.1641502337638388,4479
HILIC_335.3065955_274.6756828,1.7270926872931627,0.09217764485910843,0.7091629778337872,0.9450294353533855,4480
HILIC_335.5005257_116.3220385,1.366575522081458,0.1796969071498479,0.8429496599952555,1.3283760595057008,4481
HILIC_335.50611_168.4961631,0.34862936263735356,0.7292693977178484,1,0.06719461941908435,4482
HILIC_335.8222671_54.1052483,-1.1650070739773892,0.2511931365001066,0.9053010394091442,-0.44766168710770105,4483
HILIC_335.9074953_50.29524755,1.3480539674286403,0.18552966697206769,0.8470418680997336,0.9717798652681633,4484
HILIC_335.9260556_46.67645701,1.830535132071733,0.07492899298898936,0.6759237804004161,0.9165622201783044,4485
HILIC_336.0184802_77.32985263,-0.061038849062279764,0.9516444463678488,1,-0.03547020699061653,4486
HILIC_336.0683203_33.05055375,-0.37635966743870386,0.7087183845196148,0.9999159889500627,-0.21850109470402707,4487
HILIC_336.0984325_62.00736422,0.6790259981659537,0.5011885418772188,0.9781047779839798,0.31823258582274727,4488
HILIC_336.1288664_54.96659252,-0.21577253092292584,0.8303056348472044,1,-0.11158942315507632,4489
HILIC_336.140522_126.2128683,0.20377411573855686,0.8396047052953804,1,0.09966045590637689,4490
HILIC_336.217081_23.1617874,1.5534631098335343,0.12850585497641923,0.7675729983817857,1.364948637384274,4491
HILIC_336.3110173_126.731369,-1.2542031056050795,0.21733956970527518,0.8736961719728437,-0.4191762225484322,4492
HILIC_336.3111116_290.8627832,0.5085613068676724,0.6139655230525786,0.9931667617408494,0.14044074935326262,4493
HILIC_336.6908469_45.01288189,-0.703971800836097,0.48569211421411873,0.9781047779839798,-0.13885392582677034,4494
HILIC_336.7449997_47.6918398,0.2037775786634574,0.8396020180133907,1,0.08186013328248257,4495
HILIC_336.8341303_47.41020031,0.7258802470938266,0.4723076878166146,0.9781047779839798,0.1552996292752225,4496
HILIC_336.8440512_234.6795077,1.0963040919260207,0.2797648371222804,0.9284126724104405,0.29711068628846926,4497
HILIC_336.9596163_50.53964086,-1.3256469317087942,0.19277925123306608,0.8515234707275139,-0.9649485660871129,4498
HILIC_337.009169_189.05306,-0.24196417995156524,0.8100938218792,1,-0.04296664911586673,4499
HILIC_337.0148603_287.5082465,0.9105631913265486,0.36819880193695376,0.9637531830220828,0.2655827154517242,4500
HILIC_337.0209951_48.6604149,2.4730169669428377,0.017928389720046643,0.38784620630111405,2.023759273824472,4501
HILIC_337.0371676_126.4731431,0.38401508597298034,0.7030827639536541,0.9999159889500627,0.08333333333333424,4502
HILIC_337.0495809_140.6031202,1.384870285959553,0.1740756435847646,0.8345843634065634,0.558692798532186,4503
HILIC_337.0620492_96.061997,0.17751463038166293,0.8600360450911464,1,0.058510820705598765,4504
HILIC_337.0620624_291.2676106,-0.671523262161083,0.5059020037986505,0.9781047779839798,-0.4507733719800146,4505
HILIC_337.0685779_27.36979526,-0.15004500929586248,0.8815134392124464,1,-0.08613764405232652,4506
HILIC_337.0887211_234.654135,1.1107054110563286,0.27359284727348615,0.9212133579231264,0.4706235215111015,4507
HILIC_337.0970206_72.13749869,-0.14282275781510165,0.8871759920679745,1,-0.08659327625701783,4508
HILIC_337.1097081_67.91031305,1.3127533189751313,0.19704784413054338,0.85846412404072,0.5433087854946366,4509
HILIC_337.1462469_62.88806352,1.3904085896206995,0.1724011275521112,0.8326851500809265,1.5408599068118307,4510
HILIC_337.1532751_93.92598746,0.5155683329514626,0.6091078428183203,0.9928201179984223,0.3806626997984073,4511
HILIC_337.1646967_25.50958954,-0.8753452939280911,0.3868215689618999,0.9661464710102153,-0.6919235876703451,4512
HILIC_337.1794636_25.82385234,0.6491011002529236,0.5201316667330174,0.9824083431236167,0.4592164809696278,4513
HILIC_337.2739497_23.20578515,0.6945778373955569,0.49149585897873227,0.9781047779839798,0.40757748879602845,4514
HILIC_337.3144061_288.2657425,1.0986697370820644,0.2787442915763339,0.9266395222036242,0.40735120659708846,4515
HILIC_337.5043218_188.7281466,0.3779537902385966,0.7075434736453953,0.9999159889500627,0.17807148926218586,4516
HILIC_337.5896423_235.3615507,1.0257986178110785,0.3113969757174375,0.9421850854569164,0.6085658898803022,4517
HILIC_337.9054224_56.92733738,0.29085811326930755,0.7727230181231384,1,0.21339817021559884,4518
HILIC_337.9229468_46.63877049,2.2113096917199973,0.03303105554779246,0.4996956656890978,1.40633779270642,4519
HILIC_337.9500329_36.04583882,1.2726315113874045,0.2107907672527769,0.8683661493536527,1.2405401879219082,4520
HILIC_337.9813445_61.12168713,-0.9841477126400466,0.3311954287986385,0.9506069103298993,-0.29505847282136044,4521
HILIC_337.9970748_133.9866472,-0.097823207316465155,0.9225808526493633,1,-0.08451790027447341,4522
HILIC_338.0060243_190.7819212,0.29573431821363194,0.7690242747699287,1,0.25901499641227416,4523
HILIC_338.0181786_77.20196162,-0.922752063950799,0.3618908219583119,0.9621959289015692,-0.6211929583485205,4524
HILIC_338.0516006_137.6302978,1.0825634470713004,0.2857447675618004,0.9295944216943315,0.6661741343949368,4525
HILIC_338.0525074_28.25574845,0.9266615298747961,0.359882591426106,0.9608881797217599,1.1298773953393668,4526
HILIC_338.0607703_27.16667017,-1.0402032345383458,0.30474247093306583,0.9402374180413365,-0.7227045059016789,4527
HILIC_338.0653539_107.6483291,-0.3937212144715569,0.6959618355259709,0.9999159889500627,-0.12990276687394267,4528
HILIC_338.0709987_27.23837095,-1.4671178653175792,0.15047639269877294,0.8024524167282167,-1.6456866897319637,4529
HILIC_338.0808712_26.40248435,-0.1806132478837393,0.8576197846415672,1,-0.13946688106018063,4530
HILIC_338.1600729_25.70208248,0.9351573788492195,0.3555435412458058,0.9588670540445742,0.8561954965443566,4531
HILIC_338.1680566_25.01184358,-0.6501295530865367,0.5194743210535977,0.9824083431236167,-0.6311525678981553,4532
HILIC_338.2327806_22.53937336,2.731235483155164,0.009474820976076428,0.28173137870310405,1.132391675447671,4533
HILIC_338.2772034_22.58876944,-0.9726995949591346,0.33678242450869356,0.9540620942988052,-0.7603742931121028,4534
HILIC_338.6881214_44.72206656,-0.7574775533224487,0.4533811622608127,0.9751806134071928,-0.1530867068800117,4535
HILIC_338.7851726_47.05767741,-0.5052360394407599,0.61627698752685,0.9935055386400015,-0.06602330404633047,4536
HILIC_338.9206403_48.27169832,0.2790979674575492,0.7816653827364306,1,0.14025981576784777,4537
HILIC_338.9565941_50.53715148,-2.233419698124504,0.03141475938259345,0.4910705173139733,-2.0474197317298137,4538
HILIC_339.0116292_78.44081724,-2.0630603409641424,0.04590658992862689,0.5597039356138589,-1.1936207515981432,4539
HILIC_339.0378288_288.5301502,-0.3549080554943083,0.7245978518489247,1,-0.13570042435907695,4540
HILIC_339.0381787_160.3775177,-1.7439055937574919,0.08916666908344784,0.7004041856504828,-0.7231352804458346,4541
HILIC_339.0470678_134.3570092,2.4050060466495684,0.021088634500524183,0.4141280600040436,0.8296788275035646,4542
HILIC_339.0791398_99.03318692,-0.7172069176127475,0.4775810499524199,0.9781047779839798,-0.6849312924678799,4543
HILIC_339.1956284_25.55739994,0.055531720411823485,0.956002418604518,1,0.027141596093556927,4544
HILIC_339.235771_22.41486712,3.531272878689976,0.0010923034526844396,0.09469730035179491,2.211979890826523,4545
HILIC_339.2507047_53.58685582,-0.8519756589069019,0.39950314324024416,0.9669701703160376,-0.15847633619497647,4546
HILIC_339.2893316_22.35709741,0.993803681463799,0.32653175195871664,0.9506069103298993,0.6366753066920285,4547
HILIC_339.9024995_59.41405511,1.4913375539793161,0.1440322673875628,0.7912074889195481,0.8020339713086309,4548
HILIC_339.9754523_111.8527302,0.3897456595863116,0.6988751891732744,0.9999159889500627,0.1649643406964392,4549
HILIC_339.9894275_165.940264,-0.24774037356332687,0.8056535345740135,1,-0.20451838543085998,4550
HILIC_340.013045_227.303535,1.8454617675293614,0.07268159253441318,0.6686644362279182,0.8529126180948394,4551
HILIC_340.0313785_258.9309411,-0.20140269814346187,0.8414454158263623,1,-0.10046412626098217,4552
HILIC_340.0341472_78.42863679,0.0778985156493243,0.9383127549506625,1,0.04853971261950786,4553
HILIC_340.041268_290.0326266,0.3551253790899709,0.7244363456891303,1,0.1531998668870338,4554
HILIC_340.0415184_159.3574415,0.8523970310650454,0.3992722064452666,0.9669701703160376,0.2507194473163713,4555
HILIC_340.0721627_152.634548,-0.056572778404621674,0.9551784862069423,1,-0.017331267946599307,4556
HILIC_340.0826953_99.51031491,-0.4143746329613579,0.680902466190193,0.9999159889500627,-0.317713410568243,4557
HILIC_340.1987408_24.98602932,-0.5360978769692423,0.5949789520218003,0.9921034274533279,-0.339538708483861,4558
HILIC_340.232881_24.20295334,1.2771260927770622,0.2092162820179053,0.8683661493536527,0.855110258987655,4559
HILIC_340.2483082_22.24011417,2.9318536977403418,0.005648232268692372,0.2240750730837302,1.2504225989682793,4560
HILIC_340.2847845_284.0071809,2.46998322242209,0.018059626933717675,0.38812139415691477,0.8064176591046566,4561
HILIC_340.2925924_22.28103597,-0.550959261426105,0.5848490339579019,0.9913379189285378,-0.4391378966054748,4562
HILIC_340.4639612_195.6572463,0.11191265228777791,0.9114748673252225,1,0.05869700679830708,4563
HILIC_340.685579_44.08600868,-0.6890385227798966,0.4949361986369999,0.9781047779839798,-0.1407002675391109,4564
HILIC_340.7822886_47.05904887,-0.028820436654566007,0.9771568752329829,1,-0.0036874501178650594,4565
HILIC_340.8573114_210.2416219,-0.8077402838027062,0.42420921797449174,0.9724257019093233,-0.3784702727068389,4566
HILIC_340.964105_124.4398657,0.8130438569455799,0.42119896225333353,0.9716822081080376,0.6964923289472529,4567
HILIC_341.0157908_113.7217551,0.47966470843103826,0.6341831016358348,0.9947980550876518,0.42071674909657536,4568
HILIC_341.0425149_81.22468095,0.8532235597032928,0.3988194625721023,0.9669701703160376,0.33727007662054986,4569
HILIC_341.0696797_63.04045211,1.667308412500429,0.10357919503297681,0.7228916721315264,1.0643479953816553,4570
HILIC_341.1806759_28.9257178,0.17780890709209993,0.8598065131199839,1,0.19963749607582576,4571
HILIC_341.1957233_23.81208821,0.7886042433632678,0.4351788425220713,0.9745124110909839,0.8472702793990392,4572
HILIC_341.2110792_25.82280126,-0.4071634715800821,0.6861458407578194,0.9999159889500627,-0.19156552318460615,4573
HILIC_341.251545_21.98854978,3.1368995340367087,0.0032696542043107895,0.1678636194435376,1.9963241332710768,4574
HILIC_341.2665914_55.5228057,-1.292969511847386,0.203736813687803,0.8647457759331585,-0.17000702710916743,4575
HILIC_341.2875069_287.5016046,0.7917966477641261,0.43333707319615655,0.9742203846590763,0.33050643459183454,4576
HILIC_341.3051498_22.63208304,-0.26320561856434277,0.7937974680876393,1,-0.15226737396849713,4577
HILIC_341.4370817_165.244041,1.303160037693894,0.20027020762480224,0.8618721518192737,0.8762147789888597,4578
HILIC_341.8632968_43.44572943,1.3719806724462371,0.1780217051435385,0.8404813690786701,0.7726869468889022,4579
HILIC_341.9623162_46.77357415,3.246198668303321,0.002426480429526866,0.1397368887292684,0.7399705784072349,4580
HILIC_341.9997764_124.0141287,0.09277116947426883,0.9265670581088012,1,0.06411541151288007,4581
HILIC_342.0150816_276.103092,-0.10590501580510688,0.9162083133719192,1,-0.04900853704140535,4582
HILIC_342.0300751_175.3303477,0.48797368447483125,0.6283396523313469,0.9947980550876518,0.32106670331468823,4583
HILIC_342.1397892_287.7609316,0.6736962932858321,0.5045343452418419,0.9781047779839798,0.48180636833478124,4584
HILIC_342.1840152_28.49939599,2.6063749759854558,0.012950502908847803,0.32677736535603386,1.5236007247864851,4585
HILIC_342.2639028_21.9091977,3.8764053828764,4.0160256181584936e-4,0.06449274285828956,1.6327031404508245,4586
HILIC_342.2698143_52.31011624,-0.027607543941798703,0.9781179598972422,1,-0.005214230056053383,4587
HILIC_342.2784076_28.80281563,-0.5744753680294994,0.5689922135411527,0.9913379189285378,-0.30906897825813695,4588
HILIC_342.3085402_21.76669113,0.08735226582805014,0.9308448593599778,1,0.05178397902004153,4589
HILIC_342.6831976_43.77406539,-1.1163424604107295,0.2712035054667203,0.919604667683454,-0.3601826718746579,4590
HILIC_342.7795805_46.17990798,0.05349006736821049,0.9576184005544259,1,0.007512867971126631,4591
HILIC_342.8287143_228.6274092,-0.012660329234342573,0.9899642523215613,1,-0.0043571089894872605,4592
HILIC_342.868805_49.90172257,0.7834817854040995,0.4381438952864657,0.9745124110909839,0.3570454706728824,4593
HILIC_342.9176677_252.9715268,-0.5950935686726405,0.5552673037678173,0.9865304209500617,-0.44920352905113464,4594
HILIC_342.9365204_168.6196259,0.2965818441628407,0.7683819559528149,1,0.13498804061300643,4595
HILIC_342.9498401_39.05860333,2.2980901579067847,0.02708452383418309,0.4625615020374081,1.1361958239845118,4596
HILIC_342.959402_46.98500701,0.5931928630977563,0.5565254825772696,0.9876881305116251,0.10530149505110897,4597
HILIC_343.0169021_283.7186164,0.513352802868231,0.610641856514087,0.9928201179984223,0.30272227627403636,4598
HILIC_343.0474113_138.3563295,0.5970855471511158,0.5539502583845342,0.9865181901455302,0.3542200912074461,4599
HILIC_343.1153812_24.28054705,1.2854259166113877,0.2063320904544917,0.8673174277697767,1.0229291721897333,4600
HILIC_343.1234812_81.76142658,0.8563326402267053,0.3971192943163794,0.9669701703160376,0.8622401358674104,4601
HILIC_343.1612345_68.23062212,1.9733129055656575,0.055678926674990484,0.6091222585519535,1.8515917629817689,4602
HILIC_343.2092076_24.55349919,0.29635695738098844,0.7685523759566264,1,0.20912035950425661,4603
HILIC_343.2247197_46.48490758,-0.9860914618759734,0.3302530470666395,0.9506069103298993,-0.14619467273195533,4604
HILIC_343.2689255_30.02603882,3.005894778901388,0.0046457573579659454,0.211098135591109,1.419562122334276,4605
HILIC_343.2859521_28.60797383,0.11233517360462746,0.911142081521151,1,0.07700787476862292,4606
HILIC_343.4302784_163.5176919,0.0010953348933424847,0.9991317126556863,1,4.294455201849047e-4,4607
HILIC_343.5261472_168.8095217,-1.179892780974805,0.2452914918219523,0.9001470068962557,-0.536431020065796,4608
HILIC_343.6942334_174.3557175,6.546736495360647e-15,0.9999999999999949,1,7.099702126184671e-16,4609
HILIC_343.7877041_28.81486738,0.2596388180949716,0.79652759355772,1,0.18904300403149898,4610
HILIC_343.861471_51.1388225,0.2894225809518878,0.7738129388231587,1,0.11154672308299783,4611
HILIC_343.9591455_46.762732,3.334471404844115,0.0019008872074202877,0.12699856034871324,1.0144646991723911,4612
HILIC_344.0048649_117.0959052,-0.41896034328235743,0.6775764052078842,0.9996367449012522,-0.3271186712097241,4613
HILIC_344.0143036_273.6757994,1.8466795632090396,0.07250079363969614,0.6684198756335835,0.6081749793445049,4614
HILIC_344.117947_29.11555254,0.4386801277837515,0.6633484764735318,0.9978767801948073,0.352817519918347,4615
HILIC_344.2070132_31.72649352,1.7605474711135165,0.08626784708258634,0.6962067550962847,1.3608337792054117,4616
HILIC_344.2280722_32.43083408,1.6312974835834917,0.1109926584474094,0.736040478094709,1.0411773846659766,4617
HILIC_344.2795978_21.94060352,2.743728245194653,0.009179399738601596,0.2752088704868528,1.1821388175630658,4618
HILIC_344.4922963_258.3468576,-1.0709849367300746,0.2908529954888191,0.9336356607859333,-0.5322344611791039,4619
HILIC_344.7223729_43.72941507,-0.6984040318027548,0.4891273120624615,0.9781047779839798,-0.099825474896626007,4620
HILIC_344.7303327_48.85499821,-0.009606660060955572,0.9923847843446226,1,-0.003959560138161326,4621
HILIC_344.7764554_46.9858436,0.35794180530125147,0.7223444463642423,1,0.047336888346642986,4622
HILIC_344.8658496_50.43493714,-0.6007572329331777,0.5515268060539374,0.9858134543858914,-0.2822505123512893,4623
HILIC_344.8758118_250.7112033,0.6221811552758486,0.5374950759110155,0.9833164118236528,0.5839583766329766,4624
HILIC_344.8907423_50.28463894,1.4788793602088293,0.1473190217663286,0.7991649972199664,1.0196548724154872,4625
HILIC_344.9116656_49.41499705,0.8954715878909763,0.3761069587654928,0.9637531830220828,0.6017551347732525,4626
HILIC_344.9251929_195.0048083,0.15299711210190814,0.8792006586882861,1,0.08669560312947448,4627
HILIC_344.9565004_46.75238046,0.20894119571671213,0.8355971527709373,1,0.03284348225902163,4628
HILIC_345.0129388_202.3780421,0.7425355488231494,0.46227537490187975,0.97609318139665735,0.19858767236797875,4629
HILIC_345.0759824_74.16676139,-0.7120717797874416,0.4807189144821514,0.9781047779839798,-0.4161912271981402,4630
HILIC_345.1294482_38.90936399,2.200630552375444,0.03383790251435758,0.5027225142861993,1.7859489519318719,4631
HILIC_345.1365993_26.96981562,-0.5560860457050844,0.5813739091526752,0.9913379189285378,-0.7751742599952882,4632
HILIC_345.2228223_43.35937432,-0.9498964351912942,0.34809765167298157,0.9574386235069654,-0.24234524282246236,4633
HILIC_345.2314339_27.65244362,1.0295849057254776,0.30963824537161955,0.9421850854569164,0.9082415166687549,4634
HILIC_345.2830948_21.95338169,3.496293105763401,0.0012064776842440374,0.100587633891123,2.76171315806651,4635
HILIC_345.8587354_53.46654003,-0.3103467263790566,0.7579733345501951,1,-0.19230554222547244,4636
HILIC_345.879181_225.4403565,0.8566221576762382,0.39696120630026444,0.9669701703160376,0.30278759281707723,4637
HILIC_345.943029_125.4369146,0.246421072682858,0.8066671422162719,1,0.14022306483763536,4638
HILIC_345.9627094_172.4917678,-1.7947985807952647,0.08055023212553661,0.6939617698381066,-1.149502113267689,4639
HILIC_345.9772142_227.5995035,0.44205425989289676,0.6609264322988706,0.9968021749030789,0.1948783611510502,4640
HILIC_345.9836052_109.6799928,-0.7336714481530263,0.4675992115323402,0.9777549229263227,-0.3095509788886383,4641
HILIC_345.9972664_113.9013047,2.357227299064842,0.02360174141109016,0.43556851625430787,1.4282785153842494,4642
HILIC_346.0096996_286.8603461,-1.4522097855484026,0.15455524261149023,0.8120611576677296,-0.6825174443428957,4643
HILIC_346.018933_283.1293903,1.0134629416338952,0.31717431846998095,0.9452895703994642,0.5256072823991426,4644
HILIC_346.0424719_126.6156316,0.696580580930781,0.49025529364476517,0.9781047779839798,0.2133918906655439,4645
HILIC_346.0669183_26.11376714,1.0812063393912421,0.28634021815148164,0.9295944216943315,1.0615452873501585,4646
HILIC_346.1237166_68.62119072,-3.4948398907281816e-4,0.9997229590853765,1,-2.0725266796361335e-4,4647
HILIC_346.1399555_27.01252724,-0.24979664539861382,0.8040743956027956,1,-0.17374218766511723,4648
HILIC_346.2227337_29.40081384,2.514834882937341,0.016205761203028392,0.36951017198777364,2.1594609572818113,4649
HILIC_346.7197592_43.77310812,-0.2885442174509601,0.7744800606972281,1,-0.04095152551170444,4650
HILIC_346.7274918_49.57111927,-0.017553950425064087,0.9860854674461531,1,-0.0066703292709211015,4651
HILIC_346.8560097_41.72028049,-2.456835870530487,0.018638532647754332,0.3960839274030345,-1.6640270299620459,4652
HILIC_346.8628229_47.29174494,0.05357022783481361,0.9575549495524922,1,0.01899039761270831,4653
HILIC_346.8879609_50.17811161,0.7365336411584735,0.4658763087487594,0.9771832593684718,0.4853675950429903,4654
HILIC_346.9089138_249.0148631,-0.1458317041733688,0.8848161046593752,1,-0.0619248220642986,4655
HILIC_346.9089952_50.16852997,0.37132818295145326,0.7124314379575015,1,0.281262100647192,4656
HILIC_346.9732641_63.21215137,-0.4238169895123312,0.6740609423117438,0.9996367449012522,-0.4218240951058011,4657
HILIC_347.0135006_284.5322904,0.2555945683636303,0.7996263039729651,1,0.10153594110015565,4658
HILIC_347.0342132_74.64339896,0.7235906044406758,0.4736965378221042,0.9781047779839798,0.5815455723209272,4659
HILIC_347.0412633_122.2979741,1.6559710769168334,0.10586778406551813,0.7270102455490702,1.1996941732656408,4660
HILIC_347.0948952_57.11769013,-0.7356649082551443,0.46639885653839064,0.9773834678378885,-0.8218685931164839,4661
HILIC_347.1174364_56.57777966,-0.7718725926997457,0.444908217261743,0.9745894987688215,-0.5668356562957645,4662
HILIC_347.1236932_33.40372246,-0.7376124001616878,0.4652278997650314,0.977038339924947,-0.581312912787135,4663
HILIC_347.1337357_26.82335371,-0.2469032434788878,0.806296655259082,1,-0.18850874323593653,4664
HILIC_347.183325_44.19257679,-0.6989857399525724,0.48876777495498425,0.9781047779839798,-0.09697519656385718,4665
HILIC_347.2223912_26.42900104,-0.31811667107796754,0.7521178523411417,1,-0.3050014693099072,4666
HILIC_347.2290588_283.3463134,1.8041945644572794,0.07903880993991029,0.6906005028676255,1.24364825832434,4667
HILIC_347.3157267_292.6706551,0.18376280823169042,0.8551652199927232,1,0.07727046998492934,4668
HILIC_347.4420874_189.9855195,-0.19313953379803173,0.847866316374538,1,-0.15062020992450917,4669
HILIC_347.8557541_53.65071599,0.1723304128639229,0.8640816645832263,1,0.08711707396878018,4670
HILIC_347.8958581_247.8513616,-1.2104326523058346,0.23350138567329476,0.8879258919320564,-0.5030707768694594,4671
HILIC_348.0077376_106.8649707,-0.0051141402037897165,0.9959459665769599,1,-0.0040963562789595506,4672
HILIC_348.013991_111.1926054,0.17272665369347373,0.8637723170228996,1,0.043430472974006845,4673
HILIC_348.0140328_290.5023764,1.7847710270627866,0.0821900851966829,0.6948552844377854,1.1823497395925204,4674
HILIC_348.0547833_68.12822482,0.6330061346735535,0.5304767120757174,0.9824083431236167,0.22929745920500982,4675
HILIC_348.1361437_25.95942426,-0.1603856317938519,0.8734169723205532,1,-0.18252174500670426,4676
HILIC_348.3191135_290.1642418,0.6317439231784664,0.5312925683770962,0.9825105141082653,0.2668077057742822,4677
HILIC_348.4447287_161.312588,0.4752795376082982,0.6372766735318032,0.9953856535986481,0.18240169877313825,4678
HILIC_348.5543092_122.3482263,-1.7389599790651615,0.09004369882180971,0.7027255382467117,-1.1375543984450114,4679
HILIC_348.7195283_45.07159066,-1.1972327484856398,0.23854507059231345,0.8946614565242167,-0.2739146340087977,4680
HILIC_348.8140782_47.23920377,0.7431736698658993,0.46189347625278177,0.9758400365695539,0.14091305783280028,4681
HILIC_348.8686678_235.8940372,0.0401228718038949,0.9682027832663889,1,0.013687425591533395,4682
HILIC_348.9502802_61.45422688,-1.4053032611421148,0.16795981747950078,0.8308087949001756,-0.7355699408471625,4683
HILIC_349.0082841_231.9506316,0.3263723180426183,0.7459125567829253,1,0.07567427991776703,4684
HILIC_349.0178967_259.853456,0.002608686087030313,0.9979320599049337,1,8.029699723572341e-4,4685
HILIC_349.0302501_257.9945413,-0.4989629368856063,0.6206483257459208,0.9947980550876518,-0.30494945328351647,4686
HILIC_349.0653374_70.37192215,-0.14369727730880424,0.8864900067426029,1,-0.10775588948796466,4687
HILIC_349.1107039_61.19030559,-0.32845354362634677,0.7443509002173455,1,-0.22546134514125502,4688
HILIC_349.1358967_150.9461731,0.7485713953776385,0.4586704126935681,0.9755657681934743,0.16287883195556258,4689
HILIC_349.1382412_24.65605863,0.7909240923048007,0.433840004026107,0.9742203846590763,0.6314493187095069,4690
HILIC_349.1835181_29.46052069,1.7282240605328776,0.09197239979877658,0.7086250126722805,1.429666749826439,4691
HILIC_349.2584738_292.8069464,-0.5912078231902624,0.5578410273173056,0.9880825913041205,-0.16691455356306018,4692
HILIC_349.2950513_286.3839271,0.19654017009698732,0.8452225508779393,1,0.07482367957591052,4693
HILIC_349.430243_165.5075797,-0.4332149312531729,0.6672793049076485,0.9982644021852166,-0.20489073161402102,4694
HILIC_349.6571354_170.3672387,0.6363604736628786,0.5283117838142626,0.9824083431236167,0.08333333333333293,4695
HILIC_349.7990023_54.40547685,-0.7612418297296117,0.45115640648822797,0.9745894987688215,-0.0833333333333324,4696
HILIC_349.9397725_195.999804,1.2070021516687879,0.23480456269105995,0.8884134042888568,0.5220286699223773,4697
HILIC_350.019912_265.4894697,-1.7440980166801747,0.0891326908264187,0.7004041856504828,-0.4341819019868374,4698
HILIC_350.0871903_35.5863467,1.4972061716158913,0.14250436827816712,0.7878438691110466,0.8124933912621921,4699
HILIC_350.0931876_35.03813798,-0.053081745536426014,0.9579416119451036,1,-0.05246007612134007,4700
HILIC_350.1869286_28.43487575,2.0868697832906977,0.04358030373898186,0.5472794338444485,2.331567710259804,4701
HILIC_350.2619077_282.0166694,-0.1600207677433676,0.8737024233254564,1,-0.0625966364049011,4702
HILIC_350.3267379_291.3468061,-0.2938157472068577,0.7704789201889625,1,-0.11260033893957865,4703
HILIC_350.4329915_180.2969998,1.2555897791458683,0.21684156221512685,0.8731537174226586,0.714654433660813,4704
HILIC_350.5205025_170.6739634,0.15717235651983383,0.875931459335635,1,0.034031663415160826,4705
HILIC_350.7159494_44.20991703,-1.6445337151458956,0.1082186383994112,0.7299763028144053,-0.5834826714510895,4706
HILIC_350.8111508_47.21411457,0.6479560284005288,0.5208640747284237,0.9824083431236167,0.1269469462196228,4707
HILIC_350.8323556_231.5043515,-0.37114702312881254,0.7125652602421242,1,-0.12426129436450924,4708
HILIC_350.8417065_224.8880819,0.5074955633570098,0.6147059116330771,0.9931667617408494,0.15122474579136178,4709
HILIC_350.89288_239.8119544,0.8834030731412855,0.3825088172009833,0.9638726330536317,0.26466368170660237,4710
HILIC_350.898748_49.58906463,0.703277226829429,0.48611990988034115,0.9781047779839798,0.1799302056098748,4711
HILIC_351.0132343_260.4397187,-0.684445989240745,0.4977986270547846,0.9781047779839798,-0.21569845848769173,4712
HILIC_351.0146769_61.24558954,0.6747810890933398,0.5038523573243102,0.9781047779839798,0.23701613515111938,4713
HILIC_351.0227382_268.6619463,-0.04317508935721489,0.9657854001150215,1,-0.011172818404007969,4714
HILIC_351.06106_70.57341136,-0.001640265651639053,0.9986997387262713,1,-9.624122056682721e-4,4715
HILIC_351.0689421_63.87060343,0.6992599465565115,0.4885983470741473,0.9781047779839798,0.28589839562062536,4716
HILIC_351.0996212_44.29087599,-1.2220414233806212,0.2291309942485432,0.885876489596682,-0.21502354345793492,4717
HILIC_351.1397883_25.59553018,-0.7780473313065361,0.4413027056852379,0.9745894987688215,-0.7126571742972047,4718
HILIC_351.1586678_97.57120518,1.4663346564623205,0.15068853500677115,0.8029981624074407,0.7850855538974646,4719
HILIC_351.1706197_40.53346012,1.3890139311483751,0.17282162091496664,0.8328305719552533,0.9618289996328816,4720
HILIC_351.6803893_169.3229493,-0.9420162782086825,0.3520656524521031,0.9584043320087575,-0.2516041224508135,4721
HILIC_351.7963051_54.5761146,0.7612418297296129,0.4511564064882274,0.9745894987688215,0.08333333333333254,4722
HILIC_351.892244_43.21545087,-0.4478430608577631,0.6567796695345447,0.9965858111391217,-0.3116654030613732,4723
HILIC_351.9227966_253.7005474,-0.33009307241466357,0.7431214412877372,1,-0.24985500821193926,4724
HILIC_351.980872_190.2708317,-0.7046939124016907,0.4852475824640533,0.9781047779839798,-0.5385013333604137,4725
HILIC_351.9912268_46.51758719,2.217059056123586,0.03260379540692654,0.4977702875051661,0.9233671945372639,4726
HILIC_352.0161998_268.9767792,-0.786689069956223,0.4362859987968629,0.9745124110909839,-0.2351744084988861,4727
HILIC_352.0295981_172.6352938,-0.3355586738904748,0.7390277985288505,1,-0.22651694926330396,4728
HILIC_352.0584622_49.42929688,-0.3522714587496025,0.7265582774096674,1,-0.33970319597692666,4729
HILIC_352.1598761_118.0263925,0.08443421191044123,0.9331493038388878,1,0.04561055183520761,4730
HILIC_352.1656982_24.3496963,2.6462393764701977,0.011730385450888956,0.3143166494347497,2.2733602743098396,4731
HILIC_352.2233748_28.69693148,-0.019799485363268293,0.9843057189059179,1,-0.01691141093174484,4732
HILIC_352.3403858_280.9204441,-0.8681950800834882,0.3906742835172533,0.9669701703160376,-0.2500055945311916,4733
HILIC_352.8082582_46.78555391,1.7203646789072091,0.09340610015302464,0.7116439541241596,0.591165732890971,4734
HILIC_352.8577601_249.3949161,0.8018159356431559,0.4275872351410208,0.9738791676427527,0.2699418991452325,4735
HILIC_352.8971366_55.10705254,0.41799443602527925,0.678276447182825,0.9996367449012522,0.05876449868240289,4736
HILIC_352.9882646_46.39171672,0.6928602387960393,0.4925611901355713,0.9781047779839798,0.17470614742733642,4737
HILIC_353.0110202_272.4777356,0.4831993569150924,0.6316943643148207,0.9947980550876518,0.12870254845944334,4738
HILIC_353.0175133_265.9375028,0.8612044785012941,0.39446433514991597,0.9669701703160376,0.20174670442693468,4739
HILIC_353.0272055_267.1658566,-0.6911163649594219,0.4936441335156587,0.9781047779839798,-0.3832011687885057,4740
HILIC_353.0607024_34.42353315,0.45054803806992255,0.6548457298963719,0.9965858111391217,0.577248716730279,4741
HILIC_353.0920271_224.7009644,-0.19902373040621235,0.8432928924026928,1,-0.09926350569650841,4742
HILIC_353.1319673_22.89776683,-0.16526635252788793,0.8696002074989571,1,-0.16303271689885326,4743
HILIC_353.1593766_27.47123793,0.14380720587253168,0.8864037834824536,1,0.14039366548654694,4744
HILIC_353.1742207_31.10086145,-0.304054731248144,0.7627256413361926,1,-0.22671629658042883,4745
HILIC_353.2200008_63.91050523,-1.3602750674902975,0.18166492856133679,0.8448097971996803,-1.0477763046889952,4746
HILIC_353.2666838_51.35652852,0.16776322103410182,0.867648849492816,1,0.054045078513297734,4747
HILIC_353.3429544_287.5251579,2.541412582910524,0.015190925222770503,0.35355049080598666,0.645743522333093,4748
HILIC_353.5938674_225.4334882,-0.037035963814082674,0.9706479504049652,1,-0.028073317468028765,4749
HILIC_353.7217245_67.13407097,-0.8825345788436615,0.3829721817645302,0.9638726330536317,-0.6203723882817297,4750
HILIC_353.9009674_58.28436319,0.7922088833120882,0.4330995873771335,0.9742203846590763,0.24281622056133614,4751
HILIC_354.0124748_269.0020832,-0.9120963042362465,0.36740149612043715,0.9637531830220828,-0.346084613392471,4752
HILIC_354.0394158_99.81758488,1.174845097253392,0.24728128634817784,0.9010955962374397,0.6972798665371692,4753
HILIC_354.0748421_44.61532818,1.7703226048866898,0.08460230857909022,0.6959761542836904,1.879886061430217,4754
HILIC_354.1785876_37.29348452,-1.271261147444794,0.21127258373246155,0.8683661493536527,-0.9800256439765812,4755
HILIC_354.2233042_67.23908497,0.2608132636538521,0.7956283534871637,1,0.21103543148494566,4756
HILIC_354.2487311_23.84797579,-0.7539762425752136,0.45545626562337305,0.9753792522951469,-0.5768975008427273,4757
HILIC_354.444648_168.4303018,0.6595607939709082,0.5134670933617057,0.9818120784703501,0.6737950026138464,4758
HILIC_354.4797993_169.5167435,-1.2105285394133576,0.2334650368362802,0.8879258919320564,-0.4982650350941365,4759
HILIC_354.7532577_44.18363332,-1.6231349964359756,0.11273223380996512,0.7386028370327659,-0.2911691783756986,4760
HILIC_354.894585_57.2879443,-1.1322978795566503,0.26452125243515334,0.9153716740091526,-0.16569567447075276,4761
HILIC_354.9322033_283.4685449,0.10370727037122884,0.9179407088213509,1,0.029189666900590435,4762
HILIC_354.9410711_46.37499805,-2.477478424450555,0.01773696754928469,0.38540492420368255,-1.421003263547287,4763
HILIC_354.9464777_168.7328521,0.2314817548713659,0.8181680434117176,1,0.05744454986742358,4764
HILIC_355.0031299_178.880705,0.5728503608335761,0.570081054795498,0.9913379189285378,0.6809325907393224,4765
HILIC_355.0120152_254.3351232,0.3113371940775356,0.7572261000641939,1,0.1549850707688433,4766
HILIC_355.0121119_81.04431237,-0.9174432371259874,0.36462954471319076,0.9637531830220828,-0.48396767367637,4767
HILIC_355.025252_74.49584436,-0.7347594762244708,0.4669438387761171,0.9777006140440889,-0.48963500190948944,4768
HILIC_355.0391879_136.9067179,0.9159023634580338,0.36542696639141115,0.9637531830220828,0.35499274069546904,4769
HILIC_355.0467561_63.91635696,-0.5560933778347752,0.5813689463586704,0.9913379189285378,-0.3997762894119934,4770
HILIC_355.0475956_126.1900483,1.177821916823407,0.24610640888874302,0.9003208218306411,0.2532517051104818,4771
HILIC_355.0582217_63.54427976,0.11249652058989994,0.9110150058460486,1,0.08040257979090884,4772
HILIC_355.0710637_290.9888348,-0.6351931125814306,0.5290646808269772,0.9824083431236167,-0.20219044594683122,4773
HILIC_355.161054_40.66407318,0.356163328000567,0.7236651597181469,1,0.27273727465886083,4774
HILIC_355.1905855_25.9477306,-0.694055294864166,0.49181982698444326,0.9781047779839798,-0.3421587288923241,4775
HILIC_355.2247547_43.37977523,-0.406881044597771,0.6863515208928004,0.9999159889500627,-0.254858057279498,4776
HILIC_355.2632927_24.93923398,1.5403738265826654,0.1316596312961813,0.7699545183289296,1.156952862015956,4777
HILIC_355.2829711_44.88376498,-0.4435188880487445,0.6598762278567598,0.9968021749030789,-0.055875307314748886,4778
HILIC_355.2837111_277.6531532,-0.6582590798201033,0.514293978541535,0.9824083431236167,-0.18000346952599902,4779
HILIC_355.5127563_116.8782496,-0.6788020227943846,0.5013288995144187,0.9781047779839798,-0.4365612225457995,4780
HILIC_355.560447_234.1687788,0.8734551988178298,0.3878376499626839,0.9661464710102153,0.5727844382550171,4781
HILIC_355.8781687_48.71066273,1.326984218651826,0.1923405982954552,0.8515234707275139,1.3804494846324307,4782
HILIC_356.0695902_292.3941845,-0.28509369759598757,0.7771024206998117,1,-0.08433309692950264,4783
HILIC_356.1937848_26.44682674,1.5629946432284967,0.12624791297637605,0.7652102591223218,1.2287558732444313,4784
HILIC_356.2434363_23.29377523,2.212700473266799,0.0329272463526777,0.4996956656890978,1.3965975451675927,4785
HILIC_356.2792367_21.83764076,2.5729010188992856,0.014064001628913496,0.34149221884116077,1.7440435770433904,4786
HILIC_356.2861832_44.34176829,0.49257535218069987,0.6251137937085612,0.9947980550876518,0.11649895584025176,4787
HILIC_356.2942632_28.31021477,-0.8558368309652532,0.39739011751088715,0.9669701703160376,-0.5954052813288258,4788
HILIC_356.3432359_173.6049108,-0.5243349642881627,0.6030554564071788,0.9928201179984223,-0.08333333333333227,4789
HILIC_356.6777473_173.5225314,-3.3810831427539496e-15,0.9999999999999973,1,-3.6666640232776066e-16,4790
HILIC_356.7512926_44.52734812,-0.7054006760088181,0.4848127207348918,0.9781047779839798,-0.12763456622392486,4791
HILIC_356.9389136_43.90886507,-1.781951689427833,0.0826561809708171,0.6948552844377854,-1.5811162752805985,4792
HILIC_356.9470122_50.12618987,-2.1951158502172525,0.03426137642647301,0.5048831476813758,-1.139547582611713,4793
HILIC_356.9923635_208.3330845,0.15672301376759967,0.876283188292285,1,0.054278910082510144,4794
HILIC_357.0099628_77.99704455,-0.6955545021816283,0.4908906618769878,0.9781047779839798,-0.38878578176679907,4795
HILIC_357.0670426_292.0202654,1.535370098794098,0.1328816003255979,0.7716476424216516,0.7269054094370612,4796
HILIC_357.0787216_288.2499257,0.18660475265364215,0.8529516402502841,1,0.09079529989567425,4797
HILIC_357.1002923_183.4624133,0.8764155327865985,0.3862469770976096,0.9661464710102153,0.7144723472387378,4798
HILIC_357.2063049_25.3428311,-0.26701144264844434,0.7908872816319547,1,-0.12281047477899348,4799
HILIC_357.240427_45.97450827,-1.4336696368667687,0.1597490399418417,0.8202102361448862,-0.21100891276788653,4800
HILIC_357.2498694_271.9994633,1.4156394259240797,0.1649306073003126,0.8267580857332197,0.6477135054106389,4801
HILIC_357.2794857_23.61134676,-0.08581147433132928,0.9320615788543744,1,-0.07310022843329521,4802
HILIC_357.2999894_22.64894051,0.6130090677162184,0.5434795149264589,0.9844101439284977,0.2968678470182211,4803
HILIC_357.4276548_166.8939876,-0.693682665640416,0.4920509238777431,0.9781047779839798,-0.24272437215891635,4804
HILIC_357.5010435_168.5997933,-0.18499042367832413,0.8542088885107424,1,-0.04532666810315199,4805
HILIC_357.5408434_41.98669008,0.2653205310114934,0.7921798939209929,1,0.1981737213634943,4806
HILIC_357.5504227_126.2271678,1.0630409272447399,0.2943944688377194,0.9374595218807457,0.376454536075612,4807
HILIC_357.6343359_171.8986269,5.087778086128747e-15,0.999999999999996,1,5.51751379045755e-16,4808
HILIC_357.8764291_42.32641073,2.2283244515901464,0.03178085316929302,0.493246874061832,0.7638054525992665,4809
HILIC_357.9345159_124.7212382,0.09109928980523707,0.9278866472375304,1,0.06970570381617283,4810
HILIC_357.95044_50.16724465,-2.1872602886507964,0.034872730988884826,0.5071145710054252,-1.6782370036731775,4811
HILIC_358.0105842_263.5811289,-0.42830992368763354,0.6708153226719731,0.9996367449012522,-0.17708887615139748,4812
HILIC_358.0512407_126.4338378,0.9582874022826221,0.3439050467069864,0.9564212583657042,0.2986586477151785,4813
HILIC_358.2079828_27.45133858,0.8722199850000911,0.38850259122579056,0.9666417022738629,0.531184640707248,4814
HILIC_358.2437985_43.40531799,-1.0132329063439298,0.31728274377570814,0.9452895703994642,-0.14520550566941,4815
HILIC_358.2589343_23.80428285,1.5064810183856208,0.14011605524201579,0.7851055614738052,0.6074941261548134,4816
HILIC_358.2763748_27.46444284,-1.4530400042371634,0.154325822017727,0.8113984818937385,-0.9073275760599304,4817
HILIC_358.2823831_23.88885407,0.08273950971720404,0.934487912107139,1,0.03583380638976164,4818
HILIC_358.2953881_21.86921898,2.8076364037581385,0.007797359741958755,0.2619554217640756,1.751444410269525,4819
HILIC_358.4168434_254.8201403,0.6806179518803743,0.5001915431630697,0.9781047779839798,0.9631575171253318,4820
HILIC_358.7485337_44.30258715,-0.44824378003830945,0.6564930217103112,0.9965858111391217,-0.172708785354849,4821
HILIC_358.8428559_47.40671796,-0.6715917740702659,0.5058588529521579,0.9781047779839798,-0.1860045601483391,4822
HILIC_358.9335687_45.31924725,0.10290103482819754,0.9185763342837505,1,0.050259666806343785,4823
HILIC_358.9440311_50.05308049,-2.1059433638311043,0.04179202882282337,0.5388286365772633,-1.1009996740723036,4824
HILIC_358.9671796_189.6080154,-0.5417833813334578,0.5910937273906008,0.9919344024228657,-0.3641370941883481,4825
HILIC_358.9967153_77.12895322,-0.8520209911439477,0.3994782944920876,0.9669701703160376,-0.5991579117621629,4826
HILIC_359.0296626_142.4160092,0.6525253412573945,0.5179447595037023,0.9824083431236167,0.36621650162874175,4827
HILIC_359.0440907_97.4005474,1.160858873102047,0.25285595166054503,0.9054022050039036,0.4598790362103933,4828
HILIC_359.0914605_67.93244247,-0.38758001166475037,0.7004641575391134,0.9999159889500627,-0.10733222543527872,4829
HILIC_359.1186017_84.13482864,-1.043722056930905,0.3031318962674732,0.9402374180413365,-0.7276056409314664,4830
HILIC_359.2106654_28.05133204,1.495841091998464,0.14285860873112163,0.7881705339284608,1.3615101161516787,4831
HILIC_359.2218539_25.12463907,-0.24199657389933543,0.8100689020647829,1,-0.08645475034501168,4832
HILIC_359.2390079_44.09774203,-0.33780755476291274,0.737345646870723,1,-0.061730083896936426,4833
HILIC_359.2625011_23.10952842,1.2260975730800276,0.22761831355288487,0.8840256380508829,1.0150100618692652,4834
HILIC_359.2776335_27.17575588,-0.49675426598169026,0.6221907441579189,0.9947980550876518,-0.4630235599506283,4835
HILIC_359.3159151_22.61421136,-0.48845406689399234,0.6280025483260838,0.9947980550876518,-0.2856766908108841,4836
HILIC_359.3161084_140.2044732,-1.3877937848145951,0.1731901516691273,0.8333284173727381,-0.45818018162859825,4837
HILIC_359.4149144_253.0176045,0.3618443041582143,0.719449432617145,1,0.3594362068943219,4838
HILIC_359.4687849_188.8562374,-1.9428770669177615,0.05937955024038135,0.6219910283250402,-1.8939839409913977,4839
HILIC_359.5066678_258.6643157,-1.274369296127994,0.2101809551856427,0.8683661493536527,-1.162982993668687,4840
HILIC_359.8358552_53.30732696,-1.129456951391841,0.26570234609431564,0.9155069968358608,-0.9049311667898656,4841
HILIC_359.8960555_243.8840658,-0.5767692954825788,0.5674569198403275,0.9913379189285378,-0.253251312427989,4842
HILIC_359.9473541_50.00953192,-1.0398289421656017,0.3049141323256648,0.9402374180413365,-0.7900018860733542,4843
HILIC_360.002757_257.1571567,1.710426010481296,0.09524573658866882,0.7128280646827104,0.5102524375881848,4844
HILIC_360.0106314_251.9850092,-0.9508397080474061,0.3476246605879485,0.9574386235069654,-0.3446805023429443,4845
HILIC_360.0634136_62.59555118,2.4220033818296427,0.020254723871534784,0.4089996298480867,1.286978848189929,4846
HILIC_360.095006_70.09806667,-0.8908481182777697,0.3785513579930101,0.9638726330536317,-0.2122965919333351,4847
HILIC_360.1404203_73.83248493,-0.851104485908811,0.39998086219148643,0.9669701703160376,-0.7446230411878778,4848
HILIC_360.1502589_77.54116322,0.45862068414096707,0.6490884805299308,0.9965858111391217,0.3707886059269386,4849
HILIC_360.2252196_25.05489991,0.18837805392654228,0.8515710310091551,1,0.14299312909159637,4850
HILIC_360.2746698_23.24310172,3.7844044576874065,5.260931110829217e-4,0.0671313570817816,1.6315539478911047,4851
HILIC_360.3191593_22.22657665,-0.06979372825227939,0.9447195699384523,1,-0.044537718884585055,4852
HILIC_360.3747584_205.4774685,-1.2768595540823995,0.20930940487132077,0.8683661493536527,-0.39026467623981326,4853
HILIC_360.5029985_167.421845,0.26421176062955387,0.7930278127793413,1,0.06568367481895292,4854
HILIC_360.5038866_255.8271008,0.7660516622837805,0.44832307314619413,0.9745894987688215,0.6629940614654236,4855
HILIC_360.7044202_49.14794867,-0.43335660877168625,0.6671772831870906,0.9982644021852166,-0.4291398368388976,4856
HILIC_360.8398028_47.41161574,-0.6748598546909096,0.5038028587775218,0.9781047779839798,-0.16633954647120172,4857
HILIC_360.8857414_49.71626527,0.6590184334304381,0.5138115284758185,0.9821120710980785,0.3899559300575518,4858
HILIC_360.9289083_47.74399601,0.9964134881099314,0.32527890639586177,0.9506069103298993,0.3364607290962809,4859
HILIC_360.9410241_50.1270927,-3.352966110343744,0.0018054649403073599,0.12645543842736506,-1.833461130392298,4860
HILIC_360.9776053_188.3092098,-0.07334507813995936,0.9419117532693349,1,-0.057741579524532016,4861
HILIC_361.0005274_257.8502375,1.8666645289788186,0.06958798954365762,0.6564582741829598,0.538068421079868,4862
HILIC_361.0037998_173.6583226,-0.3480248332202894,0.7297197418968364,1,-0.2884965742997046,4863
HILIC_361.0199241_165.8821894,-1.0010332261999486,0.32306916579090084,0.9506069103298993,-0.3264421527806633,4864
HILIC_361.0202394_61.63199587,-0.31574365627792417,0.7539046180727548,1,-0.13658718981184229,4865
HILIC_361.049854_74.25062922,-0.1388852335361974,0.8902657220474464,1,-0.054217866449479894,4866
HILIC_361.0595788_64.98307491,-1.7918823116802638,0.08102427137861032,0.6939617698381066,-1.202408470992748,4867
HILIC_361.2010973_24.3815882,-0.5120828225662132,0.6115219822612874,0.9928201179984223,-0.36493515346794786,4868
HILIC_361.2205196_23.72945441,2.403765713572724,0.021150687242937734,0.41482808562615703,1.5827150220284922,4869
HILIC_361.2746695_25.66597138,0.690368916394833,0.49410870340318724,0.9781047779839798,0.6514955005243223,4870
HILIC_361.8329391_53.357161,-0.8568314305077321,0.39684695960510163,0.9669701703160376,-0.7347366554653594,4871
HILIC_361.8659715_227.6081027,0.055290652355045815,0.9561932159208033,1,0.02465610900131738,4872
HILIC_361.9211362_41.70524383,2.182856948747361,0.03521963561010108,0.5077888914586426,1.4535194344145332,4873
HILIC_361.9809822_189.244031,1.0830499498532244,0.28553151938963145,0.9295944216943315,1.04789888990896,4874
HILIC_361.99975_254.518077,0.7622631584631058,0.45055389187052997,0.9745894987688215,0.5667630695093658,4875
HILIC_362.0255422_129.9619117,-1.5377551398298792,0.13229801167720145,0.7702105138753427,-0.5505321384124675,4876
HILIC_362.1513264_26.34938264,-0.006990973644757328,0.9944582022434065,1,-0.010233678851800071,4877
HILIC_362.2227212_25.30684329,-0.9437064626969869,0.35121207299702983,0.9578247927857968,-0.7775945709480069,4878
HILIC_362.8864782_232.7207576,0.962584912038284,0.3417707946003862,0.9550137755006265,0.27446873433406066,4879
HILIC_362.9130144_59.63334154,0.5743073482754146,0.5691047478384625,0.9913379189285378,0.3177237188941781,4880
HILIC_362.9268449_58.31626557,-0.4846240575344199,0.6306924594434071,0.9947980550876518,-0.17335722163146086,4881
HILIC_362.9311004_187.5091674,-1.711238782629252,0.09509416931971182,0.7128280646827104,-0.7287982549137895,4882
HILIC_362.9746895_190.1767601,-1.9402479804893287,0.059708949785942725,0.6236885645858777,-1.8378482437531167,4883
HILIC_362.9841669_190.2409629,1.224281838204562,0.2282945479612033,0.8847032541873188,1.1637414764404108,4884
HILIC_363.0000492_249.5509864,1.1507944869067432,0.25692337368300816,0.909076957469324,0.6917693129365183,4885
HILIC_363.0260262_69.58330892,0.527372501658147,0.6009649526809846,0.9928144482048423,0.2080094371070014,4886
HILIC_363.1118828_64.10154896,-0.655129631352026,0.5162848328884173,0.9824083431236167,-0.4555359006057656,4887
HILIC_363.1546311_25.66344105,-0.03254643585033509,0.9742046507072419,1,-0.04041940675510499,4888
HILIC_363.2167761_25.27019239,0.12896740169986706,0.8980557033506825,1,0.09240813431762143,4889
HILIC_363.3108947_289.8465521,0.7511248876096408,0.45715026091075883,0.9755657681934743,0.28783164225796093,4890
HILIC_363.3109905_163.8521029,0.4122020954697755,0.682480488586174,0.9999159889500627,0.10861934612248215,4891
HILIC_363.4311806_255.1238156,0.8088460842951034,0.4235804998100814,0.9724257019093233,0.8172861708410027,4892
HILIC_363.4658126_257.0201342,-0.4193375100043164,0.6773031318588879,0.9996367449012522,-0.23836120626701568,4893
HILIC_363.472151_185.4010237,-1.1875929835004209,0.2422786048191572,0.8968418665666728,-0.5987926117901121,4894
HILIC_363.5377111_174.8183683,0.0416821109901814,0.9669678127130096,1,0.02878047607882139,4895
HILIC_363.8298901_53.49394485,0.7772100976325832,0.4417905557347732,0.9745894987688215,0.3910329571640939,4896
HILIC_363.8735502_246.9074037,1.1850640239591128,0.24326512265759204,0.8982469518214177,0.30713245004251194,4897
HILIC_363.9296658_58.96219956,-0.5496767439369331,0.585719939167245,0.9913379189285378,-0.22050786817660134,4898
HILIC_363.934265_188.2153525,0.58526779110835,0.5617870318394168,0.9899322889121577,0.30871082504339703,4899
HILIC_363.9974071_277.0082021,1.8036264768956407,0.07912950585914896,0.6908853426334663,1.1758778059584807,4900
HILIC_364.0236309_116.9962209,-0.9016497157527473,0.3728564664842381,0.9637531830220828,-1.0353664207999205,4901
HILIC_364.0432402_36.01053661,-0.07439839040905324,0.9410791117792954,1,-0.062115548989608596,4902
HILIC_364.0600637_27.22663044,-0.5834618819631869,0.5629894842660009,0.9905437112575736,-0.30462469416148663,4903
HILIC_364.2201997_24.8946754,-1.2571737165562145,0.21627375438809696,0.8728105295437921,-0.9318386660060133,4904
HILIC_364.3139795_290.9769551,1.3708335481704783,0.17837621633772005,0.8406428444874736,0.7272374085993365,4905
HILIC_364.3423201_272.9202346,-0.0014064527052948504,0.9988850853476277,1,-7.757362298809685e-4,4906
HILIC_364.4165306_164.5325238,1.539540241757434,0.1318625718766021,0.7700970275767357,1.2538204139217866,4907
HILIC_364.4288828_253.4872276,-0.1636808642823843,0.8708397310734335,1,-0.12325219400921543,4908
HILIC_364.6986673_49.87648357,0.12417412640900605,0.9018243040742531,1,0.10283791521547211,4909
HILIC_364.7820185_44.19346888,-1.2548415052977484,0.21711018986551572,0.8734015143452106,-0.25371657786553753,4910
HILIC_364.7880518_45.75922205,0.09511203654968875,0.9247198010006921,1,0.03943636141444089,4911
HILIC_364.9311462_58.99862422,-0.5494247357478745,0.5858911411586304,0.9913379189285378,-0.18708251903467124,4912
HILIC_364.9371858_189.3005798,1.1748261521967596,0.24728877654633263,0.9010955962374397,0.7738691163972441,4913
HILIC_364.9636583_189.5582193,0.6491685760485325,0.5200885252587883,0.9824083431236167,0.5818306109375814,4914
HILIC_364.9703981_40.45653954,-2.9586160732352806,0.0052645098448666225,0.22054786576761237,-2.2344114828991986,4915
HILIC_365.0157888_125.1985158,-1.305620865384796,0.19943983159326834,0.860060322352524,-0.6082723255520592,4916
HILIC_365.0364993_137.8990712,0.3518090584585944,0.7269022847132107,1,0.24329676442643633,4917
HILIC_365.0635177_29.29178199,-0.5387549445592528,0.5931617196402761,0.9921034274533279,-0.2761446216832894,4918
HILIC_365.092569_69.6746732,-0.5173058482850541,0.6079060505460443,0.9928201179984223,-0.34886526194195,4919
HILIC_365.1055604_72.08228405,-0.22635498769898782,0.8221243730609378,1,-0.1107796112463615,4920
HILIC_365.1361824_282.4733221,0.8863978556667069,0.3809137630005889,0.9638726330536317,0.27544348472208297,4921
HILIC_365.1574714_33.31827812,1.5369783484080293,0.1324878554879998,0.7705976341045823,1.050514893305402,4922
HILIC_365.1742792_89.52674774,0.40481252354150904,0.6878586762316141,0.9999159889500627,0.3657637392082603,4923
HILIC_365.2323677_26.87297361,-0.0050109665664782865,0.9960277527088356,1,-0.0033679399540573573,4924
HILIC_365.3890418_190.9638334,-0.3045700567573832,0.7623360664574317,1,-0.16326293939826358,4925
HILIC_365.8448977_239.6370925,1.3649101524310756,0.18021549687359498,0.8435536307584767,0.356009442647795,4926
HILIC_365.9961265_110.0349031,-1.9172749101272242,0.0626548575621636,0.6321822815039115,-0.8181525430332718,4927
HILIC_366.0174907_116.7687165,0.6818785579762768,0.4994028352161468,0.9781047779839798,0.6031988794730884,4928
HILIC_366.0731788_37.95118998,0.5919576019828767,0.557343941931897,0.9878934493313638,0.6665467275609606,4929
HILIC_366.1089596_72.12441148,-0.2545179275184195,0.8004517831018816,1,-0.13154093921472437,4930
HILIC_366.1874847_29.54104114,2.772917733637196,0.008522130680673857,0.2693816358015821,1.7814111953261211,4931
HILIC_366.2123878_28.86680107,-0.9734662780066572,0.3364063048328275,0.9539608391559061,-0.5215183520499909,4932
HILIC_366.2268301_25.11011741,0.012902380461237374,0.9897723909573783,1,0.008975547524599954,4933
HILIC_366.263978_21.97488029,3.7087387434368497,6.557785206963344e-4,0.07052604538411186,2.5323837098718522,4934
HILIC_366.2851846_286.6169947,0.3968039142715516,0.6937059841954589,0.9999159889500627,0.18372289897085758,4935
HILIC_366.5556119_126.2274267,1.2065162008859711,0.23498959748495207,0.8884925575183146,0.4288431996801956,4936
HILIC_366.6960249_47.6984485,-1.1105318997849034,0.27366662898963917,0.9212133579231264,-0.9021347892230227,4937
HILIC_366.7806328_44.50103247,-1.1602703012703222,0.2530925261963643,0.9054022050039036,-0.6561230144333878,4938
HILIC_366.8727517_50.17921377,-0.5501295290712078,0.5854123998334864,0.9913379189285378,-0.29718380363763586,4939
HILIC_366.9755687_54.95130155,-1.7344948638230728,0.09084170622583283,0.7037096670650068,-1.0011229029827011,4940
HILIC_366.9965859_190.8500891,-1.209547530321921,0.23383711419943198,0.8879818864087687,-0.9972884392445365,4941
HILIC_367.0132397_116.1581051,0.5340927306589776,0.5963520668553356,0.9924074341965825,0.556018385011326,4942
HILIC_367.057399_123.7808974,1.168833205532599,0.24966646717194582,0.9046740560864915,0.34663289066648795,4943
HILIC_367.0616733_34.72659698,2.281728424101355,0.028126325915090896,0.4700687022617851,2.110143981293263,4944
HILIC_367.0752051_22.53560876,-0.5649502815085601,0.5753891920733414,0.9913379189285378,-0.6759589851343425,4945
HILIC_367.1102616_72.6017147,-0.33970908631699387,0.7359243300555749,1,-0.25059582597134755,4946
HILIC_367.1212045_73.08610522,-1.5303355089306223,0.13412030014344584,0.7732426627275885,-0.8899468259365618,4947
HILIC_367.1502898_60.5250584,0.9342322616990936,0.35601435178419405,0.9588670540445742,0.3867944404763287,4948
HILIC_367.268957_21.10705392,0.33313194447769606,0.7408444370666065,1,0.15981421993849004,4949
HILIC_367.26904_285.4226409,1.419618367359084,0.16377596110371437,0.8259246986742109,0.670846718491982,4950
HILIC_367.8417347_229.8664469,-0.6358741983563408,0.5286253412441975,0.9824083431236167,-0.21835319428590425,4951
HILIC_367.9914546_256.0307275,-0.5097968744729952,0.6131076668529237,0.9931667617408494,-0.1832462352038128,4952
HILIC_368.0145988_43.22382556,1.0811018906832297,0.2863860826090261,0.9295944216943315,0.6919887616039053,4953
HILIC_368.0600978_34.33075359,1.5563122027145075,0.12782753508417777,0.767062863320257,1.407043277169385,4954
HILIC_368.0873556_25.84308775,0.9398989308661372,0.35313688299583657,0.9588670540445742,1.2938408588315853,4955
HILIC_368.1050067_66.80589738,0.5679947399671247,0.5733407182989385,0.9913379189285378,0.4258835119283339,4956
HILIC_368.1252085_73.24375074,-0.7075069412546595,0.48351806773900874,0.9781047779839798,-0.7449596270961477,4957
HILIC_368.2795651_21.85903658,2.7943308216764944,0.008068062432629187,0.26208748604396903,1.3034333547167507,4958
HILIC_368.4929648_257.2227643,0.3038808433271056,0.7628571109271702,1,0.07549293671688004,4959
HILIC_368.8344907_47.81077621,-1.5371645636889524,0.13244232546424253,0.7705976341045823,-1.148598207072232,4960
HILIC_368.8712597_54.6951587,0.04205174384321036,0.9666750628607375,1,0.010249782238390924,4961
HILIC_368.9589466_124.4434708,0.7452838585861418,0.4606318883994962,0.9755657681934743,0.6023238062117804,4962
HILIC_368.9645836_43.22494203,-1.18232059596855,0.24433861653979214,0.8993813650047175,-0.7355995105649056,4963
HILIC_368.972713_55.16943749,-3.2904675795803895,0.0021476380120404918,0.13231134576139658,-1.8262714912022002,4964
HILIC_368.9895349_255.1652269,0.30171163271152096,0.764497759389924,1,0.08168629560162706,4965
HILIC_369.0248645_81.97513684,-0.8150009395507642,0.42009144009045896,0.9716822081080376,-0.4903514751550978,4966
HILIC_369.0351472_36.15487957,0.06497094110334987,0.9485337640360982,1,0.03252428043565384,4967
HILIC_369.0603739_36.55576885,1.7999359046604455,0.07972085491949599,0.6911349530212022,1.4969147892532164,4968
HILIC_369.0904635_28.14470444,0.7043279908206186,0.4854728151017045,0.9781047779839798,0.7537626191669035,4969
HILIC_369.1544158_29.0209883,-0.10081920168328787,0.9202178732076974,1,-0.07083336079081456,4970
HILIC_369.1697324_31.87910483,0.5120563116332532,0.6115403611723366,0.9928201179984223,0.37873621639543525,4971
HILIC_369.2831304_21.90414737,2.961150389377182,0.005229469200736575,0.22025458751627777,1.8285499611195701,4972
HILIC_369.2997586_283.9829396,1.2527786003553805,0.21785205375076858,0.8743686367820893,0.34778665963973,4973
HILIC_369.3266213_172.1430543,-2.14893461302059e-15,0.9999999999999982,1,-2.3304429087539777e-16,4974
HILIC_369.3377376_22.79046809,0.6253594680849569,0.5354294019760035,0.9833164118236528,0.3331342595350514,4975
HILIC_369.365463_22.76147142,1.1628499097240677,0.25205684815675,0.9054022050039036,1.0970946160390789,4976
HILIC_369.4904326_257.4199727,1.0507823391099946,0.29991815049970993,0.9396681966123791,0.2302373448469025,4977
HILIC_369.9247263_245.2655444,0.8522847683464202,0.39933372487593577,0.9669701703160376,0.3000203690238456,4978
HILIC_369.9873875_257.2149045,0.6941570090021559,0.4917567565118435,0.9781047779839798,0.17741207354504143,4979
HILIC_369.9946614_174.7756801,0.9059425908782585,0.37060854209074867,0.9637531830220828,0.3367390709865504,4980
HILIC_370.0238853_80.58769973,1.5276014454581823,0.13479686218102357,0.7743408930418361,0.9780293400955468,4981
HILIC_370.0549233_64.749571,0.4591042651943239,0.6487442864525328,0.9965858111391217,0.2742189382753182,4982
HILIC_370.0670311_28.89990942,0.2558441366393908,0.7994349888459229,1,0.3139711343607265,4983
HILIC_370.0727344_276.1438427,0.9774165708619599,0.33447282216330654,0.9528688564543588,0.30320155389611597,4984
HILIC_370.2049348_27.40237279,-1.1482063008649637,0.25797695366866075,0.9093072753335302,-0.8402698770777296,4985
HILIC_370.29734_30.05933233,3.4952288634523225,0.0012101249398741086,0.100587633891123,1.6290177221883682,4986
HILIC_370.4886041_258.0108142,0.7104837495061728,0.481691650644425,0.9781047779839798,0.46539429177484154,4987
HILIC_370.7404476_47.27209385,-1.262774897435809,0.21427477263120023,0.8707291006533612,-0.2604781293380798,4988
HILIC_370.8005178_231.9591366,-0.5229537312712744,0.6040071766205342,0.9928201179984223,-0.18961267070899032,4989
HILIC_370.8687579_55.89754735,0.25710696882131956,0.7984671135609893,1,0.0559093253389325,4990
HILIC_370.988221_253.9372995,-0.6323298478980919,0.5309137616771995,0.9824083431236167,-0.18532421360266013,4991
HILIC_370.9996343_272.5754139,-0.2630625872491639,0.793906897844365,1,-0.12937418729843012,4992
HILIC_371.0202129_286.9613635,1.9936060257701425,0.05332396052450451,0.5975174178601754,1.0064158685086804,4993
HILIC_371.0203042_146.8450286,-0.5562326122522457,0.5812747086544063,0.9913379189285378,-0.13906222938286614,4994
HILIC_371.0473333_70.1319542,0.2694649948342358,0.7890127345816902,1,0.18145481706715416,4995
HILIC_371.0772709_268.9140833,-0.17494619625049496,0.8620399096916411,1,-0.0866919173745149,4996
HILIC_371.1016126_291.5690928,-0.4316354766790529,0.6684170998076124,0.9988426365430981,-0.09554839478870922,4997
HILIC_371.1131546_88.05181,-1.5536156198781665,0.12846947145402712,0.7675729983817857,-1.513635112254471,4998
HILIC_371.1857266_33.18773271,-0.030200503396083503,0.9760633654590293,1,-0.016069661399076784,4999
HILIC_371.227722_26.92694528,1.569642269082587,0.12469223353501457,0.7639334341671284,1.1506258050034708,5000
HILIC_371.2406459_54.24273001,-0.3161470799788508,0.7536007625292087,1,-0.052352785093075734,5001
HILIC_371.256016_46.09584913,-0.9080919967763909,0.36948631820560696,0.9637531830220828,-0.13290097428729378,5002
HILIC_371.2771414_52.78226962,0.39178882742649085,0.6973773421812501,0.9999159889500627,0.16222044465294572,5003
HILIC_371.2986389_21.69468034,3.302226733317699,0.0020788647775490036,0.1290868207719164,2.5398392071135194,5004
HILIC_371.3159018_288.2264126,1.1150042484156086,0.271769376027148,0.9205469808940266,0.25776744020833187,5005
HILIC_371.5356168_275.6525647,0.14753002578893334,0.8834845948426489,1,0.09550689984823008,5006
HILIC_371.9862575_256.4549138,1.2959720717030794,0.202710719335217,0.8647457759331585,0.9585781005637718,5007
HILIC_372.0030598_279.3473749,-0.32225290910060017,0.7490067683448838,1,-0.19366066909371663,5008
HILIC_372.0233803_79.58210382,-0.7960303521021308,0.4309017960311604,0.9742203846590763,-0.4746243642302261,5009
HILIC_372.0666763_35.77717835,1.1045688444450121,0.27621087679786077,0.9227236778686373,1.1548982334459434,5010
HILIC_372.1623766_36.17482232,-0.18524466981543977,0.8540108546031315,1,-0.2208118750545663,5011
HILIC_372.1882817_30.3096438,0.4581471288300196,0.6494256141740242,0.9965858111391217,0.19854914377057817,5012
HILIC_372.1901533_94.68756214,0.010803732133442446,0.99143589907151,1,0.0027504081115425835,5013
HILIC_372.2311514_27.46153996,0.8281023774508451,0.412723185488156,0.9701980842661211,0.88732529546064,5014
HILIC_372.2593491_43.33901859,-0.2564920288566212,0.7989383832602418,1,-0.041741764538342135,5015
HILIC_372.3111934_21.66309279,1.9153599486119959,0.06290596641096535,0.6326842076288512,0.936609135515492,5016
HILIC_372.3192594_280.8412504,-1.059369957951091,0.2960411127089793,0.9385474409597132,-0.430487579355338,5017
HILIC_372.3616364_22.50847395,0.06462423402360078,0.9488080123345923,1,0.0625843312051431,5018
HILIC_372.7373406_47.92333287,-1.180467887074133,0.24506552811527774,0.8999626234969405,-0.24836775616219567,5019
HILIC_372.9207322_50.6027252,-2.496954931309264,0.016922924839748724,0.37657103290715643,-1.3382491172758029,5020
HILIC_372.9858639_255.8919229,0.6032290144383717,0.5498983917588318,0.9857989553982086,0.5002359384303644,5021
HILIC_372.9951836_276.1313767,0.22526068838990185,0.8229694575812374,1,0.1656661901793203,5022
HILIC_373.0169895_80.2640602,-0.5688070216167991,0.5727947799842519,0.9913379189285378,-0.4611378623483273,5023
HILIC_373.0209297_268.2038212,0.672316982369087,0.5054022185821141,0.9781047779839798,0.647877216407324,5024
HILIC_373.0427173_70.36429496,0.04930606662342882,0.9609306231538025,1,0.022025313887570872,5025
HILIC_373.1619876_22.72311467,-0.023114463726848646,0.9816785103064475,1,-0.02635710038734655,5026
HILIC_373.1691005_48.33440355,-0.19406083868828303,0.8471498868260604,1,-0.3394854354731636,5027
HILIC_373.1808901_76.02091294,0.6741844864184322,0.5042273660696168,0.9781047779839798,0.3838131188954267,5028
HILIC_373.1899464_29.18608281,1.6666397024429789,0.10371303956689899,0.7231832452711865,1.3487500528312655,5029
HILIC_373.2010489_25.49230809,0.05766254277745339,0.9543160590965067,1,0.02175350130525763,5030
HILIC_373.2541651_43.44875632,-1.956833469129798,0.057657066954060934,0.613680570357925,-0.4157757364944461,5031
HILIC_373.3142757_21.29314316,2.1483421199462365,0.03804644392778389,0.5247670185298375,1.9510883499362717,5032
HILIC_373.6053235_198.4079707,1.4003243513031065,0.1694343944929362,0.8316096347034753,0.9719213771134948,5033
HILIC_373.8355705_43.3181306,3.0662965691339568,0.003954523470670909,0.19174556705012338,1.6500156593905586,5034
HILIC_373.9242059_50.81780725,-2.7822304084957494,0.00832181115756432,0.2673540679614282,-1.818714521517077,5035
HILIC_373.9845348_249.3182991,0.1293018864371002,0.8977928106817651,1,0.08095216208595432,5036
HILIC_373.998432_268.5701096,-0.43215469525448613,0.6680429817367335,0.9985488748532472,-0.24413359449148336,5037
HILIC_374.0210289_38.00878494,1.0291900504447227,0.30982133645599047,0.9421850854569164,0.8341055498231145,5038
HILIC_374.1024374_75.03859161,0.3315372317810292,0.742039050716501,1,0.20736442797970656,5039
HILIC_374.1555646_22.8407891,0.17586868106320566,0.8613200900529452,1,0.25542836657282963,5040
HILIC_374.1655857_22.83536512,0.8967236741963007,0.37544673489038105,0.9637531830220828,0.777283124481656,5041
HILIC_374.204453_25.4275614,-0.233536769086367,0.8165835317273458,1,-0.16341227222767482,5042
HILIC_374.7351055_48.14900487,-1.0319304190914351,0.30855218202265433,0.9421850854569164,-0.21573000921395305,5043
HILIC_374.8088124_42.15438794,-0.4169935489093939,0.6790021454386546,0.9996367449012522,-0.33744587769782114,5044
HILIC_374.918051_50.63415887,-2.7499277490936684,0.00903599026441033,0.2752088704868528,-1.6708519511226851,5045
HILIC_374.9580248_167.6477058,1.0757525835907378,0.2887419141732263,0.930363967095018,0.6127109018530569,5046
HILIC_374.9927331_273.798203,0.4343325095442873,0.6664747126690264,0.9980954332927549,0.3772814730777991,5047
HILIC_375.0177428_99.00361419,0.9077892233881044,0.3696442658877954,0.9637531830220828,0.3858693798155057,5048
HILIC_375.0408233_126.283431,-0.44739345947498516,0.6571013469396154,0.9965858111391217,-0.2076225826119245,5049
HILIC_375.0654725_70.04202703,0.2639703818871848,0.7932124380375507,1,0.07177723063136947,5050
HILIC_375.1586964_23.6060324,0.28303831337095653,0.7786657495336702,1,0.24123066465595353,5051
HILIC_375.2017145_61.23843373,-0.8942390686836458,0.3767575919748053,0.9637531830220828,-0.8624022798280349,5052
HILIC_375.2166337_25.3102291,0.4858637195667968,0.6298212546027371,0.9947980550876518,0.20312793903536688,5053
HILIC_375.5416585_127.0148417,1.0672695714311466,0.29250559766012635,0.9350415565506838,0.35051807658560635,5054
HILIC_375.7035956_62.23626389,-1.057077126413726,0.2970728262697221,0.9388638086478203,-1.0817965293135516,5055
HILIC_375.8097485_53.43716378,0.4361458697223733,0.665170045959703,0.9978767801948073,0.27376139096699365,5056
HILIC_375.8327734_43.31683458,1.7776090809597715,0.08337846021659787,0.6948552844377854,0.9889664329015678,5057
HILIC_375.873601_249.521912,0.15360654709594282,0.8787233387028723,1,0.048743735304298104,5058
HILIC_375.9365713_41.16522301,2.3994254581957524,0.02136912955651999,0.4179085053455937,1.2638452934837556,5059
HILIC_375.9942011_289.1872695,-0.04202773124478808,0.96669408073844,1,-0.05190087817632023,5060
HILIC_376.0382607_128.4865149,0.1943122094595194,0.8469544374462994,1,0.09250240476411961,5061
HILIC_376.0688607_69.73200237,-0.4940934662120762,0.6240511972427661,0.9947980550876518,-0.3067249369748446,5062
HILIC_376.1427986_87.23961587,-0.5541529880324346,0.5826830282417039,0.9913379189285378,-0.4641465770815055,5063
HILIC_376.2201845_25.17068289,1.2637072409251766,0.21394338111682557,0.8700201576306809,0.9089962564746221,5064
HILIC_376.2847847_29.93727001,-2.35622653557461,0.023657154706141895,0.43556851625430787,-1.9707105008271122,5065
HILIC_376.7322216_48.21428534,-1.2365282803773818,0.2237623317447671,0.8799075082512211,-0.24035421268360366,5066
HILIC_376.8070456_42.14608954,-0.16353541753461628,0.8709534568840439,1,-0.15971423382247296,5067
HILIC_376.9027921_49.20955789,-0.38325598759733864,0.7036408320549941,0.9999159889500627,-0.2501883422286811,5068
HILIC_376.9151121_50.73104489,-0.9559555910549525,0.3450667768892032,0.9569804161507607,-0.5783794910607015,5069
HILIC_376.9285888_49.66482099,-0.07424047300997025,0.9412039409623175,1,-0.05534285523630168,5070
HILIC_376.9419261_59.2267615,0.7231908219777732,0.47393927675224023,0.9781047779839798,0.37065849613438,5071
HILIC_376.9457647_189.0556638,-0.08077070550838,0.936043269103754,1,-0.0753861268557064,5072
HILIC_376.955245_189.2768611,-0.513902836756061,0.6102608516368033,0.9928201179984223,-0.23303339084959374,5073
HILIC_376.9935077_285.7546876,0.8583388639726394,0.396024627498748,0.9669701703160376,0.5974695875480647,5074
HILIC_376.9938514_161.8252147,-2.130173969876277,0.03961354916452652,0.5337297233059277,-0.5958249253707008,5075
HILIC_377.0044603_59.26274944,-2.043665768207402,0.047881149897616486,0.5728963175107045,-1.0930392440086594,5076
HILIC_377.05622_158.2613271,1.9436080206592874,0.05928824754775584,0.6219910283250402,1.5325628332654122,5077
HILIC_377.0888039_98.50278241,0.2873682688998442,0.7753734709979607,1,0.12049140661638222,5078
HILIC_377.1361955_26.97146477,0.2743437223904066,0.7852891008322361,1,0.17751480437568276,5079
HILIC_377.145616_77.87682172,0.683797142965275,0.4982037763195949,0.9781047779839798,0.32705583366082863,5080
HILIC_377.1709746_31.40553773,0.7701547384334312,0.44591439176945447,0.9745894987688215,0.5181509251858492,5081
HILIC_377.2325529_26.40315931,0.9905898408971832,0.32807903762210566,0.9506069103298993,0.4914909088811823,5082
HILIC_377.2882319_31.15832566,-2.101746857664592,0.04217984555529393,0.539613496476928,-2.706821732102738,5083
HILIC_377.326367_284.6391096,1.6610009004241026,0.10484735408402036,0.7268984698411121,0.46803905453897415,5084
HILIC_377.8070049_53.41072099,0.5211437000460883,0.6052554149353289,0.9928201179984223,0.3862408627690989,5085
HILIC_377.8705947_235.4871191,-0.35108925245421896,0.7274379054384179,1,-0.13846966502712146,5086
HILIC_377.9587487_190.2754616,1.1691730021600786,0.24953121098521938,0.9046740560864915,0.7539178782569208,5087
HILIC_377.9658252_42.65887906,1.6765352242518718,0.10174694275516294,0.7218067398804172,1.0931954621646818,5088
HILIC_377.9778726_257.0994491,0.545198453690215,0.588765859884196,0.9913379189285378,0.25519783165642895,5089
HILIC_377.9974085_68.35572833,-0.5401914092037672,0.5921803887506657,0.9919344024228657,-0.33516376221432465,5090
HILIC_378.0080221_61.59149214,-2.354858794092627,0.023733077652048858,0.43556851625430787,-1.3902126377786033,5091
HILIC_378.0635652_126.7563177,0.7095879469165749,0.48224085854773724,0.9781047779839798,0.2404845504382949,5092
HILIC_378.1458589_32.67927415,0.42323083845507986,0.6744848349390342,0.9996367449012522,0.5139463415611206,5093
HILIC_378.1774281_29.7647019,-0.5986921004951382,0.5528892054912595,0.9859125332880463,-0.48917844900799207,5094
HILIC_378.1912358_25.14963056,-0.4112320080954133,0.6831855782327166,0.9999159889500627,-0.3530393618760628,5095
HILIC_378.3214446_23.29413659,0.06032843884512528,0.9522065358041665,1,0.03986725029398592,5096
HILIC_378.7293532_48.03322847,-1.0884514296078027,0.28317140694656096,0.9295944216943315,-0.2239047267994896,5097
HILIC_378.9004182_58.74691036,-0.32970524460088085,0.7434122064152383,1,-0.19395229632534383,5098
HILIC_378.9270113_49.69527685,-1.6781478484747578,0.10142947842469892,0.7210864205354485,-0.5689444406563772,5099
HILIC_378.9442355_49.81279423,-1.9232297734005876,0.061879493766828185,0.6300238801535131,-1.1329644893242516,5100
HILIC_378.9618703_191.9088636,0.44013561245758087,0.6623032393067974,0.9974993210969855,0.3281484493567842,5101
HILIC_378.9758175_256.9744416,1.8369128737755973,0.07396162207353735,0.6742790878918389,0.7210882258595442,5102
HILIC_378.9916544_71.42092274,-0.8922049395233839,0.37783296335028693,0.9637531830220828,-0.4487484578204251,5103
HILIC_379.0848415_93.84382802,0.030831371950953056,0.9755635058538941,1,0.024911564198333257,5104
HILIC_379.1811133_29.42694638,-0.4803901327675883,0.6336719800776554,0.9947980550876518,-0.4076363688816092,5105
HILIC_379.1822664_103.1585903,-0.05146523686086968,0.9592212462068584,1,-0.04558010220783038,5106
HILIC_379.248897_26.5035057,-0.18307947424236393,0.8556976436892104,1,-0.14008200071168772,5107
HILIC_379.3246721_23.36787452,-0.16423946319809568,0.8704029845701788,1,-0.14564452204328224,5108
HILIC_379.80422_53.18466684,0.8882112752089136,0.3799499822896014,0.9638726330536317,0.18848794544210803,5109
HILIC_379.8493206_43.29411007,-0.037537602898080995,0.970250577499439,1,-0.018426429262127057,5110
HILIC_379.9038878_128.0352669,0.883324163932389,0.38255090258209423,0.9638726330536317,0.8523156871180713,5111
HILIC_379.9898888_256.0428409,0.26265426454124136,0.7942193187451377,1,0.09609230884057478,5112
HILIC_380.1401259_32.13914795,1.7564133010318783,0.08698048627531392,0.6962067550962847,0.5939723998318234,5113
HILIC_380.7130786_75.15098187,-0.7632296128898212,0.4499841857731225,0.9745894987688215,-0.49298743262876027,5114
HILIC_380.7698584_47.74351462,0.7352594300335799,0.466642869704865,0.9775312433001775,0.08325706582322666,5115
HILIC_380.8347585_42.61014957,0.08996563481896541,0.9287815413624981,1,0.046998520510169714,5116
HILIC_380.879073_41.06951256,-0.10516474781285216,0.9167917914680146,1,-0.07595776348680984,5117
HILIC_380.9257522_49.76627204,-2.576126872791863,0.013952990531324178,0.33984725774744623,-1.8554984230580847,5118
HILIC_380.9413234_189.4320233,0.025789339783016403,0.9795587489982258,1,0.01562954629776388,5119
HILIC_380.9413688_49.86488853,-1.901979834494137,0.06468473932610756,0.6395199841492447,-1.0560537532072776,5120
HILIC_380.9933169_251.4771821,0.3063159687817142,0.7610166606592415,1,0.09888816810762803,5121
HILIC_381.0796041_72.83535748,0.47060275748162206,0.6405832184775345,0.9955023063019077,0.22293794914374468,5122
HILIC_381.1005275_85.21649237,-0.5070648922015568,0.6150052214316927,0.9931667617408494,-0.7316697999366075,5123
HILIC_381.1100833_44.26809258,-0.42437470514920456,0.6736577134338324,0.9996367449012522,-0.24989712174659107,5124
HILIC_381.2146843_75.8810252,-0.7033937776351497,0.48604811018826755,0.9781047779839798,-0.47811246419926656,5125
HILIC_381.2977052_53.11808406,-0.30303618939777044,0.7634958205323678,1,-0.19876913649248443,5126
HILIC_381.3153386_29.59906774,-1.0399315925857837,0.30486704721434604,0.9402374180413365,-0.8859387270338446,5127
HILIC_381.7209277_76.07624686,0.4070564112091295,0.6862238056480379,0.9999159889500627,0.28314600387344663,5128
HILIC_381.8464764_43.22337854,0.24820731384154968,0.8052948695416804,1,0.13552981486649762,5129
HILIC_381.9448165_188.7948495,1.4632051486439066,0.15153856853827977,0.8050550487222983,0.7824213899877072,5130
HILIC_381.960612_39.02383331,-3.387200435131054,0.00164077495074698,0.12045128259922924,-2.4079364430875607,5131
HILIC_381.9655774_166.6922968,0.4512135192444898,0.6543703081905509,0.9965858111391217,0.14074761467096056,5132
HILIC_381.9862892_288.477499,0.8530419702165586,0.398918903482832,0.9669701703160376,0.2682534458277587,5133
HILIC_382.0576425_68.0867624,-0.29897461062409364,0.7665694310878749,1,-0.27174928198151765,5134
HILIC_382.0703012_43.07151575,-0.6969253652522762,0.49004189961158573,0.9781047779839798,-0.3911586725931404,5135
HILIC_382.082818_74.05036559,0.2938160870566495,0.7704786624430259,1,0.17872087041643434,5136
HILIC_382.103867_83.93594696,-0.5760649630909969,0.5679281002803299,0.9913379189285378,-0.7272064468568193,5137
HILIC_382.1321797_30.05020919,0.12000956773083225,0.9051004623741253,1,0.05391231897491074,5138
HILIC_382.5109849_166.3913739,0.32503767082445195,0.7469145868181055,1,0.2210874667131668,5139
HILIC_382.6685032_174.46115,-1.0432880429987817e-14,0.9999999999999918,1,-1.1314086556485778e-15,5140
HILIC_382.7668414_47.72564393,0.7892315155138768,0.43481658498191744,0.9745124110909839,0.08960657641434307,5141
HILIC_382.8466887_50.61032182,1.919100622343479,0.06241625458620484,0.6319277618398141,1.851038180798711,5142
HILIC_382.9383498_49.95478841,-1.1056547153357206,0.2757463255291099,0.9227236778686373,-1.0421945570811721,5143
HILIC_382.9494044_53.13128278,-2.317585301439092,0.025888488111563773,0.4520587090633925,-1.3862421730205667,5144
HILIC_382.9595005_189.850971,-0.8337647960117811,0.409563422361359,0.9681374308301159,-0.5011599204559338,5145
HILIC_382.989562_123.5330858,1.6657145680223915,0.10389844376732434,0.723414405040139,1.1280217699615929,5146
HILIC_383.0263478_131.6011955,0.3929366072702415,0.6965364413587085,0.9999159889500627,0.11917456385012141,5147
HILIC_383.0774689_74.95870936,-0.10950907091176551,0.9133682788893908,1,-0.1057489682332458,5148
HILIC_383.0950924_71.54202729,-0.8612066072447687,0.3944631775135101,0.9669701703160376,-0.6321210396771941,5149
HILIC_383.1052611_84.29429442,-1.657214713577284,0.10561472132186947,0.7270102455490702,-1.0156476649458321,5150
HILIC_383.1161034_52.30551255,0.32039358702410414,0.7504047413512168,1,0.25776192027465517,5151
HILIC_383.135504_28.64294603,0.2703175437106583,0.7883616721934141,1,0.15541100584376927,5152
HILIC_383.3311351_285.8728669,1.1125314258797925,0.2728172330048026,0.9211190340094966,0.4210910603192926,5153
HILIC_383.7701926_47.57095455,-0.6672296680133742,0.5086102499189803,0.9794394491575362,-0.4015098731167317,5154
HILIC_383.9654484_291.0798242,0.510081769759239,0.6129099417510576,0.9931667617408494,0.3455120741446603,5155
HILIC_383.9655056_117.2950522,0.2792879881639393,0.7815206493975932,1,0.11379613578698573,5156
HILIC_383.9833889_292.5761231,0.12938019455883507,0.8977312650691892,1,0.05988369204403666,5157
HILIC_384.0281632_117.6578007,-0.42426229617334515,0.673738977380649,0.9996367449012522,-0.39005037802009157,5158
HILIC_384.0823758_24.26385458,0.6359945405251499,0.5285477336840327,0.9824083431236167,0.827715163385,5159
HILIC_384.2592472_24.32129164,0.28446851003205553,0.7775778405117661,1,0.25101989524652535,5160
HILIC_384.2745984_22.6035624,3.4011861566553705,0.0015777128407438187,0.11916283042348748,1.9824423089878385,5161
HILIC_384.3834776_19.74907224,-0.4926170204249057,0.6250846173999083,0.9947980550876518,-0.4418630197971116,5162
HILIC_384.7639524_47.78601739,0.49489020010219936,0.6234938521731109,0.9947980550876518,0.05567577974545542,5163
HILIC_384.8445828_51.21821784,0.6035942910131105,0.549657955852424,0.9857989553982086,0.413580507514717,5164
HILIC_384.9532126_188.436472,1.5571956553099904,0.12761778901560883,0.767062863320257,1.1378286871410066,5165
HILIC_384.9687302_105.3416644,0.2702160967420679,0.7884391357257764,1,0.1915596111790602,5166
HILIC_385.0238633_119.2143943,-2.6022302191782756,0.01308384109311348,0.3283500696051322,-1.496919861807466,5167
HILIC_385.0859378_24.21683693,0.7826976123793706,0.4385988647805734,0.9745124110909839,1.2707297051916964,5168
HILIC_385.1290407_78.46618548,0.2428138112563696,0.8094402890773995,1,0.09131804483761533,5169
HILIC_385.2717187_44.08239982,-1.4771986506383732,0.14776695833426692,0.7998776866875578,-0.20597132044787492,5170
HILIC_385.2926849_53.35245794,-0.7599251821979308,0.4519338380362271,0.9750316892785739,-0.19384372692450672,5171
HILIC_385.31027_31.22279778,-0.7341027645326842,0.4673393451152773,0.9777549229263227,-0.5822552155939369,5172
HILIC_385.3466263_279.1694245,0.077370098203802,0.938730345904099,1,0.02955905526554181,5173
HILIC_385.9025574_248.5916047,0.7321580689620655,0.46851167466099164,0.9777549229263227,0.24091912266887755,5174
HILIC_385.9636425_97.39527864,-0.6483436084447797,0.5206161099533073,0.9824083431236167,-0.4763190819489587,5175
HILIC_385.9807844_293.8858654,0.041404745397375445,0.9671874897785336,1,0.03399093977112932,5176
HILIC_385.9808579_166.5443246,-0.8884247985920687,0.37983660331744884,0.9638726330536317,-0.42387387337805144,5177
HILIC_386.0256084_126.6972826,-0.04659592513738555,0.9630764575841175,1,-0.026429081521484318,5178
HILIC_386.0617707_26.31286695,1.3941216557064613,0.17128550549903088,0.8323231239234016,1.4441810458247515,5179
HILIC_386.0782326_24.23545903,0.11073211782680259,0.9124047640184905,1,0.11430759619763503,5180
HILIC_386.0886328_24.22044627,0.29629796497877864,0.7685970825344073,1,0.29489860498254,5181
HILIC_386.1324292_77.68660552,0.3800475241512058,0.7060014355012104,0.9999159889500627,0.2968781459442321,5182
HILIC_386.2103011_28.3823443,2.3454019414268816,0.024264062039869028,0.44186977315186204,1.6423914252478296,5183
HILIC_386.2749776_43.42718694,-0.06248729879646091,0.9504984844673414,1,-0.04787204387497138,5184
HILIC_386.2902765_22.41788366,3.9760200803901515,2.99061443241655e-4,0.059160036624645376,2.0362176678589057,5185
HILIC_386.3265467_20.87777271,1.5390486069704252,0.13198238099494553,0.7702105138753427,1.295346553464243,5186
HILIC_386.3500312_281.0877614,-1.5900398453346563,0.12001556544064075,0.7563416341912984,-1.434495275226287,5187
HILIC_386.526365_125.9757577,0.10288160383865684,0.9185916540887009,1,0.043221834393802804,5188
HILIC_386.7068604_44.32688667,0.6760734385837958,0.5030405453829718,0.9781047779839798,0.2995977793959233,5189
HILIC_386.714952_47.94302777,-0.7816040822776593,0.4392337911840498,0.9745124110909839,-0.16003134889906498,5190
HILIC_386.7611208_47.65040186,0.7163342394665487,0.47811348380942453,0.9781047779839798,0.08233671950352417,5191
HILIC_386.875474_49.56508739,1.943447957776093,0.05930823048065626,0.6219910283250402,0.8072203123578033,5192
HILIC_386.9056279_226.3511255,0.8350050238799042,0.40887334727221514,0.9676316311691489,0.3464988002036826,5193
HILIC_386.964985_256.0076346,-0.24313891998116816,0.8091902533317418,1,-0.08828084845225222,5194
HILIC_386.9736143_276.4630728,0.029442709914372932,0.9766638050998784,1,0.011916699577460606,5195
HILIC_387.0248238_126.2634233,1.3442252067053455,0.18675336788386812,0.84811141863714,0.3611182928199967,5196
HILIC_387.0749404_68.5600328,0.21109892118447152,0.8339249410990182,1,0.18722738939803873,5197
HILIC_387.0822218_24.35916192,-1.2687279524858794,0.21216542690912915,0.8692088745080979,-0.7396403578981194,5198
HILIC_387.1805398_31.75759665,-0.5501075936661749,0.5854272969353007,0.9913379189285378,-0.4951091998629268,5199
HILIC_387.1931224_23.10335337,0.4983791639889881,0.6210558335742273,0.9947980550876518,0.5056925989689659,5200
HILIC_387.214589_43.45998324,-1.7378769483170897,0.09023671798404384,0.7028476636205563,-0.2841003890145433,5201
HILIC_387.2936257_22.49349421,4.7418318871112914,2.8967915610544193e-5,0.02395189232850786,3.579795483361802,5202
HILIC_387.4665363_256.4873322,0.801995898294081,0.4274843826007796,0.9738791676427527,0.4775422290795683,5203
HILIC_387.5252824_126.4589839,0.7370667038630339,0.46555583589853244,0.977038339924947,0.19004730679352694,5204
HILIC_387.7154314_299.4857141,-0.06914614158639439,0.945231651774612,1,-0.04536679759310423,5205
HILIC_387.9627661_258.1641855,-0.011662750846216131,0.9907549868416508,1,-0.004391160672663736,5206
HILIC_387.9813241_256.0975796,1.336724597381288,0.18916856681801605,0.8493817236871323,0.6888198689583191,5207
HILIC_388.0053333_132.5426582,-0.005201301863780543,0.995876873234433,1,-0.001561919699082526,5208
HILIC_388.1181537_74.25122828,-0.8502736021428601,0.40043682048597884,0.9669701703160376,-0.6549530412254484,5209
HILIC_388.1352594_34.90457805,2.0653740119779367,0.045675860024587,0.5592173406365568,2.9654438633111817,5210
HILIC_388.1530508_23.38292932,1.0190361203980998,0.31455516241851,0.9432451997699547,0.9449135394127424,5211
HILIC_388.1965568_23.93621845,-0.8130185251977537,0.4212133092724598,0.9716822081080376,-0.7025030034573745,5212
HILIC_388.2543467_27.46859893,1.460858660266196,0.15217840579301495,0.805855527144555,1.1391741549023824,5213
HILIC_388.3059138_22.19930291,4.955694114061134,1.4855901792343363e-5,0.02395189232850786,4.116624470717356,5214
HILIC_388.4639951_256.296631,0.6812553484754009,0.4997926652354271,0.9781047779839798,0.43132166908641967,5215
HILIC_388.7119609_47.93403913,-0.5469885254122183,0.5875474260707119,0.9913379189285378,-0.11977840277367921,5216
HILIC_388.7581367_47.68113532,1.3638482474923888,0.18054677287654844,0.8435536307584767,0.2021730736897216,5217
HILIC_388.8725346_49.49011487,2.118092841318307,0.04068687683091768,0.5347244144365793,0.8053376366301457,5218
HILIC_388.902066_237.786138,-0.4091159401263586,0.6847245985989199,0.9999159889500627,-0.15646880065272745,5219
HILIC_388.9586238_60.60956489,-1.7691373438772713,0.08480280841082982,0.6959761542836904,-1.1640647990914588,5220
HILIC_388.9605517_256.62663,-0.03098564408525816,0.9754412720622792,1,-0.010791988737064969,5221
HILIC_388.9693421_262.2541301,-0.37727980551875995,0.7080401301799082,0.9999159889500627,-0.17109535114322477,5222
HILIC_389.0069084_119.7364865,-0.660071783189927,0.5131426954721969,0.9815649827569581,-0.37398039043829745,5223
HILIC_389.0438207_36.68091905,1.4504005656730719,0.15505613074986704,0.8125085821135265,1.226571824679894,5224
HILIC_389.1347903_53.1056711,0.7699736741268585,0.4460205224359173,0.9745894987688215,0.42877083611235334,5225
HILIC_389.1628595_23.23206216,-0.03862087244833075,0.9693924929176405,1,-0.0534401715585815,5226
HILIC_389.1961976_31.45177217,-0.016128926344436793,0.9872149398149168,1,-0.008266282883867635,5227
HILIC_389.2574126_27.62551737,1.066227096376616,0.2929704680146363,0.9355859314842769,1.101555881057507,5228
HILIC_389.462174_256.6484968,1.5177135556233647,0.13726659842136998,0.7784967967874279,1.0575558242538883,5229
HILIC_389.5055061_171.7210698,0.15052001453163902,0.8811412320507009,1,0.03575553450336108,5230
HILIC_389.9610424_255.4586278,-0.39491533878140783,0.6950876686471434,0.9999159889500627,-0.20448794646450189,5231
HILIC_389.966767_223.349401,-0.24582256349714124,0.8071270831569283,1,-0.1326508297432857,5232
HILIC_389.9732953_294.8036904,-0.558963346095503,0.5794279754890912,0.9913379189285378,-0.3669607551641572,5233
HILIC_389.9887305_291.8655457,1.2803603548227178,0.20808878537198336,0.8683661493536527,0.7072523517713013,5234
HILIC_390.0028303_116.6692051,-0.21820950929740446,0.8284198839924071,1,-0.11987172021258194,5235
HILIC_390.0378004_50.7639084,-0.46947501355999094,0.6413816625405468,0.9955023063019077,-0.41000771260312996,5236
HILIC_390.0764023_74.98852652,0.7882432480745045,0.43538740388150643,0.9745124110909839,0.5610441798871224,5237
HILIC_390.1101554_63.98933899,-0.6989354386740809,0.48879885888328034,0.9781047779839798,-0.4624497164323707,5238
HILIC_390.166231_23.37607067,0.49324672928258145,0.62464376653615,0.9947980550876518,0.7370380420258799,5239
HILIC_390.1995338_31.87073479,-1.519304246389952,0.13686685445657618,0.7779226785502213,-1.1162237100373715,5240
HILIC_390.2616441_43.83535231,1.117356463919515,0.2707752873780346,0.919604667683454,0.9559930802803333,5241
HILIC_390.7090385_47.96565745,-0.45696325389261516,0.6502687652305116,0.9965858111391217,-0.09768235187693135,5242
HILIC_390.798641_47.31102155,0.6707239417923289,0.5064055883777799,0.9781047779839798,0.13010155415668606,5243
HILIC_390.8920683_51.4106887,-2.6984890865068154,0.010291504645924944,0.2939627963408743,-2.231652971268203,5244
HILIC_390.9597343_254.6265141,0.7947502801857435,0.4316372370771755,0.9742203846590763,0.5194705334011215,5245
HILIC_390.9767678_102.252626,-0.5134203112878722,0.6105950879688423,0.9928201179984223,-0.7234622451861152,5246
HILIC_390.9883507_250.7024868,1.3090209772638113,0.19829681081116107,0.8593515168411124,0.8129840963883689,5247
HILIC_391.0242421_196.7211552,0.17870253933371472,0.8591095672472744,1,0.09729467602294953,5248
HILIC_391.0392728_69.80825102,-0.862913573779938,0.39353559625195145,0.9669701703160376,-0.3571897570427774,5249
HILIC_391.0579167_63.77083803,-0.9246075207694948,0.36093679478029395,0.9611690139330997,-0.8941487571968677,5250
HILIC_391.1598166_26.4291375,0.17921032772393078,0.8587135926933658,1,0.25813083009453464,5251
HILIC_391.2116499_27.3042743,-0.19330443160635544,0.8477380781271602,1,-0.09069018567254863,5252
HILIC_391.2845591_20.7502734,0.1796564159813288,0.8583657625203068,1,0.12358922153464387,5253
HILIC_391.2846449_138.2894581,-0.44209822197950077,0.6608948993832509,0.9968021749030789,-0.12393560004159934,5254
HILIC_391.3418492_288.5072754,-0.833030875614975,0.4099721218382457,0.9686420717311376,-0.5301152834057941,5255
HILIC_391.4974916_256.3681561,-0.20700955955305184,0.837094803719719,1,-0.10161405114405098,5256
HILIC_391.7835152_53.01862748,-2.0310531404694037,0.04920469456295037,0.5775821167007157,-0.8773475622994721,5257
HILIC_391.7992289_40.66455172,-0.5262918373799045,0.6017083010329742,0.9928201179984223,-0.41339588608995803,5258
HILIC_391.8589634_234.3415042,0.6713281862584707,0.5060248794552236,0.9781047779839798,0.19183222451848148,5259
HILIC_391.8682929_234.6259592,-0.7288330664989032,0.4705200153590484,0.9781047779839798,-0.22682911659875402,5260
HILIC_391.9588745_255.1323447,-0.8017688241474844,0.4276141628516683,0.9738791676427527,-0.601187108813601,5261
HILIC_392.0882768_65.54744689,-0.37102182625433333,0.7126577482197879,1,-0.2316759123843849,5262
HILIC_392.1631982_23.45664032,0.7290174252560774,0.4704085312687003,0.9781047779839798,0.4001768031108059,5263
HILIC_392.2153226_26.99241947,-1.7563564222631471,0.08699032525163289,0.6962067550962847,-1.422303743618404,5264
HILIC_392.2283443_24.40021792,-0.5897856818185832,0.5587844884664057,0.9891272466261672,-0.46411413561843684,5265
HILIC_392.2797188_21.88429277,3.6502277516009825,7.767284530275998e-4,0.07626502498164746,2.661302186178096,5266
HILIC_392.2878537_278.0556931,-0.7842876726725332,0.4376766214340688,0.9745124110909839,-0.2082370098365005,5267
HILIC_392.707045_50.47156064,-0.9489164177939043,0.3485895180052182,0.9574386235069654,-0.17431141441982992,5268
HILIC_392.7489287_26.3426964,0.0054601260363814335,0.9956717026293458,1,0.0044947356958697825,5269
HILIC_392.7956936_47.22288989,0.5195828190406192,0.6063327974909549,0.9928201179984223,0.09804879512011012,5270
HILIC_392.8895242_51.55677849,-2.2685736194602484,0.028989807444776618,0.4783927257956309,-2.0711311461890904,5271
HILIC_392.9587684_247.8614737,0.22173798333458905,0.8256913496067064,1,0.15100337748377787,5272
HILIC_392.9679812_69.79160662,-0.17267281452654526,0.8638143483059422,1,-0.13071146144027068,5273
HILIC_392.9788967_60.9865704,-1.8573848174797227,0.07092785336104902,0.6620775854438979,-1.4236997913476785,5274
HILIC_392.9818829_278.5004709,0.6453650135637845,0.522523368990451,0.9824083431236167,0.4260243387870992,5275
HILIC_393.002211_74.76962129,0.9874726599018332,0.329584502739354,0.9506069103298993,0.5202977912740296,5276
HILIC_393.1525263_29.04262213,0.3874146785399922,0.7005855210410961,0.9999159889500627,0.2679961846362503,5277
HILIC_393.2105261_34.87058149,1.1893004954808315,0.24161418022236508,0.8965589582842357,0.9180838601472945,5278
HILIC_393.2275029_29.58171079,-0.004007537947738521,0.9968231764910308,1,-0.0024853087164032664,5279
HILIC_393.297731_268.5103341,0.7681338660303929,0.4470997717440608,0.9745894987688215,0.3679658983413826,5280
HILIC_393.2979047_44.34397169,-0.24054216769756892,0.8111879354459695,1,-0.07405098474618974,5281
HILIC_393.7208094_77.83447763,-0.3633967146477847,0.7182989579519188,1,-0.21427997273860697,5282
HILIC_393.7807994_53.8065367,1.1358849235869428,0.26303534647976823,0.9142224099993714,0.47628407726576183,5283
HILIC_393.7987436_47.12472793,0.11888316517906301,0.9059868672169609,1,0.0862432112099611,5284
HILIC_393.8661455_48.9050372,-1.095110776916122,0.2802806367399717,0.929458145726883,-0.6522357335598582,5285
HILIC_393.8845842_46.93956575,0.3456073063125566,0.7315216458134199,1,0.21781387601735577,5286
HILIC_393.8929968_41.96870158,1.6861955048294426,0.09985743314942505,0.718134185467518,1.188767970941641,5287
HILIC_393.9470531_38.34059402,0.3414238916339021,0.7346433884191444,1,0.30224941166097496,5288
HILIC_393.9570457_248.0627064,0.20594977962838915,0.8379167415509948,1,0.1273963238339285,5289
HILIC_394.0572867_63.39420024,1.3829971348700407,0.17464484279791265,0.834640816827064,1.1467348933152048,5290
HILIC_394.1191902_33.96870263,0.03965730398467987,0.9685715443469209,1,0.05452721199607686,5291
HILIC_394.2131455_27.71089652,0.6287517933362252,0.5332292317773402,0.9833164118236528,0.7122597902531047,5292
HILIC_394.2984706_39.21615595,-0.11030692563027668,0.9127397148119074,1,-0.029315560380815037,5293
HILIC_394.7034204_48.09952065,-1.1111398351655057,0.273408180309172,0.9212133579231264,-0.26932585960725186,5294
HILIC_394.7928039_47.42653818,0.4684969356007026,0.6420744922479891,0.9955023063019077,0.09023830369329552,5295
HILIC_394.8584761_237.2705155,2.0625348205449536,0.04595913920699414,0.5597039356138589,0.7007496277318679,5296
HILIC_394.9193809_47.74195116,-2.158364127168253,0.03720564650558533,0.5220805529735174,-1.163495149532265,5297
HILIC_394.955992_247.4829457,1.952313781548692,0.058210095596131495,0.6175626538013523,1.1361725036759653,5298
HILIC_394.9769292_278.6396226,-1.403231469511092,0.168572187819931,0.8314976732916184,-0.7386783156925805,5299
HILIC_395.003108_65.40274668,-1.897779108203305,0.0652520148498523,0.6414950896690735,-0.5354322937346719,5300
HILIC_395.030816_125.0752759,0.03632919012164649,0.9712078333184204,1,0.04475751066316483,5301
HILIC_395.1156324_34.12541538,1.4253769469408657,0.16211610733347911,0.822779916663313,1.1548309572699376,5302
HILIC_395.1619401_71.98529501,-0.7122181249211668,0.4806293278619208,0.9781047779839798,-0.5027643654953288,5303
HILIC_395.3167099_172.6262461,-0.4697609709819907,0.6411791634849497,0.9955023063019077,-0.08333333333333273,5304
HILIC_395.3672195_22.79759102,0.6776016644374054,0.5020814912965232,0.9781047779839798,0.6470794815002011,5305
HILIC_395.651203_173.5049326,-2.7271059089187196e-15,0.9999999999999978,1,-2.957449048636924e-16,5306
HILIC_395.7780839_53.92199473,-0.9091334873818613,0.3689433372465122,0.9637531830220828,-0.10932980356014287,5307
HILIC_395.8816286_47.21767465,2.0387543633139216,0.048392801588191044,0.5734819207320505,1.5209528798880083,5308
HILIC_395.939895_60.80090227,-0.16927362062458107,0.8664688447196774,1,-0.08805139729717572,5309
HILIC_395.9868126_118.1711666,2.184741168201841,0.03507081979970098,0.5073320249109599,1.656068451153082,5310
HILIC_396.0296119_249.9147901,0.8031691869953292,0.4268141900001847,0.97349571258361145,0.5497043053329301,5311
HILIC_396.069427_35.03472981,1.9959611109888988,0.05305633807676357,0.597129438335422,1.671576321830878,5312
HILIC_396.1479571_29.18138049,0.024603824124567044,0.980498218014648,1,0.02175184469928987,5313
HILIC_396.3109059_21.49778005,2.805529765284013,0.007839648461209428,0.2619554217640756,2.1732600263846082,5314
HILIC_396.7436295_47.14454955,-0.49661224916587354,0.6222899802822688,0.9947980550876518,-0.06001768248080694,5315
HILIC_396.7897615_47.44621467,0.5471614116023515,0.5874298132525764,0.9913379189285378,0.1468918589288931,5316
HILIC_396.8856367_244.1249966,0.9306896188688332,0.3578210494110452,0.9588670540445742,0.3674337786589473,5317
HILIC_396.915281_50.32279669,-0.48428007227949765,0.6309342987308643,0.9947980550876518,-0.5039330019816821,5318
HILIC_396.9876835_170.3248605,0.7805821821215209,0.43982762337115033,0.9745894987688215,0.427912569573061,5319
HILIC_397.0055267_132.0949083,1.3798001113072405,0.17561966480424007,0.8365630485368744,0.6749645865898709,5320
HILIC_397.022833_51.05198701,0.5413325419751345,0.5914013682706072,0.9919344024228657,0.46475320309383533,5321
HILIC_397.0330998_166.747434,1.8982539132379006,0.06518768309379741,0.6414746804322071,0.8664835832930975,5322
HILIC_397.0750346_66.73450359,0.27109216026338584,0.7877702572520043,1,0.41272835143722614,5323
HILIC_397.1511704_28.79027515,0.7081409199748515,0.48312876374434255,0.9781047779839798,0.2970825698858552,5324
HILIC_397.3124275_22.26015645,2.7241344344666887,0.009646645525106572,0.2843317095674001,1.6399062285445556,5325
HILIC_397.914538_126.8487166,-0.19465580801463694,0.8466872936385941,1,-0.2663877454686347,5326
HILIC_397.9368805_59.91394636,-0.7154679754688409,0.47864233769806774,0.9781047779839798,-0.5372395470848021,5327
HILIC_397.9739601_160.2308126,-1.2821715979750563,0.2074593709923344,0.8679591793048133,-0.8467352732548181,5328
HILIC_398.0627508_143.4138335,-1.3907501352870515,0.17229827193262637,0.8326851500809265,-0.46690510986614603,5329
HILIC_398.0627992_261.4912596,-1.4158307944162898,0.16487492877977383,0.8267580857332197,-0.44459365743474094,5330
HILIC_398.0775517_79.07010081,0.5115033366240614,0.6119237733567616,0.9928201179984223,0.31349195164741994,5331
HILIC_398.14353_27.84439684,1.0253128949411894,0.3116230885439873,0.9421850854569164,0.5073772660512041,5332
HILIC_398.1535397_27.12161568,-0.5124950199677936,0.6112362559136768,0.9928201179984223,-0.4475338928476008,5333
HILIC_398.2328256_281.4221778,1.4567497106754603,0.15330397500305784,0.8084610430674852,0.4087124872586977,5334
HILIC_398.2748922_23.83827602,-1.559228645382102,0.12713618070163027,0.766898100861933,-0.6938758597270338,5335
HILIC_398.3265385_21.62686222,3.431581519819557,0.001448557713992926,0.11382459250370121,1.977085905703277,5336
HILIC_398.3862444_23.12592876,1.0492830294985016,0.3005986339357396,0.9396681966123791,0.9399106730907749,5337
HILIC_398.7406981_47.17433011,-0.24459638879852202,0.8080695873552886,1,-0.02880734695563145,5338
HILIC_398.9108071_162.528023,0.5015476661855943,0.6188454877702597,0.9946352989347117,0.26619172932617957,5339
HILIC_398.9882952_62.95827539,-2.3796093995814265,0.022392619076405176,0.4244273204202801,-0.9935243800293048,5340
HILIC_399.0040454_262.4011084,-0.3893885452757155,0.6991371151372874,0.9999159889500627,-0.1002535599276283,5341
HILIC_399.0200187_260.8997129,0.35591949986561744,0.7238462954895369,1,0.4628569704678747,5342
HILIC_399.0650174_133.8068293,-0.3791380380559416,0.7066711196915196,0.9999159889500627,-0.15919449626517784,5343
HILIC_399.1395517_26.75632108,-0.5020439863323434,0.6184995787166203,0.9946352989347117,-0.30857736278328785,5344
HILIC_399.1442972_181.6370346,1.5563174069963637,0.12782629868735643,0.767062863320257,0.7716100649660571,5345
HILIC_399.1862983_29.18437856,-0.2284653427339889,0.8204952349214887,1,-0.13623672220664268,5346
HILIC_399.3081425_54.54885187,-0.013895570749469404,0.9889851474559188,1,-0.007668719275111441,5347
HILIC_399.32778_23.19278192,1.3883808274353335,0.173012766258044,0.8332405143819347,0.6879738280049809,5348
HILIC_399.9068936_42.01125627,-0.8614240886979923,0.39434491973117003,0.9669701703160376,-0.6924103538958706,5349
HILIC_399.9209045_46.76567995,2.7698636438174598,0.008588794901721245,0.270839957509612,0.6971127481495486,5350
HILIC_400.0603591_130.9265374,-1.4479430963530857,0.15573853960097112,0.8139229730975569,-0.523602743059175,5351
HILIC_400.0679205_139.2702482,-0.271372469178466,0.7875562744482529,1,-0.1305677997791828,5352
HILIC_400.0773577_23.46788965,1.5264462185500032,0.13508355341571346,0.7745151497029313,1.6412300472086059,5353
HILIC_400.2848341_29.29741039,-1.7132094693131696,0.0947275055049528,0.7121317722762723,-1.2030700966821026,5354
HILIC_400.3421816_21.53703252,1.65100374015603,0.10688355761343118,0.7284723313794826,0.6610146754435192,5355
HILIC_400.7378153_47.14779876,-0.6442133101634998,0.5232618288302333,0.9824083431236167,-0.0774400179149046,5356
HILIC_400.8274405_47.86621236,0.4211496767992362,0.6759907559462819,0.9996367449012522,0.16486459842424744,5357
HILIC_400.9180854_46.88134751,0.16423869705245986,0.8704035835611905,1,0.026492624706867175,5358
HILIC_401.0368557_119.7736973,-0.3759045418141557,0.7090539565872677,0.9999159889500627,-0.29869076816059614,5359
HILIC_401.0798353_26.86586634,0.8300977382243393,0.4116080174493638,0.96978156031432206,0.9259805865763009,5360
HILIC_401.0937958_131.0936476,1.8742999937014297,0.06850178524172557,0.6511567144338838,1.067563042395348,5361
HILIC_401.2665665_43.13526971,-1.4690207743987436,0.14996195095172407,0.8022269263565472,-0.5768214055918458,5362
HILIC_401.2880474_22.68388764,-1.9825585549153857,0.05459504632094602,0.6035807021126404,-1.9313095105989568,5363
HILIC_401.3413647_283.7346489,2.538067487460069,0.015315374849857556,0.3548739511670534,0.8943476047454708,5364
HILIC_401.3442097_19.7549424,1.9925801519027158,0.05344090261802518,0.5975662088588002,0.8294044054978824,5365
HILIC_401.6509748_170.4928956,-0.6456100020433542,0.5223663568238279,0.9824083431236167,-0.08333333333333201,5366
HILIC_401.8203823_53.49087832,1.23788230276808,0.22326536327992066,0.8799075082512211,0.9599173348280587,5367
HILIC_401.9181797_46.81801942,2.8055254414329815,0.007839735477432839,0.2619554217640756,0.7955063998827258,5368
HILIC_401.9993641_37.16892757,0.0163866853737992,0.9870106382771391,1,0.009743326254729814,5369
HILIC_402.0019357_234.1071401,-2.2122627502739785,0.03295988705216312,0.4996956656890978,-1.3262114082473477,5370
HILIC_402.0731643_23.45182232,0.975879623925416,0.33522419891216537,0.9530170403384216,0.9043687667937644,5371
HILIC_402.1279037_71.63866047,0.64659927810998,0.5217325900648806,0.9824083431236167,0.9975789412899227,5372
HILIC_402.2336222_27.72398211,0.5784412656156622,0.5663391941924654,0.9913379189285378,0.5837963870469519,5373
HILIC_402.2852081_23.42230217,1.3538032828325592,0.18370373017145666,0.8460463584863603,1.2834364778796026,5374
HILIC_402.4788034_169.4250458,-0.8128678748845146,0.4212986385162767,0.9716822081080376,-0.2567122702626229,5375
HILIC_402.6887948_49.37091536,-0.651772663989402,0.5184250360891076,0.9824083431236167,-0.17730881030607934,5376
HILIC_402.7351502_47.25179629,0.13442568142684921,0.8937671718194039,1,0.01685373571952701,5377
HILIC_402.8245052_48.13834454,0.22970758380571937,0.8195366335105255,1,0.08922037570152212,5378
HILIC_402.8342478_237.3735705,1.1965036599766312,0.2388259671200281,0.8949573357591502,0.3517829823608325,5379
HILIC_402.849325_50.26246605,0.2385015898029922,0.8127586503788439,1,0.1552272909959609,5380
HILIC_402.892342_228.6294043,2.078059566725684,0.04442876077438432,0.5517606452510946,1.118446159103713,5381
HILIC_402.915172_46.81263926,0.5680611399711661,0.573296080920034,0.9913379189285378,0.09376109943993936,5382
HILIC_403.0097219_50.49140664,0.9813374878302521,0.33256109396832123,0.952059548524223,0.40036523286844405,5383
HILIC_403.2353008_25.57404099,2.1040592779108613,0.041965755455692144,0.5390014802778794,1.3180358493014925,5384
HILIC_403.8174812_53.5598855,0.12013663928872996,0.9050004730945573,1,0.0970838354536581,5385
HILIC_403.9148243_46.53074062,2.8350654160278794,0.007265790120574989,0.2556640531980802,1.958687694731696,5386
HILIC_403.9571939_188.9782342,-0.12114949710466259,0.9042035379227742,1,-0.038839627272967796,5387
HILIC_403.9683_109.6402222,-0.3879508768192134,0.7001919512674994,0.9999159889500627,-0.28686911906751794,5388
HILIC_403.9827228_244.8519211,-1.5208194407540658,0.13648695145346185,0.777169266884337,-0.48290720585606306,5389
HILIC_404.0144269_36.16241693,1.6931654429319345,0.09851228073389517,0.718134185467518,2.455734321041086,5390
HILIC_404.2365724_26.93514183,0.12630778541815232,0.9001464751416504,1,0.17346002939801397,5391
HILIC_404.6776163_44.06610014,-0.6596594408256278,0.5134044594615236,0.9818118147462611,-0.27860025357388907,5392
HILIC_404.6858439_49.00629728,-0.3267719988983403,0.7456125701144478,1,-0.07942751686212336,5393
HILIC_404.7131068_76.46320531,-1.21833465678228,0.23051986931312465,0.8875782173548652,-0.7322926407203337,5394
HILIC_404.7323653_46.50127453,-0.09023144544886832,0.9285717050816367,1,-0.048423302709618414,5395
HILIC_404.8214937_47.7214322,1.3028818626038041,0.2003642391857806,0.8619173596956773,0.6380035713107443,5396
HILIC_404.846522_50.28791114,0.7523065879437372,0.4564477645987569,0.9755657681934743,0.5332267356692177,5397
HILIC_404.8682841_51.89039746,-0.34542240553160863,0.7316595251666045,1,-0.40534312214475976,5398
HILIC_404.9119852_47.65572219,-0.24598049469670907,0.8070057098181256,1,-0.10841538351992527,5399
HILIC_404.960608_188.9641761,-0.6147595212082172,0.5423347537342175,0.9844101439284977,-0.2975510868390713,5400
HILIC_405.0201795_47.10754956,1.5010648480949627,0.14150682504171755,0.7868027723878191,1.8501759250134824,5401
HILIC_405.1294434_30.66230004,-0.4204836669871009,0.6764729633325768,0.9996367449012522,-0.3845475501914694,5402
HILIC_405.8143253_53.51573348,0.2956941335744927,0.7690547338036786,1,0.15376324143414682,5403
HILIC_405.9384508_256.0155892,-0.757490219208122,0.4533736657171348,0.9751806134071928,-0.3531427978047415,5404
HILIC_405.9473922_132.3615447,0.6712320361461271,0.506085449107131,0.9781047779839798,0.26299704881193436,5405
HILIC_405.9641742_189.4727284,2.7267985978591227,0.009581845034243832,0.28295260430069663,1.4909197440233903,5406
HILIC_405.9688989_60.89264805,-0.5703822251359929,0.5717368097465596,0.9913379189285378,-0.17768069287686472,5407
HILIC_406.0131289_35.9135615,2.1713714627786147,0.03613893017884313,0.5143847335746973,2.113262723217483,5408
HILIC_406.042182_111.4982865,0.9669324378407136,0.3396206849017366,0.954330731898445,0.3178831181936534,5409
HILIC_406.0643675_28.26024666,-0.8227693353934448,0.41571283895394573,0.971089044065792,-0.5866340555942896,5410
HILIC_406.1321797_64.94789372,0.6786816964660756,0.5014043128070749,0.9781047779839798,0.2481850927918705,5411
HILIC_406.1641705_24.16309769,-0.2635688986045319,0.7935195503962867,1,-0.3042480126696118,5412
HILIC_406.6749452_43.92563455,-2.055100079668016,0.04670823469255881,0.5627196066105052,-0.7479003458291863,5413
HILIC_406.683013_49.09137352,-0.2626564610157389,0.794217638059659,1,-0.06312015126315244,5414
HILIC_406.7724576_47.13370887,0.6579082467838759,0.5145169605487617,0.9824083431236167,0.13383280046732882,5415
HILIC_406.8553446_43.60033251,-1.0881877451290582,0.2832863009031497,0.9295944216943315,-0.7341089102885346,5416
HILIC_406.8661748_52.65221338,0.5199465534360974,0.606081653792149,0.9928201179984223,0.36210593914186784,5417
HILIC_406.9360124_255.6828344,-0.6111185975022149,0.5447172467994227,0.9848017888606798,-0.429487272591521,5418
HILIC_406.9718352_59.91455497,-1.6358766936266895,0.11002642756603974,0.7336651855103924,-1.2512699814711827,5419
HILIC_406.9910579_215.0011572,-0.4644435625666177,0.6449491803513986,0.9962085044382889,-0.24389403805672025,5420
HILIC_407.119961_30.48325113,-0.6124672627476738,0.5438340976088532,0.9844101439284977,-0.2963270173206799,5421
HILIC_407.1355415_66.23922505,0.23313019325808662,0.8168969590255843,1,0.13442172957670848,5422
HILIC_407.1676082_23.86053157,0.3852130864331693,0.702202365525258,0.9999159889500627,0.33023502158368356,5423
HILIC_407.2212078_66.2076143,1.3786402707029808,0.1759743591262875,0.8365744600905479,1.2292064285304944,5424
HILIC_407.4374639_253.7013419,1.6573145477524114,0.10559442810081789,0.7270102455490702,1.0619200009499579,5425
HILIC_407.4780941_256.9845958,0.35374010843492476,0.7254660411922343,1,0.1952073073417808,5426
HILIC_407.7576333_54.35127716,-0.6984884117412237,0.48907515006519264,0.9781047779839798,-0.18418696022308478,5427
HILIC_407.9154065_168.8715409,-0.26451900694848113,0.7927928243140064,1,-0.09424549210638614,5428
HILIC_407.9341538_255.1588496,0.002811315634080298,0.9977714331913328,1,0.002574901931134122,5429
HILIC_408.1612628_24.15152701,0.6366915261059222,0.5280983727095305,0.9824083431236167,0.5476846537691245,5430
HILIC_408.4758812_256.7318325,0.19744623768902794,0.8445184486222225,1,0.14836141294854135,5431
HILIC_408.6261187_43.73267901,-0.964298652979086,0.34092216924728125,0.9549164034006683,-0.3205962242483386,5432
HILIC_408.6802523_49.16895743,-0.6407931406621225,0.5254580818840857,0.9824083431236167,-0.17324859322981612,5433
HILIC_408.7695908_47.1026137,0.4950582627795786,0.6233763146625813,0.9947980550876518,0.09777377003947478,5434
HILIC_408.8572653_49.18336262,0.38266306462107946,0.7040768480679842,0.9999159889500627,0.1595927759980412,5435
HILIC_408.9556511_268.2487457,0.48374403999516224,0.631311238827428,0.9947980550876518,0.2602984972753511,5436
HILIC_409.005607_116.250412,1.0984179681688941,0.27885278001759634,0.9267563304583115,0.9837730638256058,5437
HILIC_409.0577273_51.75766385,-1.199179797609407,0.23779611732269584,0.8932665963443939,-0.7474216123942135,5438
HILIC_409.0807746_68.52547443,-2.700117973097858,0.01024938835765826,0.2932930621107674,-1.2879860848666722,5439
HILIC_409.1821468_29.55082981,0.585529610553602,0.5616128082829802,0.9899322889121577,0.4847893208346229,5440
HILIC_409.2716557_43.92691134,-1.9586258935301595,0.05743900630318389,0.6133199145431344,-0.3259237426569631,5441
HILIC_409.7547411_54.18124739,-1.0165846699403145,0.31570541353945863,0.9438119974700087,-0.29001096453644654,5442
HILIC_409.9209881_40.52406849,1.139618519066086,0.261495103093356,0.9128151645652964,0.4589413234043999,5443
HILIC_410.0187025_170.6015979,-0.28158702410159214,0.7797701640983478,1,-0.15365794147135117,5444
HILIC_410.0394845_168.7558311,-0.7819289362568129,0.4390451169208637,0.9745124110909839,-0.3703231619802202,5445
HILIC_410.0485541_38.21883317,-0.8595558190860844,0.39536153746537384,0.9669701703160376,-0.5317569711301477,5446
HILIC_410.0645796_64.29532617,-1.6479125544959348,0.107519717944852,0.7299405333124399,-1.2353766765530778,5447
HILIC_410.1212863_41.03191351,-0.5466900818886491,0.5877504809841692,0.9913379189285378,-0.18734782497867916,5448
HILIC_410.183311_27.99461398,0.625081214775661,0.5356100803323762,0.9833164118236528,0.6754134570265149,5449
HILIC_410.6234336_43.82353236,-0.9739209899931013,0.33618336478670063,0.9539608391559061,-0.2659841024331856,5450
HILIC_410.6776415_48.64116676,-1.73074909238267,0.09151570376489944,0.7069023523638046,-0.7286497180379902,5451
HILIC_410.7667459_47.21112419,0.6975238588397459,0.4896716031069337,0.9781047779839798,0.14005393297688926,5452
HILIC_410.8558006_51.57512652,-0.659747260530423,0.5133487035284454,0.9818118147462611,-0.2264123211779172,5453
HILIC_410.9684312_171.3164988,0.0659663677659481,0.9477464082726554,1,0.02331881520047414,5454
HILIC_410.986349_169.7837866,-1.1451186932926707,0.2592379035044858,0.9104912729835617,-1.0120286435678134,5455
HILIC_411.0212067_116.8370115,-0.0975152756385737,0.9228237629693306,1,-0.06522075701304887,5456
HILIC_411.239481_77.24430603,-2.7753950111597314,0.008468410468322963,0.2687354589845491,-1.6393238767819343,5457
HILIC_411.7410098_77.90997304,-0.6445387590765447,0.5230530980674766,0.9824083431236167,-0.5477400463740084,5458
HILIC_411.8269421_234.2496148,-0.21647089899091948,0.8297651283869698,1,-0.06844386393300896,5459
HILIC_411.919081_40.73743292,1.3960642026005774,0.17070409335200884,0.8323231239234016,1.1122187695861534,5460
HILIC_412.013711_257.9862277,1.8329062723076843,0.07456809331491394,0.6747716156497422,0.7032698165011549,5461
HILIC_412.0365452_166.8110258,-0.1778844982651564,0.8597475549840156,1,-0.08885184794664155,5462
HILIC_412.2848554_27.16294001,-1.5220033254310334,0.1361907063639467,0.7766083473602913,-1.4184980657836577,5463
HILIC_412.3058941_22.36347048,2.8799486710015207,0.00646827141551917,0.24055481432953416,2.045461017307895,5464
HILIC_412.6207259_43.82849009,-1.289795354943636,0.20482581685583012,0.8653322846082105,-0.35257328014262507,5465
HILIC_412.7175351_46.79739497,-0.5272571374910329,0.6010442867985861,0.9928144482048423,-0.1311511632498787,5466
HILIC_412.7639275_47.09999598,-0.009903657735809134,0.9921493615650094,1,-0.004729344606025753,5467
HILIC_412.8532968_51.68239847,0.9113285324843663,0.36780064120517686,0.9637531830220828,0.3812712461679291,5468
HILIC_412.8631295_248.8505977,2.029407150853468,0.04937975397779336,0.5779514620798052,0.5012935366050741,5469
HILIC_412.9081985_175.7616009,1.643395951173566,0.1084548268425478,0.7303151863250862,1.267245766180958,5470
HILIC_412.9833222_260.5272274,0.23377503089793528,0.8163998710392069,1,0.11052675982848882,5471
HILIC_413.2663435_30.67177772,-0.18057685589842054,0.8576481546268848,1,-0.09206097772385274,5472
HILIC_413.2882618_26.63634511,0.8238861329780885,0.41508567457133694,0.9703935627503105,0.48203108760019875,5473
HILIC_413.3054925_23.36584704,1.6646378314963777,0.10411457478012438,0.723414405040139,1.1895179098496478,5474
HILIC_413.9972844_118.4345603,0.21537637634213894,0.8306122783555705,1,0.14381209936878503,5475
HILIC_414.0407063_248.7813784,-1.1233494198986043,0.26825427135077184,0.9183426896754469,-0.5720693050936696,5476
HILIC_414.0704535_67.25614109,-1.4680196008704869,0.15023243904143616,0.8022269263565472,-1.1080183956578311,5477
HILIC_414.1216905_286.7590071,0.8272248336369737,0.41321421617310106,0.9702967640516138,0.7518160042748054,5478
HILIC_414.2999551_173.1866531,-1.0604989000642753,0.2955340354351521,0.938511025914046,-0.6593441915918429,5479
HILIC_414.3003957_27.19672225,0.34442803899771457,0.7324011724271474,1,0.2812389711584614,5480
HILIC_414.3214913_22.03553149,2.940186637534057,0.005526028930328023,0.2223678266061632,2.774131914786229,5481
HILIC_414.4089045_167.533659,-0.493298974066043,0.6246071969215337,0.9947980550876518,-0.2438416825558524,5482
HILIC_414.6180715_43.75168766,-0.9992995129386608,0.32389725063273456,0.9506069103298993,-0.34166759380639433,5483
HILIC_414.7148299_47.23806747,0.010061375313464653,0.9920243429931752,1,0.0027475664303754158,5484
HILIC_414.8501616_51.26785948,-0.9716601347854161,0.3372928120148737,0.9540637516661264,-0.6133422467878995,5485
HILIC_414.9026641_189.5751123,0.6437638848847365,0.5235501464295098,0.9824083431236167,0.504679736672619,5486
HILIC_414.9053314_50.1426984,-1.8860922263589124,0.06685271721995627,0.6473600999617912,-1.0663592415080456,5487
HILIC_414.918394_188.6923164,1.767303461280409,0.08511381669896337,0.6959761542836904,1.1493630021107082,5488
HILIC_414.962333_64.56821796,-1.868641302548141,0.06930537740064788,0.6547128556609609,-1.2464210963938864,5489
HILIC_414.9841535_70.81424393,-0.977509475026544,0.3344274397209043,0.9528688564543588,-0.7245903016671708,5490
HILIC_415.0161994_146.7328715,0.3447552508951309,0.7321570930511034,1,0.1847510181922944,5491
HILIC_415.0331948_288.9807132,3.2660114959491184,0.0022976716488554727,0.135804104723142,1.7357273680704843,5492
HILIC_415.0437281_246.1387352,0.03499622291557233,0.9722638060831863,1,0.009869974644714933,5493
HILIC_415.1018957_61.05026131,1.217164088250147,0.23095975513732564,0.8875782173548652,1.5565043143244432,5494
HILIC_415.1131974_25.96703707,1.1806123491106724,0.24500879170772627,0.8999626234969405,1.22669540334083,5495
HILIC_415.2539447_27.17957408,1.2674623961833484,0.21261254150805525,0.869684833496026,1.1148290899213533,5496
HILIC_415.3039095_27.59951807,0.675477479895793,0.5034148179844085,0.9781047779839798,0.5144912191520798,5497
HILIC_415.5704513_123.0246488,0.025978024978917803,0.9794092269628505,1,0.0312928081050821,5498
HILIC_415.8948502_45.67633953,-0.5919507791568588,0.5573484642913278,0.9878934493313638,-0.34398621592245787,5499
HILIC_416.0009878_169.8200155,-0.26513288682888747,0.7923233746317696,1,-0.21045151876438506,5500
HILIC_416.025059_300.1965844,1.058386734368133,0.29648323168358137,0.9388006206599299,0.7030621083353298,5501
HILIC_416.0365737_120.1420424,1.588921950668899,0.12026812182486792,0.7563416341912984,0.9752965234538452,5502
HILIC_416.0492569_152.1375183,0.3547135428642813,0.7247424166203487,1,0.23451870685993886,5503
HILIC_416.0730611_24.43433924,1.7084192865687464,0.09562081551731588,0.7129804503146869,1.7409480772953467,5504
HILIC_416.0733622_132.4073816,-0.6935448121887943,0.49213643306268506,0.9781047779839798,-0.22762111445712896,5505
HILIC_416.1293981_61.3217072,-1.4495456587786106,0.1552932596671584,0.8126472902585885,-1.094273830142236,5506
HILIC_416.2139465_25.53967126,0.8957209050253994,0.3759754347252836,0.9637531830220828,0.45307850619726564,5507
HILIC_416.2559477_26.94550327,1.1345858097394976,0.2635728014905682,0.9146409754836018,1.4717612721307607,5508
HILIC_416.3160167_28.56016569,0.3349908887119845,0.7394527047094868,1,0.31814830519574816,5509
HILIC_416.6156482_43.66746513,0.28182280667847553,0.7795907047450114,1,0.1420694679001332,5510
HILIC_416.7121009_46.93213439,-0.4591958909877635,0.648679079580843,0.9965858111391217,-0.1122418837135186,5511
HILIC_416.8013056_47.12389007,0.595100235182002,0.5552628933912731,0.9865304209500617,0.19775464050598984,5512
HILIC_416.8920541_45.64929422,-0.722408673557866,0.4744143851638647,0.9781047779839798,-0.3020898441672169,5513
HILIC_416.9023929_50.15319837,-2.1388907371576984,0.03885470856513214,0.5289492821128473,-1.1442019383862552,5514
HILIC_417.050073_69.42699841,-0.9160238420384449,0.3653640586206449,0.9637531830220828,-0.4222538698400141,5515
HILIC_417.0758445_141.8429779,-0.20891502018810185,0.8356174432551834,1,-0.05949991003826686,5516
HILIC_417.1443919_75.8460656,-1.6034541264475004,0.11701853499349092,0.7482137504060815,-1.3139920443716981,5517
HILIC_417.1871493_27.6101795,-0.8390150016950667,0.4066470832179341,0.9676316311691489,-0.5004996992159452,5518
HILIC_417.216822_26.72741371,0.6377342796429458,0.5274264659933925,0.9824083431236167,0.5888859683150581,5519
HILIC_417.3196047_28.54463233,1.0196956475462966,0.31424619351665145,0.9430387201808202,0.8076376431660531,5520
HILIC_417.5237062_126.3237766,-0.10069232327768729,0.9203179291525474,1,-0.05555500693873656,5521
HILIC_417.7941743_51.80141665,0.9963402698580178,0.3253140106678599,0.9506069103298993,0.8148903119919269,5522
HILIC_417.8921965_45.90223121,1.297263827052387,0.20227048072570733,0.8647457759331585,0.6116572165139418,5523
HILIC_417.9638341_188.5892114,-0.6546659908006182,0.5165801389513844,0.9824083431236167,-0.37751129500105746,5524
HILIC_417.9805503_169.0431414,0.8455110714267935,0.4030565799852024,0.9669701703160376,0.2828794413441394,5525
HILIC_417.9994408_133.844861,0.2825744979383791,0.779018657394942,1,0.2887361857611427,5526
HILIC_418.024049_126.3932161,0.13960290613987078,0.8897024420395765,1,0.046042361219576805,5527
HILIC_418.0332335_188.1687311,0.008208425815803264,0.9934931392761625,1,0.004950285123104169,5528
HILIC_418.0708013_145.2444612,0.5402510484324752,0.5921396625419908,0.9919344024228657,0.16108912567899406,5529
HILIC_418.1297354_36.53799528,0.9936100376623184,0.32662484095114075,0.9506069103298993,0.9691848906366641,5530
HILIC_418.2954398_30.44349675,-2.2335452774530564,0.03140578416129633,0.4910705173139733,-2.5528851446026266,5531
HILIC_418.4653859_188.5948598,-1.6383685745535959,0.10950353989133677,0.7336651855103924,-1.1408374350039303,5532
HILIC_418.4823018_172.3349374,-0.41749083678576415,0.6786415456394584,0.9996367449012522,-0.11316096370810554,5533
HILIC_418.6583476_46.67778098,-1.0240244773130722,0.31222341533215975,0.9421850854569164,-0.4942922039242012,5534
HILIC_418.7100602_46.43586535,-0.7923729747712248,0.43300507729516613,0.9742203846590763,-0.4036384277263887,5535
HILIC_418.7963871_46.01010931,0.5836210330080792,0.5628834627766929,0.9905437112575736,0.20116578930731105,5536
HILIC_418.8876193_47.63704153,-2.7033850611610575,0.010165395047688389,0.29248783186663846,-0.9251422945776596,5537
HILIC_418.8995608_50.12311258,-2.747344542512377,0.009095491600254739,0.2752088704868528,-1.81142868697625,5538
HILIC_418.967355_188.6988297,-0.7137325015688305,0.4797028425459735,0.9781047779839798,-0.6801907002107157,5539
HILIC_418.9798801_59.55251503,0.33408287543999543,0.7401323948683838,1,0.10384409994817283,5540
HILIC_419.0029165_60.6104393,0.129561430898185,0.8975888263391718,1,0.05927322288200125,5541
HILIC_419.3161065_293.4210872,0.30749718677580073,0.7601244098963011,1,0.12574793156772177,5542
HILIC_419.4234033_167.4519572,0.6251185643585477,0.5355858262546009,0.9833164118236528,0.3206434829518341,5543
HILIC_419.4687229_189.0184808,0.2675835745881779,0.7904500522208509,1,0.24094443251707295,5544
HILIC_419.7914528_53.3288637,1.0296293398788003,0.30961764627855437,0.9421850854569164,0.8174160084910157,5545
HILIC_419.9828002_58.65483457,0.6458401436769103,0.5222188829029875,0.9824083431236167,0.28585488610518967,5546
HILIC_419.9979858_132.2087038,0.9157649093346418,0.3654981555842569,0.9637531830220828,0.3141081177275606,5547
HILIC_420.0262234_34.12090471,0.47456441029865193,0.6377817943427111,0.9953856535986481,0.4396402090052745,5548
HILIC_420.0879397_36.12106443,0.8430368261870145,0.4044218094997247,0.9669701703160376,0.7509971468924335,5549
HILIC_420.3190502_288.9925762,-1.0238888113651425,0.3122866737426533,0.9421850854569164,-0.2914520425123036,5550
HILIC_420.6567569_47.69247908,-0.957562482498554,0.3442659302043528,0.9564212583657042,-0.466591429132957,5551
HILIC_420.7936885_46.09784484,-0.03172766745482078,0.9748533562343389,1,-0.012641539095287651,5552
HILIC_420.8850711_57.49881665,-0.5470670474451221,0.587494006880559,0.9913379189285378,-0.08892033249482993,5553
HILIC_420.9304171_125.0335099,1.3089576076636047,0.19831806823703585,0.8593515168411124,1.285713890757635,5554
HILIC_420.9738068_64.40626987,0.9596058848470709,0.3432493163266439,0.9561851813631342,0.4466381523057877,5555
HILIC_420.997522_63.96743898,-0.3023194113484151,0.7640379643637405,1,-0.16350467596489884,5556
HILIC_421.0307556_63.14196197,-1.2363215812456863,0.22383826905843948,0.8799075082512211,-0.9188626594957148,5557
HILIC_421.0793038_257.416337,-1.5030854233550635,0.14098669576357886,0.7856639509371739,-0.4784620284835816,5558
HILIC_421.091306_36.41227549,1.9319855027845927,0.0607544327762365,0.6269238783817119,2.0563673619447242,5559
HILIC_421.2595797_26.52705656,0.5952704997647181,0.5551502571242823,0.9865304209500617,0.5566360618084615,5560
HILIC_421.8885442_58.76101227,0.206012344040028,0.8378682130993635,1,0.039537620117937204,5561
HILIC_421.9212452_91.95245615,0.36453068535475674,0.7174590036593073,1,0.1958918145049248,5562
HILIC_421.931433_127.4841253,-0.7178144057740115,0.47721061154071565,0.9781047779839798,-0.42477775775741156,5563
HILIC_421.94267_63.98502343,0.3549380017812111,0.7245755962154101,1,0.2935380084101138,5564
HILIC_421.9985918_123.7356822,-0.5710247956668641,0.5713055109437202,0.9913379189285378,-0.45328829733572107,5565
HILIC_422.0842704_36.32800106,1.1934805504910388,0.23999327112241273,0.8961162212635817,1.3765427400382353,5566
HILIC_422.1033474_68.3196023,2.0505370475484126,0.047173257375441376,0.565818155239673,0.6290734066887178,5567
HILIC_422.1713908_33.04864251,0.9682757614642118,0.3389581585876881,0.9543069303606773,0.6241917792970696,5568
HILIC_422.2288137_27.7103538,-1.243628598711368,0.22116542470536615,0.8787783868821877,-1.0155171513098107,5569
HILIC_422.3266226_21.25329491,2.954568280023254,0.005320933920954939,0.22114251824921188,2.1696389058159817,5570
HILIC_422.6536063_47.42277725,-1.2743808115723914,0.21017691869164928,0.8683661493536527,-0.5268509620267171,5571
HILIC_422.7461331_46.52709466,-1.696088127882129,0.09795271355739214,0.7177897439971538,-0.5800748729915276,5572
HILIC_422.8821782_58.48853112,-0.8994281844541469,0.3740231905487179,0.9637531830220828,-0.13976922223600516,5573
HILIC_422.9280709_127.5158005,-0.4179981636938865,0.678273744996988,0.9996367449012522,-0.2477442990601009,5574
HILIC_422.9865004_252.1605378,-0.31137536672168353,0.7571973063471188,1,-0.07644058257163176,5575
HILIC_422.9914952_211.3863742,0.807853251899698,0.4241449624013435,0.9724257019093233,0.6371756446464437,5576
HILIC_423.0641887_74.09268093,-0.24353435356219663,0.8088861591937833,1,-0.18610828017915554,5577
HILIC_423.2395579_76.99259587,-0.020132151609946802,0.9840420635728819,1,-0.009511919899028626,5578
HILIC_423.2749909_25.75215021,-0.05878985291031372,0.9534239772146935,1,-0.05316605408976236,5579
HILIC_423.3955966_253.3070298,-0.004233134435010898,0.9966443445102651,1,-0.0020432455464120735,5580
HILIC_423.7410239_75.31367232,0.45631057463181574,0.650733799983803,0.9965858111391217,0.24457201658092342,5581
HILIC_423.8856226_58.07461031,0.702569315280624,0.4865561381535878,0.9781047779839798,0.5237204080728596,5582
HILIC_424.0688467_125.5459731,0.7318505747572438,0.46869719758244066,0.9777549229263227,0.5026046822206209,5583
HILIC_424.1504747_23.79905259,0.5693917339621941,0.5724019508794687,0.9913379189285378,0.5008693930849957,5584
HILIC_424.1822019_285.8270821,-0.1637338731035946,0.8707982838022869,1,-0.11269921420045888,5585
HILIC_424.3421449_21.61232256,1.2071594535565349,0.23474469005313967,0.8884134042888568,0.4943053191543465,5586
HILIC_424.651937_48.06576703,-0.37960866055770953,0.706324555532866,0.9999159889500627,-0.24441384776183903,5587
HILIC_424.7433533_46.46101806,-1.0215342926625814,0.31338593840874807,0.9421850854569164,-0.4134673641060172,5588
HILIC_424.8312431_50.02916209,2.2989749018027004,0.02702918854184944,0.46255833550376324,1.308985107796182,5589
HILIC_424.9342835_49.81858477,-2.3222367299786657,0.02561022610591291,0.45178111371304214,-1.8097442212926107,5590
HILIC_424.9820407_257.0763027,0.06362288920547743,0.9496001200219089,1,0.013768821167840327,5591
HILIC_424.9919088_50.07900293,0.4370571127934397,0.6645148269823067,0.9978767801948073,0.32661003801955035,5592
HILIC_425.0233358_166.2477084,0.7317606176454328,0.46875148011019363,0.9777549229263227,0.49807694542922804,5593
HILIC_425.3457268_21.38617712,2.5031026781381103,0.016673136593424544,0.37465205656157324,1.3828042129415812,5594
HILIC_425.8092035_48.23356968,0.5844465226259611,0.5623337079231787,0.9902771607973476,0.4024538148216282,5595
HILIC_426.0167861_178.2891245,0.7532265096584114,0.4559013271548863,0.9753792522951469,0.45548048903256855,5596
HILIC_426.1444093_29.54849747,1.6596256072704287,0.10512555862920143,0.7270102455490702,1.5759190541601094,5597
HILIC_426.2415648_25.25098754,0.41726525505555584,0.6788051129028074,0.9996367449012522,0.39792009786279314,5598
HILIC_426.3578176_21.54465001,1.9103635992070163,0.06356521195823843,0.6364623835971484,0.8098299680202689,5599
HILIC_426.74109_46.23843517,1.1694649757897104,0.24941503328161868,0.9045037333458517,0.47299923703606583,5600
HILIC_426.829429_49.3489927,-0.18194350772282883,0.8565828896772436,1,-0.053404238469379015,5601
HILIC_426.9118419_41.61129418,-0.03211515793299938,0.9745463475575322,1,-0.021885721225496146,5602
HILIC_426.9312662_49.9922793,-1.5925963330313981,0.11943962214815966,0.7550496652242475,-1.3525954226830659,5603
HILIC_426.9840686_63.92444792,0.1491788161523278,0.8821922454753092,1,0.10967279298730916,5604
HILIC_427.016005_126.4937229,-0.9641981026058615,0.34097192190383474,0.9549164034006683,-0.36545016689158044,5605
HILIC_427.0949459_254.525312,-1.1024569179938846,0.2771159773891922,0.92411207913059,-0.5677390977135128,5606
HILIC_427.3611554_21.39851231,2.6681633866565693,0.011105407443175928,0.30501040372778643,1.3296183033421352,5607
HILIC_427.9912258_257.5409782,-0.43074866482829877,0.6690562817210879,0.9991285755583671,-0.1012011190761947,5608
HILIC_428.0181149_118.0292877,-0.22927072926703926,0.8198737096174449,1,-0.19274984506865436,5609
HILIC_428.0858463_66.18555174,-0.9459215149621698,0.3500954894820615,0.9578247927857968,-0.6621805759875093,5610
HILIC_428.136895_28.21938559,0.08250381127510253,0.9346741005032857,1,0.09876480085625439,5611
HILIC_428.2850777_24.33993438,0.48979565340548653,0.6270615294599682,0.9947980550876518,0.409324768696944,5612
HILIC_428.3007306_22.77031139,2.2131800556624737,0.0328915172427357,0.4996956656890978,2.0145019468439322,5613
HILIC_428.6838679_43.79562597,-1.4543883433199443,0.15395379846683635,0.8098035215536038,-0.2644325542312538,5614
HILIC_428.6992967_48.03268714,-0.9652794816703285,0.3404371054511012,0.9543659754883653,-0.21018775747203663,5615
HILIC_428.8266608_49.12007104,-1.1884908096819746,0.2419290776420594,0.8965589582842357,-0.5684355215076448,5616
HILIC_428.914627_49.35203469,0.9346828668959539,0.35578497880892446,0.9588670540445742,0.9208903656011962,5617
HILIC_428.93515_248.3244326,0.6203093655802151,0.5387135482419991,0.983683589406213,0.6023960636392606,5618
HILIC_428.9442282_214.9184463,-1.48809022165189,0.14488330635695695,0.7922439063236316,-0.9673475297188967,5619
HILIC_429.0077271_62.67383536,-0.5397106331137518,0.59250874807996,0.9919344024228657,-0.2525925560834115,5620
HILIC_429.0130534_283.0291852,1.0521872940719255,0.2992814609601286,0.9392638295536324,1.1701603072634381,5621
HILIC_429.0217337_281.0848537,1.2368265263700093,0.2236527956118498,0.8799075082512211,0.8289993420505979,5622
HILIC_429.0600517_34.69686969,1.1526708994327501,0.25616148080527124,0.9085114391831796,0.9958266505291538,5623
HILIC_429.0888597_290.5621906,-0.06118980066279052,0.9515250139375373,1,-0.017366795980322848,5624
HILIC_429.1391127_36.30707166,-0.22220626350636427,0.8253293967805697,1,-0.16660410550189558,5625
HILIC_429.2354401_31.66351351,0.14054802819774995,0.8889607320138982,1,0.11855512521074352,5626
HILIC_429.245835_287.5260083,0.40971212047182337,0.6842908574428361,0.9999159889500627,0.32371448728721536,5627
HILIC_429.9866709_256.8923189,-0.3167789612238352,0.7531249142869051,1,-0.07646527314461316,5628
HILIC_430.0109457_58.45417682,-0.10436734066321224,0.9174203586780861,1,-0.06821468081584958,5629
HILIC_430.0243461_259.4175326,2.627795732823463,0.012281087306370127,0.32102476136950864,0.9854210077607176,5630
HILIC_430.0471553_116.2044038,1.5113388822219533,0.13887796506919017,0.7820601419325246,1.1727270288101004,5631
HILIC_430.2359752_27.92540302,1.113213521823666,0.2725279087784214,0.9209321245233384,0.364659088705156,5632
HILIC_430.2953393_26.45858211,0.7940072945010085,0.4320644520165078,0.9742203846590763,0.7682949751431236,5633
HILIC_430.3164438_22.96203107,2.4941078944926436,0.017039754618379966,0.37756635409696654,2.8677898163423126,5634
HILIC_430.6960375_47.97757233,-0.562733304094306,0.5768831511717067,0.9913379189285378,-0.137733320719737,5635
HILIC_430.8781122_49.42202398,-2.4320618738559268,0.019775434529884464,0.4041845899822696,-1.229984391467706,5636
HILIC_430.9136487_58.68154262,-0.6883291238874766,0.4953777540898242,0.9781047779839798,-0.24115520869911108,5637
HILIC_430.9320639_248.2445408,-0.011644999645137488,0.9907690574904227,1,-0.013266149541100796,5638
HILIC_430.9578307_73.17477606,-0.6883543201144727,0.49536206730499444,0.9781047779839798,-0.47617425770431626,5639
HILIC_430.9706942_261.2187317,-1.1969090055786615,0.23866976936004905,0.894869230703191,-1.0876491852577745,5640
HILIC_430.9936198_225.4603569,0.6497077268544231,0.5197438814969448,0.9824083431236167,0.272798307704585,5641
HILIC_431.0400823_50.6049513,-2.3664232086313177,0.023098007685530587,0.4309384917552656,-1.7592539842314323,5642
HILIC_431.0423323_105.8085315,-0.2699603739852801,0.7886344118102963,1,-0.24739140082862623,5643
HILIC_431.0428057_195.6672895,-1.6184389999095088,0.11374311708269873,0.7399306653829769,-1.0066478888306363,5644
HILIC_431.0864265_36.81657519,0.5764479779404565,0.5676718489592119,0.9913379189285378,0.4591522666947124,5645
HILIC_431.2986995_26.31918149,9.502670865119448e-17,1,1,2.7524013150368115e-17,5646
HILIC_431.3157532_23.19525838,1.4903492113500305,0.1442908628742524,0.7912074889195481,0.5042256040945965,5647
HILIC_431.9173476_58.97936726,-0.7443330722685991,0.46120007314422906,0.9756152843481324,-0.2622343926606062,5648
HILIC_431.9949776_130.4056014,0.07717812336246531,0.9388820616601379,1,0.02687445995467802,5649
HILIC_432.0455692_77.75851106,-2.908840992739349,0.0059989993095588634,0.23131872525966404,-3.072994361447085,5650
HILIC_432.0506981_267.9614378,-0.47178940057198604,0.6397435403556901,0.9955023063019077,-0.14886217551725875,5651
HILIC_432.2019198_28.33978957,-0.11662548798906244,0.9077638763353677,1,-0.12079609280813501,5652
HILIC_432.2381324_22.63732039,0.7356312863469618,0.4664190871025239,0.9773834678378885,0.6679953396053883,5653
HILIC_432.2805053_27.27710706,1.4044985975309083,0.16819744962815086,0.8310213594924681,1.0899503625506897,5654
HILIC_432.3132796_25.62783787,0.37376191064354053,0.7106345435253069,1,0.2833428645316328,5655
HILIC_432.6928798_47.97978408,-0.9513498564413365,0.34736903086312154,0.9574386235069654,-0.22346763073821307,5656
HILIC_432.7750968_47.8791511,0.8148864660531147,0.4201561721684349,0.9716822081080376,0.27547436582447815,5657
HILIC_432.8763629_50.5560463,-2.34288829147722,0.024406987468021894,0.44225348687730565,-1.5015451319046071,5658
HILIC_432.9183785_58.94423478,-0.6798690404019309,0.5006604304497395,0.9781047779839798,-0.24252086061399378,5659
HILIC_432.97008_257.3456981,0.08120545262551702,0.9356997964676825,1,0.016266585877651597,5660
HILIC_432.9967654_117.3795702,-0.18186148996626833,0.8566468124706914,1,-0.11070035727924375,5661
HILIC_433.0078808_173.2963479,0.7950785638509179,0.43144855586189845,0.9742203846590763,0.6258069030079191,5662
HILIC_433.0239986_69.61882471,0.767662401232743,0.4473765858891732,0.9745894987688215,0.3347987116529532,5663
HILIC_433.1182546_75.83799361,-0.4045062000807359,0.6880819778663293,0.9999159889500627,-0.18067532505255654,5664
HILIC_433.2368163_61.95304234,0.35703990372514194,0.7230140994631491,1,0.31804914417376506,5665
HILIC_433.2839632_27.1382713,1.459132203828806,0.15265053702159745,0.8071827454087163,1.7060473376755567,5666
HILIC_433.3142831_25.69872726,-0.6826195945487625,0.4989395205291738,0.9781047779839798,-0.6393208962166228,5667
HILIC_433.7684377_53.09078432,1.7192796198983757,0.09360549193976896,0.7121270113190171,0.5141870387449193,5668
HILIC_433.9851995_247.5753715,0.2048179956983625,0.8387947268444299,1,0.16845848561721674,5669
HILIC_433.9987744_208.6288336,0.6998388497450146,0.4882407601283515,0.9781047779839798,0.31224356043529733,5670
HILIC_434.1036047_37.78573591,0.8437759005955805,0.40401370498355493,0.9669701703160376,0.6177395045570041,5671
HILIC_434.1098207_134.2274222,-0.41467105233318424,0.6806872743160388,0.9999159889500627,-0.2812046699906708,5672
HILIC_434.1183653_269.8173597,-0.8434942036741188,0.4041692230847437,0.9669701703160376,-0.914881082095006,5673
HILIC_434.2174895_27.03273053,-0.2989053051287355,0.7666219115122179,1,-0.4240812624078525,5674
HILIC_434.2388098_47.5443443,0.19426937999139643,0.8469877381326997,1,0.25932482488243835,5675
HILIC_434.2859035_27.31179356,1.8560551793515252,0.07112162427596877,0.6627050518241218,1.9307174487300676,5676
HILIC_434.6765422_43.95084995,-1.0077735125821636,0.3198633994595927,0.9483800637817349,-0.2594777580128286,5677
HILIC_434.6904352_48.00746381,-0.7999279121080143,0.4286671839920263,0.9742203846590763,-0.18498936571977603,5678
HILIC_434.7718771_47.92510267,-0.19617881429369277,0.8455033952112945,1,-0.06087343811052869,5679
HILIC_434.7940732_224.1485825,0.49451427629453387,0.6237567970012097,0.9947980550876518,0.2241240565400112,5680
HILIC_434.8734814_50.55436843,-2.9352479684868746,0.005598152337561117,0.2233812771911663,-2.127749207797035,5681
HILIC_434.9555327_63.93746306,-0.03527125947444339,0.972045918715279,1,-0.014769274984582888,5682
HILIC_434.9651278_258.1840567,0.7954062609347163,0.43126026135635354,0.9742203846590763,0.22899722862879526,5683
HILIC_434.9917203_124.5044958,1.2150972419414767,0.23173796464508237,0.8879258919320564,0.5819078872775582,5684
HILIC_435.003141_259.2909214,-0.27249107005533607,0.7867025207130488,1,-0.0874315923131783,5685
HILIC_435.0211654_70.88315394,-0.00879053949014069,0.9930317066088548,1,-0.007930124280606866,5686
HILIC_435.0623804_35.65816366,1.3591873129554115,0.1820063779612133,0.8448097971996803,1.4928793297131566,5687
HILIC_435.1068464_36.97409458,0.8572983172862165,0.3965921500541749,0.9669701703160376,0.7651954866088417,5688
HILIC_435.2208673_30.80898386,-0.6446379280327907,0.522989503640283,0.9824083431236167,-1.0325290999852337,5689
HILIC_435.252521_63.60532217,0.7580032094503271,0.45307010386591906,0.9750316892785739,0.5148801795315681,5690
HILIC_435.5145484_127.9987091,0.28560667085576413,0.7767123983083059,1,0.0861288898049919,5691
HILIC_435.7655498_53.14608688,0.39851756396923754,0.6924531907990146,0.9999159889500627,0.17698881675929948,5692
HILIC_435.9534773_257.0599053,1.5550343190364295,0.12813141842384934,0.7671458326289821,0.6485240403413544,5693
HILIC_435.9815686_247.8540237,0.17211141659730225,0.8642526455599648,1,0.08715900348553876,5694
HILIC_436.0145805_127.6606477,-0.25983741366808316,0.7963755147244178,1,-0.18278293051747882,5695
HILIC_436.1143325_63.96665671,1.9582437591797042,0.05748543568904703,0.6133199145431344,1.1228932948643657,5696
HILIC_436.6877671_48.11424803,-1.0433505855268523,0.30330164158066836,0.9402374180413365,-0.20814691350036146,5697
HILIC_436.8589915_57.03558679,-0.9528952596832049,0.3465954051977904,0.9572455292742392,-0.31399433644877994,5698
HILIC_436.887388_49.73101473,-1.8056738426141958,0.07880305349975639,0.689893560131015,-1.093918768175045,5699
HILIC_436.9495855_68.35060201,0.1951589527124696,0.8462961376462581,1,0.1077858190362091,5700
HILIC_436.9505058_258.2413711,2.075391964778365,0.04468850194883077,0.5536722126310184,1.0816172750361002,5701
HILIC_436.9633885_63.42886247,-0.9964374976578358,0.3252673956475777,0.9506069103298993,-0.5074999644012541,5702
HILIC_436.9782505_179.2062905,0.4753224377625633,0.6372463771344132,0.9953856535986481,0.2194910493536231,5703
HILIC_436.9992438_259.4889611,0.2680835039030635,0.7900680569463119,1,0.12939840227410523,5704
HILIC_437.0148289_292.8374745,0.8019010166411722,0.42753860764707174,0.9738791676427527,0.7881348893681498,5705
HILIC_437.0151175_129.8089399,-0.10247341420291951,0.9189134867215134,1,-0.05359955981846324,5706
HILIC_437.0566355_252.7530357,0.036459754235270876,0.971104403595255,1,0.012554069440721871,5707
HILIC_437.0646009_64.63416588,-0.6155803891845053,0.5417983534032833,0.9844101439284977,-0.3955145973249816,5708
HILIC_437.0881701_64.09935596,-1.23835062160261,0.22309366681858728,0.8799075082512211,-1.0685093288507712,5709
HILIC_437.1178357_269.0825168,-0.15150464580366796,0.8803697763751277,1,-0.08210042955068464,5710
HILIC_437.2359104_27.17512615,1.7730878534157082,0.08413608587672812,0.6959761542836904,2.002831218420212,5711
HILIC_437.4389797_188.3618223,-0.6870046936115629,0.4962027121520258,0.9781047779839798,-0.6152232971564647,5712
HILIC_437.9407912_188.8202064,0.10199430213056918,0.9192912549817734,1,0.07691999312208515,5713
HILIC_438.05966_246.4269052,0.4885524225590569,0.6279335380747031,0.9947980550876518,0.18661330061514322,5714
HILIC_438.1454909_33.88390169,0.6389038223334486,0.5266734012248737,0.9824083431236167,0.32714283543346645,5715
HILIC_438.2394224_26.82097869,2.480848167888674,0.017593621930242664,0.3840214710141083,1.9909710948786494,5716
HILIC_438.4422977_188.863538,-0.5452011367179305,0.5887640327420804,0.9913379189285378,-0.3047569306252447,5717
HILIC_438.6371147_228.8716925,-0.6176822912150779,0.5404261104478807,0.9844101439284977,-0.23827364710215548,5718
HILIC_438.6849783_48.01279286,-1.0456532026797123,0.30225050936281495,0.9397496500337139,-0.2107566131280844,5719
HILIC_438.7124513_43.64163663,-0.026549364963149386,0.9789564778882774,1,-0.003665426157990872,5720
HILIC_438.7282661_47.72263466,0.6662860986892074,0.5092064769827827,0.9800000102223171,0.07639390270532713,5721
HILIC_438.8563057_59.18342274,-2.870990317558282,0.006620605122619623,0.2430133328886782,-1.0282284907577262,5722
HILIC_438.8843727_49.75889443,-1.7380584604935954,0.09020434452897272,0.7028476636205563,-1.091363159294622,5723
HILIC_438.9001217_49.13266742,-0.9525015764066503,0.3467923739190093,0.9572455292742392,-0.7517254568742572,5724
HILIC_438.943765_189.2044485,-0.6373416337793741,0.5276794173391153,0.9824083431236167,-0.2989838458761284,5725
HILIC_438.9639455_248.1532958,-1.6289961506146247,0.11148087093528121,0.736040478094709,-0.7863332806393446,5726
HILIC_438.9746682_258.654228,-0.43769982828206494,0.6640528498737002,0.9978767801948073,-0.23421727056868744,5727
HILIC_439.0381717_74.9584502,-0.790576320790016,0.4340405531917706,0.9742501915477519,-0.553048309624711,5728
HILIC_439.1417718_33.82003005,0.9637779135036154,0.34117988514977715,0.9549164034006683,0.34461073620194643,5729
HILIC_439.2113028_23.89260943,-1.3374221866631033,0.18894293824548836,0.8493817236871323,-1.2121321209639353,5730
HILIC_439.9673416_123.6427864,-0.3892985846666291,0.6992031027361577,0.9999159889500627,-0.23765846020718515,5731
HILIC_439.9766149_127.8125652,1.7227966895893267,0.09296047711639102,0.7110073493176743,0.5962517346991165,5732
HILIC_440.092327_127.0086567,-0.48775567707695183,0.6284926636337,0.9947980550876518,-0.2231353922831343,5733
HILIC_440.285636_27.48660974,0.44193688498953504,0.661010625473855,0.9968021749030789,0.49332779626098866,5734
HILIC_440.3160662_21.72294041,0.9994940419933898,0.32380426492567793,0.9506069103298993,0.856289816234834,5735
HILIC_440.709889_43.65695834,0.16310554892861093,0.8712895903009593,1,0.023711032631943314,5736
HILIC_440.7252423_47.7390982,0.675131041627003,0.503632457582752,0.9781047779839798,0.07874964569567623,5737
HILIC_440.8052604_50.41241522,1.7087708497421241,0.09555501580254368,0.7129804503146869,1.2254911058355626,5738
HILIC_440.9444642_167.0935097,0.11878954198662019,0.9060605480175306,1,0.07024888829774704,5739
HILIC_440.9619001_248.191367,0.28040340083413023,0.7806712301963672,1,0.19007962569361272,5740
HILIC_441.0005417_221.8520194,-2.039954040418417,0.04826738520168468,0.5734819207320505,-1.3948040684466003,5741
HILIC_441.0870805_128.4884792,-0.12152267203100568,0.9039099422603358,1,-0.05242107571076307,5742
HILIC_441.2975896_53.84604236,0.3835197096749661,0.7034469320592852,0.9999159889500627,0.12543764782222472,5743
HILIC_441.72892_47.7189694,-1.3194024062608434,0.1948376807227846,0.8533314647769573,-0.5952601377080027,5744
HILIC_441.9912353_101.8586849,1.7596047773377077,0.08642991374568339,0.6962067550962847,1.015907366938726,5745
HILIC_442.027509_62.77523398,-1.407058032100632,0.167442509707952,0.8298176112025003,-1.1768829136343324,5746
HILIC_442.1029153_27.35536498,-0.5363330496262063,0.5948180052442003,0.9921034274533279,-0.27163150861694857,5747
HILIC_442.1595714_28.14596738,-0.15782721240024503,0.875418907897235,1,-0.16470464337246332,5748
HILIC_442.1976346_47.90359459,0.10679245850110242,0.9155088942650333,1,0.04100314632390211,5749
HILIC_442.3012317_23.89784985,-0.1391888112092748,0.8900274458639236,1,-0.09808580528848893,5750
HILIC_442.3322845_32.89255725,-1.5436916180093931,0.1308543899535797,0.7695072627505222,-1.3731742219709206,5751
HILIC_442.7076984_43.68672887,0.1654764171927395,0.8694360053314862,1,0.03022755794341043,5752
HILIC_442.7222813_47.72115193,0.7573277428942419,0.45346983590825174,0.9751806134071928,0.08780400794250344,5753
HILIC_442.8032674_50.08779671,0.671277587274951,0.5060567537320784,0.9781047779839798,0.21972060437578866,5754
HILIC_442.9940789_257.6452638,0.22884236960166146,0.8202042646880329,1,0.0505021736949651,5755
HILIC_443.0458005_37.50770785,1.3105997142504815,0.19776778004949325,0.8592309077363763,0.9547051393235356,5756
HILIC_443.0734415_107.0384976,-1.969231238796849,0.05616332371246228,0.6110289581182704,-1.0916694514467018,5757
HILIC_443.1062051_27.36646976,-0.5816690845888268,0.5641844815403415,0.990906938850393,-0.41627849159503044,5758
HILIC_443.18921_59.90260052,-1.317733809209746,0.19539054003419717,0.8545616324992309,-1.3159813969421663,5759
HILIC_443.3349863_34.41548795,-0.9631093965694306,0.3415109266635922,0.9550137755006265,-1.0881029068621266,5760
HILIC_443.5262694_286.7249569,-0.2742628098382903,0.7853508150649839,1,-0.12100449704062938,5761
HILIC_443.8611003_286.5005859,-0.22021001987613983,0.8268726422766979,1,-0.09612723156433008,5762
HILIC_443.9864958_293.8814463,1.2818384378565524,0.20757503762962198,0.867980793495172,0.931751824878754,5763
HILIC_443.9865324_120.6838688,2.540810715878281,0.015213248363134755,0.35355049080598666,0.9455912135348293,5764
HILIC_443.9971515_187.0034814,0.39997044742638355,0.6913917195108152,0.9999159889500627,0.21759831298937152,5765
HILIC_444.102619_27.47986963,-0.24710990010295908,0.806137879742794,1,-0.2587927947080971,5766
HILIC_444.1956376_285.06898,0.14051680644874714,0.888985232513566,1,0.10513401243598498,5767
HILIC_444.4988881_188.1638089,-0.9935297948303993,0.3266634207617649,0.9506069103298993,-0.6937825028948406,5768
HILIC_444.6734227_47.93745018,-0.945709119706264,0.3502024540272962,0.9578247927857968,-0.21937150597981608,5769
HILIC_444.7068038_44.10784649,1.2953299746374385,0.20292981994812606,0.8647457759331585,0.5873592884596854,5770
HILIC_444.7195074_47.76617324,0.6914712721064002,0.4934236293179668,0.9781047779839798,0.08144211358269432,5771
HILIC_444.7980821_46.39540817,-0.6625218471050885,0.5115888323619748,0.980797573128938,-0.3797976640066366,5772
HILIC_444.8340824_49.27686393,0.7438433852506198,0.4614928661933916,0.9756152843481324,0.36147346370114924,5773
HILIC_444.9295524_59.04687091,-0.7424263001990763,0.46234077568485743,0.97609318139665735,-0.3450550819967408,5774
HILIC_444.9976455_191.4425767,0.5886175876057895,0.5595600146660029,0.9891348092350075,0.3119394484157184,5775
HILIC_445.0267698_118.2308676,-0.2558298885881175,0.7994459108419735,1,-0.11477484895575679,5776
HILIC_445.1202403_293.153226,-0.5642950172231975,0.5758305584885739,0.9913379189285378,-0.12575573719066216,5777
HILIC_445.1203381_21.17445009,0.6192823947589458,0.5393826829032267,0.983683589406213,0.5489707185413947,5778
HILIC_445.3314757_22.51464814,0.7796380738962473,0.4403766755669103,0.9745894987688215,0.7477006245666541,5779
HILIC_445.9639117_269.2788305,1.0926095034498062,0.2813639673732801,0.9295944216943315,0.5217470262673587,5780
HILIC_445.9977317_250.6563687,-0.4894216323232425,0.6273238129256555,0.9947980550876518,-0.17581719854443567,5781
HILIC_446.0867639_34.77133266,1.677918032407761,0.10147467030939317,0.7210864205354485,1.3882155581017872,5782
HILIC_446.2597309_27.68316666,0.3167194332097053,0.753169738651057,1,0.3628861571808731,5783
HILIC_446.6704044_47.82722377,-0.5255922915654452,0.6021897220443233,0.9928201179984223,-0.12798360903222206,5784
HILIC_446.7166713_47.72759065,0.3726495998385239,0.7114555894093094,1,0.046274506262560695,5785
HILIC_446.831106_49.35211608,0.920069906106457,0.3632728176099055,0.9633639059453812,0.4016567048104452,5786
HILIC_446.8878347_58.76129863,-0.2362396686932735,0.814500657246839,1,-0.1415743312262712,5787
HILIC_446.9446678_167.6459235,1.3846097165238531,0.17415473714958665,0.834640816827064,0.6376910388752108,5788
HILIC_446.995098_260.784899,1.1937149280744943,0.23990262242174526,0.8961162212635817,0.832685905517025,5789
HILIC_447.005352_258.5736835,0.3548212736257572,0.7246623482046739,1,0.06112439801899195,5790
HILIC_447.0137578_51.16833894,-1.6486432208118538,0.10736906757542612,0.7299405333124399,-1.1633974090359145,5791
HILIC_447.0196369_174.8295462,2.0220763765998633e-15,0.9999999999999984,1,3.4866459839798693e-16,5792
HILIC_447.0585134_35.21078397,-0.2202346339925122,0.8268536094792847,1,-0.12924652981594328,5793
HILIC_447.106961_96.59638974,2.796416664575623,0.00802505579589383,0.26208748604396903,2.993620548484316,5794
HILIC_447.2150274_58.84415485,-0.0753409081787408,0.9403341098612915,1,-0.056767259396115134,5795
HILIC_447.3471722_21.61887655,2.205671931825435,0.03345485090231664,0.4996956656890978,1.0219527556016523,5796
HILIC_447.932313_95.91214451,0.1400642381690158,0.8893403867075913,1,0.10920421519233438,5797
HILIC_447.9898027_60.91132533,1.1732027123164654,0.24793124008869827,0.9013193895014,1.1595718234132697,5798
HILIC_447.9973684_261.8574182,-0.2799191644627406,0.7810399569328493,1,-0.05263858832997862,5799
HILIC_448.0771553_42.62758261,-0.8441670944363381,0.40379779801880267,0.9669701703160376,-0.5239007017690526,5800
HILIC_448.2626521_27.49845966,2.0808903671857335,0.04415457783724903,0.5509677663408914,2.29878323737457,5801
HILIC_448.3058361_25.87277904,1.7014026634849275,0.09694197389271964,0.7163791506558442,0.9474178023204105,5802
HILIC_448.667439_47.86194252,-0.531168860227919,0.5983570042177623,0.99269666947702,-0.13012373085262838,5803
HILIC_448.7134834_47.69236122,0.6253031145967023,0.5354659914356888,0.9833164118236528,0.3658357818060377,5804
HILIC_448.7413227_43.45211562,0.09726283724165385,0.9230229032821649,1,0.024779833420091053,5805
HILIC_448.7571094_47.37884839,0.5705597220701083,0.5716176562107329,0.9913379189285378,0.10568288888075261,5806
HILIC_448.8275733_49.21721557,1.3690548863197056,0.17892697933501478,0.8415449274641627,0.9310063643628973,5807
HILIC_448.8286092_240.0084962,1.0396170848848976,0.3050113258053022,0.9402374180413365,0.7031944222286368,5808
HILIC_448.8504485_51.15754221,-2.997873553271352,0.004745675140494404,0.21240614375261277,-2.4276824877756993,5809
HILIC_448.9316181_40.91489263,-0.5116533173536967,0.6118197714020626,0.9928201179984223,-0.23640802810572728,5810
HILIC_448.94311_269.0890043,-0.1369001603342817,0.8918240463085034,1,-0.05949159391002452,5811
HILIC_448.9990347_72.45944272,-0.19949254238208589,0.8429287476164318,1,-0.20012429590297529,5812
HILIC_448.9998168_258.7320732,0.2100275060945399,0.8347551780269232,1,0.1381143787826747,5813
HILIC_449.1094799_76.09280091,1.2768884109448515,0.2092993214019108,0.8683661493536527,0.6150455025778697,5814
HILIC_449.1460511_119.1928152,1.0259159090273549,0.31134239138489445,0.9421850854569164,0.5463860161555739,5815
HILIC_449.7423703_53.61733417,-1.1629468278623802,0.25201799677614917,0.9054022050039036,-0.8528943905232504,5816
HILIC_449.9941357_257.5732885,-2.026791766733162,0.04965903037678545,0.5787413703407266,-0.623886474878583,5817
HILIC_450.0322073_130.6218886,0.10871113222230565,0.9139969654619287,1,0.043404123088079914,5818
HILIC_450.0936853_101.0097848,-0.8304772927861185,0.4113961023836349,0.96978156031432206,-0.33169177071672606,5819
HILIC_450.1130371_75.3999986,-0.13044195157422225,0.8968968493068283,1,-0.0655271006012835,5820
HILIC_450.1495454_112.5146664,0.9760797689736584,0.33512628881723316,0.9529111307364223,0.512454707479418,5821
HILIC_450.3215272_25.1066259,2.614039226588882,0.012707226764911062,0.3258016514067845,2.818607412635465,5822
HILIC_450.3790602_22.80738232,-3.303725716680985e-4,0.999738108976415,1,-3.131709781650725e-4,5823
HILIC_450.6646886_47.93832377,-0.5775181870375604,0.5669561439848787,0.9913379189285378,-0.13418399543383164,5824
HILIC_450.7389947_43.46863624,-0.8686484494869249,0.3904292794312325,0.9669701703160376,-0.19487750763248074,5825
HILIC_450.7542136_47.38152311,0.5584812935810443,0.5797537685498264,0.9913379189285378,0.1035685951084721,5826
HILIC_450.9272546_65.34766983,-0.9959305445473287,0.32551049951542577,0.9506069103298993,-0.6830098833068717,5827
HILIC_450.9807413_263.5242453,0.06263117441621265,0.9503846609646014,1,0.01541343545491307,5828
HILIC_450.9936605_292.0782996,-0.15018292118664683,0.8814053706638637,1,-0.11075988656182775,5829
HILIC_451.0341433_125.6991985,-2.804214721604577,0.007866154806814246,0.2619554217640756,-1.1729654858040246,5830
HILIC_451.3248711_25.23380993,1.0163822062310255,0.31580054022877646,0.9438887899220819,0.5481349118827232,5831
HILIC_451.7394883_53.59076749,-1.8076126358773836,0.07849496347963408,0.6896168250598674,-0.7124023199718095,5832
HILIC_451.8246238_49.22195771,-0.6110087640450307,0.5447892018612982,0.9848017888606798,-0.49238812689697703,5833
HILIC_451.8429361_46.83335933,0.7180229367548305,0.47708348974347226,0.9781047779839798,0.5130197678048701,5834
HILIC_451.9841932_258.2625761,-0.9508882678956961,0.3476003224302303,0.9574386235069654,-0.18773953707241264,5835
HILIC_452.0092014_221.9639592,-1.1485150832926059,0.25785109339859325,0.9092796133090685,-0.5782193926838282,5836
HILIC_452.2774543_27.9348366,-0.275078332437507,0.7847288577402132,1,-0.08897494353731716,5837
HILIC_452.5298959_262.812001,-1.1513780683996562,0.2566862430434581,0.9089454034850852,-0.6292301571886676,5838
HILIC_452.6619302_48.05785174,-1.2937153227307399,0.2034815743255409,0.8647457759331585,-0.251889945698558,5839
HILIC_452.7379762_44.77789434,1.4006118609706142,0.1693489706682999,0.8316096347034753,0.6926007694958696,5840
HILIC_452.7512543_47.44057199,0.6983168801468794,0.48918119074986477,0.9781047779839798,0.12458307381338117,5841
HILIC_452.8331244_58.49720752,1.156812980113187,0.25448542074846275,0.906563406245264,0.6241104795768384,5842
HILIC_452.8646165_261.9388994,-1.0849296773769768,0.2847086314970054,0.9295944216943315,-0.3642277947302913,5843
HILIC_452.9242807_65.62944113,-1.2115763120498024,0.23306811938902927,0.8879258919320564,-1.074958654451261,5844
HILIC_452.940348_60.36642743,2.4497315918584976,0.01895832328264542,0.3997097619046565,1.9881398880949674,5845
HILIC_452.9444539_171.7059249,0.5390376665578172,0.5929685149292891,0.9920697944131132,0.345613054394349,5846
HILIC_452.9763343_260.6369531,0.7323718944538236,0.4683826905386588,0.9777549229263227,0.12274116584162492,5847
HILIC_452.9889057_117.5453991,-0.302383049882815,0.7639898257125393,1,-0.24533488274832696,5848
HILIC_453.0151055_121.3423642,0.48410955889277574,0.631054193625308,0.9947980550876518,0.3534570353895131,5849
HILIC_453.1247301_90.45096234,1.0607425917666866,0.2954246578898732,0.938511025914046,0.4773420134649004,5850
HILIC_453.209761_29.49987063,0.9898634969928041,0.32842941569566464,0.9506069103298993,0.8809442392102738,5851
HILIC_453.4461824_170.6284302,-0.3509167711110165,0.7275662725120939,1,-0.08476191022722153,5852
HILIC_453.73668_53.74959957,-1.023599445675482e-14,0.9999999999999919,1,-9.463666538064973e-16,5853
HILIC_453.8221123_49.33179708,0.2917052623688903,0.7720800428366487,1,0.12960119337343845,5854
HILIC_453.840191_47.15191569,0.29771489811633967,0.767523500785951,1,0.15296756827785363,5855
HILIC_453.9770924_139.1309115,0.01520476891335153,0.9879474402661143,1,0.013944648122749766,5856
HILIC_454.0263162_123.8538177,-0.07536411163022723,0.9403157696517843,1,-0.043217683221583966,5857
HILIC_454.1557862_235.4693364,1.6441053066956208,0.10830752200998409,0.7301537256918436,1.2948577605549527,5858
HILIC_454.2097488_29.65893539,0.753262214549869,0.4558801260100702,0.9753792522951469,0.7085108512486644,5859
HILIC_454.2929977_28.57249364,-3.0229068728156867,0.004440356536648299,0.20699703617431686,-1.1269803784940036,5860
HILIC_454.659251_47.83380157,-1.1637822019912816,0.2516833019205618,0.9053010394091442,-0.3302848547514939,5861
HILIC_454.7022677_47.09038654,-0.7308505964212916,0.4693008145411367,0.9777549229263227,-0.09351776776995813,5862
HILIC_454.748462_47.51486597,0.6918145660588425,0.49321039258074895,0.9781047779839798,0.15206345444420633,5863
HILIC_454.7761755_222.4499074,-0.4048587847343678,0.6878249555137748,0.9999159889500627,-0.12994253695847313,5864
HILIC_454.941023_172.255072,1.1165742964824947,0.27110555758816796,0.919604667683454,0.36295631158342406,5865
HILIC_454.9520451_265.1364165,0.226834063972851,0.8217544686462321,1,0.08006571040597138,5866
HILIC_454.9735793_258.5589867,-1.4571276815651981,0.15320016295349667,0.8081848757553501,-0.5512688734266444,5867
HILIC_455.0116356_130.1537294,0.8937476803576565,0.3770171915009176,0.9637531830220828,0.35586839326987824,5868
HILIC_455.0289192_282.9464518,1.395836899097321,0.17077204673258403,0.8323231239234016,0.4526383673889349,5869
HILIC_455.0362848_28.6376614,-0.3540262288189986,0.7252533206377534,1,-0.4381652822075386,5870
HILIC_455.0668457_251.4705433,-0.43401096271671036,0.6667061671202061,0.9980954332927549,-0.1596917073564429,5871
HILIC_455.2530266_23.19289537,-0.8802475728329188,0.384194068728854,0.9641462546882261,-0.5956721594207778,5872
HILIC_455.2963933_28.00768931,-1.402928829576242,0.16866178629022213,0.8314976732916184,-0.6551139537249869,5873
HILIC_455.8373906_46.92929396,1.6973903529387793,0.09770424526074427,0.7177897439971538,1.0592607152902553,5874
HILIC_455.9761974_188.2957218,-0.7848710974185212,0.4373385230385741,0.9745124110909839,-0.7371369769050542,5875
HILIC_456.0417208_40.02016765,-0.005999853613329821,0.99524386012727,1,-0.006222345709588262,5876
HILIC_456.0857793_36.90897854,1.0946675807112243,0.2804723751885687,0.9295824924498765,0.9677464795049726,5877
HILIC_456.19982_29.88088607,-0.9160634272949904,0.365343560885215,0.9637531830220828,-0.42335140647402447,5878
HILIC_456.3110853_22.03655584,-0.0879394809296689,0.9303811962397988,1,-0.040634444198561145,5879
HILIC_456.3320818_22.74979436,2.3863406987462894,0.022040086192585438,0.4244273204202801,2.526305982973668,5880
HILIC_456.4779907_189.1810384,-0.8136683779240679,0.42084534959428355,0.9716822081080376,-0.5754341146483033,5881
HILIC_456.6993038_47.06939661,-0.2143256936213613,0.8314256891964451,1,-0.02687668896823721,5882
HILIC_456.7454076_47.32288835,0.11205191182857852,0.9113651820831012,1,0.07731450551614277,5883
HILIC_456.9455439_62.12115019,-2.680187926160079,0.010775822369768179,0.30230030255188944,-1.6912514387716813,5884
HILIC_456.947365_260.7318589,0.6400482838112925,0.5259370389878767,0.9824083431236167,0.40820144589640156,5885
HILIC_456.9750011_247.7681281,0.7144378955396581,0.47927163323711774,0.9781047779839798,0.25672906313834104,5886
HILIC_457.0235886_87.03466364,-0.38792897391792425,0.7002080263684236,0.9999159889500627,-0.24034161006236207,5887
HILIC_457.0243437_276.7813109,0.2237772298792468,0.8241154151886729,1,0.17254192569033547,5888
HILIC_457.0542842_63.87605085,-1.6324889578003847,0.11074058513658115,0.7359903416529988,-1.6210688771228836,5889
HILIC_457.1043511_63.70586029,-0.5032867435193842,0.6176338277883305,0.9943664105917887,-0.2643902118159806,5890
HILIC_457.2220746_24.17385173,0.017775697445011764,0.9859097135722136,1,0.020888530039167665,5891
HILIC_457.2720472_39.80009697,-0.47439261767971097,0.6379031638699575,0.9954761800334789,-0.38343416395774904,5892
HILIC_457.3143353_22.09256618,0.8044748979765058,0.426069105549425,0.9732405036444339,0.5021486660108098,5893
HILIC_457.8796511_46.75037498,2.228544291439115,0.03176497952749737,0.493246874061832,1.3585380436424912,5894
HILIC_458.0192344_258.1923179,0.49941268613112927,0.6203344568154332,0.9947980550876518,0.26803990863616406,5895
HILIC_458.0365312_53.48085537,-0.676057279426561,0.5030506916036288,0.9781047779839798,-0.8244298411769245,5896
HILIC_458.0963943_64.87536642,0.9939923685012753,0.3264410630319924,0.9506069103298993,0.8073020254528823,5897
HILIC_458.147702_29.87606061,0.19877321624963132,0.8434874909287589,1,0.24089930934087728,5898
HILIC_458.1926316_52.61434506,-0.056699494436806386,0.9550782017598677,1,-0.03211809729268213,5899
HILIC_458.2259331_24.4074231,-0.7392564841242362,0.46424069493673314,0.977038339924947,-0.935231186328367,5900
HILIC_458.3265778_22.40802626,0.28647303453394535,0.7760538199856584,1,0.22939049859852598,5901
HILIC_458.6964405_47.19008603,-0.3561730544203314,0.7236579344600187,1,-0.044573773954544565,5902
HILIC_458.770271_41.99225218,0.1229216139174428,0.9028094455268417,1,0.07030209373531876,5903
HILIC_458.7859889_46.97037315,0.24838673084877555,0.8051570675052343,1,0.08309195022270471,5904
HILIC_458.8560272_249.3711039,0.8937846310357893,0.3769976665417575,0.9637531830220828,0.35771122278681694,5905
HILIC_458.8782555_47.3126146,-0.8722997531256467,0.3884596286024897,0.9666417022738629,-0.33130623650427016,5906
HILIC_458.9714045_248.212574,0.7674674119959666,0.44749110076897924,0.9745894987688215,0.5512314836648922,5907
HILIC_458.9971021_126.8148377,-0.15170856298706484,0.880210022592203,1,-0.09114263083691954,5908
HILIC_459.0698921_56.65153126,-2.8933131490802175,0.006247091942107595,0.2352344449939078,-2.4985865380841816,5909
HILIC_459.1402112_32.63836116,0.1860056046678295,0.8534182148612274,1,0.10486508317517301,5910
HILIC_459.1512774_29.65023581,0.29366572612926656,0.7705927004481796,1,0.313346971259713,5911
HILIC_459.1972614_37.97066048,2.767303720258236,0.008645045353006548,0.270839957509612,2.7539618508614376,5912
HILIC_459.2802269_26.83108041,1.2418071539447029,0.22182945873730164,0.8798133796422642,1.263011575564432,5913
HILIC_459.6696731_172.3907585,2.2966749011739586e-15,0.9999999999999982,1,2.4906619795335833e-16,5914
HILIC_459.7778941_47.58710283,0.1409579391700484,0.8886390746944668,1,0.13987120320631094,5915
HILIC_459.876778_46.83128843,2.5983634618766533,0.013209372254735379,0.32941117050801894,1.013688946672112,5916
HILIC_460.2009232_35.08478028,1.9781415193863066,0.055110559037395944,0.6065607728992479,1.9505791021066752,5917
HILIC_460.2390415_29.14593588,0.9702745759163491,0.3379739412292194,0.9541737438762358,0.9285060898131662,5918
HILIC_460.2815367_26.75853691,2.0089045231503366,0.05160622586368215,0.5909138544595092,2.1206568951544122,5919
HILIC_460.3423046_22.92650277,1.034748842697155,0.3072506101503867,0.9414175050708642,0.7334255750751353,5920
HILIC_460.647528_49.58930502,-1.231910557878966,0.2254633630313149,0.8811947978069936,-0.420147520336655,5921
HILIC_460.693697_47.35684953,0.1894499791983589,0.8507367091856042,1,0.0242476498233544,5922
HILIC_460.7682163_42.01300762,-0.7205667029496772,0.4755343458166037,0.9781047779839798,-0.6508160853368132,5923
HILIC_460.7830167_47.36851067,0.5085063043750162,0.6140037241383549,0.9931667617408494,0.19024878778271048,5924
HILIC_460.8079776_50.0884377,2.1069409882236276,0.04170029690643538,0.5388286365772633,1.3119561435067086,5925
HILIC_460.8755777_47.42406624,-0.21927275146342504,0.8275974610348662,1,-0.0874488109084066,5926
HILIC_460.9663037_53.37183414,-0.744001713735349,0.46139818681990197,0.9756152843481324,-0.3744308255598398,5927
HILIC_460.9700107_247.9787703,1.5578162017608876,0.12747062756940253,0.767062863320257,1.6970024769706575,5928
HILIC_461.1445622_26.64889986,0.5288444026956863,0.5999531813503134,0.9927179766037689,0.5411849966291117,5929
HILIC_461.1604892_28.23194963,-0.43784604981780656,0.6639477658956423,0.9978767801948073,-0.44499466040807467,5930
HILIC_461.172982_128.3897183,1.3378444718887255,0.1888064543726283,0.8493817236871323,0.7150244976965145,5931
HILIC_461.198911_27.33537995,-0.39069329162888344,0.6981803278639207,0.9999159889500627,-0.17974673443675002,5932
HILIC_461.2424351_29.61398971,-0.563892829922756,0.5761015420894828,0.9913379189285378,-0.3152272472906216,5933
HILIC_461.7761197_53.44121582,-0.2861997900876544,0.7762615124850301,1,-0.20625099103047992,5934
HILIC_461.8737118_46.62704762,4.11961928751623,1.9470826749776727e-4,0.047407463663772215,2.3785087183154636,5935
HILIC_461.9059859_24.48734172,0.0376059323120661,0.9701964510133376,1,0.044401819786343714,5936
HILIC_462.0153527_233.4169885,0.36211383110738377,0.7192496416157964,1,0.13174089758407392,5937
HILIC_462.1745067_54.31248893,0.6409466752700241,0.5253593850511501,0.9824083431236167,0.6976623854649504,5938
HILIC_462.644544_49.02774469,-0.45416631104685073,0.6522625845669487,0.9965858111391217,-0.10796632301429637,5939
HILIC_462.6908769_47.30425586,-0.6024957529081318,0.5503812088476562,0.9858134543858914,-0.08417766846998234,5940
HILIC_462.7661606_41.9031883,-0.40937066237210584,0.6845392664069208,0.9999159889500627,-0.415042066583558,5941
HILIC_462.7800826_47.43507248,1.178155303238451,0.24597508312457206,0.9002284293303288,0.5547746125137138,5942
HILIC_462.8050825_50.13939124,2.482759481924757,0.017512786242582953,0.3840214710141083,1.3882368964187315,5943
HILIC_462.8814992_49.28711155,-1.5045850003931387,0.14060166831578,0.7852222195474602,-0.9721818928881997,5944
HILIC_462.965423_50.24568625,0.6065639016412113,0.5477052708682524,0.9857989553982086,0.5075198530836069,5945
HILIC_462.9707119_187.9868992,0.4750034338576733,0.6374716750613317,0.9953856535986481,0.11446376482454816,5946
HILIC_463.0322303_34.32588568,-0.5984153721832537,0.5530718976469693,0.985919543425092,-0.37117509491204104,5947
HILIC_463.1250785_70.89422675,0.010156474505925269,0.9919489604649968,1,0.0038434380371988957,5948
HILIC_463.3421787_22.45418169,-0.006448561101573917,0.9948881704023684,1,-0.006796891078553452,5949
HILIC_463.4724679_188.319546,-0.6908968349660937,0.4937805551821085,0.9781047779839798,-0.37669383288636377,5950
HILIC_463.7730309_53.52073794,0.8476493175679104,0.4018790616155359,0.9669701703160376,0.6522436421487612,5951
HILIC_463.8890295_167.197959,0.6506797260854419,0.5191228556482533,0.9824083431236167,0.2713191588830279,5952
HILIC_463.9271687_60.90833886,0.9035436243744879,0.3718636586136159,0.9637531830220828,0.3183818750579967,5953
HILIC_463.9739694_187.9088111,-0.02313807934928425,0.9816597950027586,1,-0.00953557708737829,5954
HILIC_464.0132231_256.8086264,-0.3015870238482563,0.7645920388121881,1,-0.09878795325728312,5955
HILIC_464.0355967_34.37754497,0.18953323870856456,0.8506719122726016,1,0.18178765386860626,5956
HILIC_464.1094364_67.19971511,0.4690159128740565,0.6417068299777268,0.9955023063019077,0.40831476378664083,5957
HILIC_464.1286643_71.43570036,0.21582204685295958,0.8302673089221397,1,0.0881315939785534,5958
HILIC_464.1653361_122.8937303,1.1855712277640142,0.24306703345392416,0.8982469518214177,0.49654645481484166,5959
HILIC_464.1917042_27.7550895,0.626278811957489,0.5348326710421514,0.9833164118236528,0.5029623912687516,5960
HILIC_464.2831193_35.76962673,1.569331864547031,0.12476452712092138,0.7639334341671284,1.5258327586062372,5961
HILIC_464.6326265_45.97131119,-0.47677475160392774,0.6362211146901742,0.9953585489094753,-0.2110416166515874,5962
HILIC_464.6416018_49.01154612,-0.6511270293845703,0.5188372002786401,0.9824083431236167,-0.15557991631400223,5963
HILIC_464.7310064_47.08128439,0.36901783689614437,0.7141387729078316,1,0.07428292769672928,5964
HILIC_464.7772016_47.04505704,-0.019471926936411168,0.9845653277666924,1,-0.01242206158861682,5965
HILIC_464.803077_50.0738891,1.9180611367346523,0.06255200939784655,0.6321822815039115,1.3629828127344625,5966
HILIC_464.8048013_245.1675381,-1.0316913894291357,0.3086627420313068,0.9421850854569164,-0.3063092486483943,5967
HILIC_464.8245711_52.19195814,-0.0022671122151286024,0.9982028295362292,1,-0.001623227808664646,5968
HILIC_464.8599969_59.59976076,0.11596275880387388,0.9082855994851041,1,0.07301376770277264,5969
HILIC_465.1670848_117.8147486,0.9935285899830195,0.32666400006167273,0.9506069103298993,0.6689660384464,5970
HILIC_465.1949475_29.49854654,-0.0533190831833795,0.9577537439851951,1,-0.07064227705562437,5971
HILIC_465.3576835_22.3773251,1.6850771791757257,0.10007467365002652,0.718134185467518,1.2756389871023837,5972
HILIC_465.9238588_59.90320668,-0.35890103262916073,0.7216324720187277,1,-0.28489557212729844,5973
HILIC_465.9684138_120.0710489,1.5036463054616491,0.1408425866507837,0.7854586568277643,0.45080403210638315,5974
HILIC_465.9685759_292.5528893,0.1058851898782806,0.9162239395270302,1,0.10142412862729883,5975
HILIC_466.0377616_129.9491063,-2.169146644807455,0.03631944191220975,0.5158937002177353,-0.8745395933368799,5976
HILIC_466.197655_29.47510416,0.35353187684759974,0.7256208679800772,1,0.40882226009644806,5977
HILIC_466.3556126_173.8386448,-0.3488573587740621,0.729099577198675,1,-0.08333333333333331,5978
HILIC_466.6387821_49.23441007,-0.5564964050916865,0.5810961867348156,0.9913379189285378,-0.13993819483640138,5979
HILIC_466.6901588_175.6917219,3.006426975250577e-15,0.9999999999999976,1,3.2603627782378914e-16,5980
HILIC_466.728146_47.04750319,1.0374568484081217,0.3060035943217536,0.9402374180413365,0.18986276691093013,5981
HILIC_466.8018434_218.2452773,1.1152074642032561,0.27168339100109395,0.9205469808940266,0.4715714813862598,5982
HILIC_466.8169762_49.89748311,1.8008020428739,0.07958173731420856,0.6911349530212022,0.9393371150957296,5983
HILIC_466.9005621_56.14515686,-0.9792131533696901,0.3335959471813392,0.9523228101868886,-0.7554352244149084,5984
HILIC_466.9735395_60.54783331,-1.859840840578737,0.07057111485502106,0.6595313589365739,-1.0342590587375295,5985
HILIC_467.0128526_223.1571933,-1.0109270806674564,0.31837097193979197,0.946711434633586,-0.2901500885505378,5986
HILIC_467.1021355_51.06499395,0.1169268417390153,0.9075266539899312,1,0.05273327052203072,5987
HILIC_467.3199058_26.38175451,5.623000364386627e-15,0.9999999999999956,1,6.944242151112913e-16,5988
HILIC_467.7134384_54.13041649,-0.7612418297296268,0.4511564064882193,0.9745894987688215,-0.08333333333333406,5989
HILIC_468.0427379_126.3066432,1.3905480689447705,0.17235911793911401,0.8326851500809265,0.4533329228574754,5990
HILIC_468.0864527_75.32144189,-1.7085406956947211,0.09559808792706026,0.7129804503146869,-0.9137262492199524,5991
HILIC_468.2488721_24.82356643,-1.5713317869665786,0.12429933792681643,0.7633864733503855,-1.7416757443798712,5992
HILIC_468.3085521_32.55612444,-1.4979356134823856,0.1423153644022499,0.787557245903916,-0.7464730439072673,5993
HILIC_468.4412553_169.0471784,-1.5589317346714515,0.1272064260285715,0.766898100861933,-0.3418545847305559,5994
HILIC_468.5368811_292.0195393,-0.21193458519787792,0.8332775206219267,1,-0.11408400549580822,5995
HILIC_468.6359956_49.1347277,0.8898493698675566,0.379080722314993,0.9638726330536317,0.41222352509197774,5996
HILIC_468.725327_47.17930781,0.23352582242073283,0.8165919700586528,1,0.04386180274245171,5997
HILIC_468.8140732_48.62915515,0.7927743067668072,0.4327739784764999,0.9742203846590763,0.271109725443076,5998
HILIC_468.8540353_43.98929637,0.578243907707059,0.5664710723948332,0.9913379189285378,0.3540727166875574,5999
HILIC_468.8711348_292.0831651,-0.06481356975578696,0.9486582453495663,1,-0.034342696991162075,6000
HILIC_468.9665312_287.8000353,1.2856340762772354,0.20626014254934352,0.8673174277697767,0.7299383063939506,6001
HILIC_469.0078888_232.454419,0.19923849358057913,0.8431260730316258,1,0.0432826663336993,6002
HILIC_469.0429912_87.94633117,-0.022660594645130164,0.9820382020959706,1,-0.02480942134233557,6003
HILIC_469.1263597_67.22667545,0.696935536664575,0.4900356051063044,0.9781047779839798,0.5762885635346165,6004
HILIC_469.2057855_291.9513741,-0.054682447486988,0.9566746013318125,1,-0.03657791260453644,6005
HILIC_469.3120638_32.70966421,-1.5384695415777168,0.13212360896141587,0.7702105138753427,-1.26171239440531,6006
HILIC_469.8455968_289.5167688,0.1659860014643244,0.8690377006907759,1,0.11362602993078805,6007
HILIC_470.0965336_64.3814616,1.0085216740499086,0.31950890208372756,0.9483800637817349,0.9195997741200306,6008
HILIC_470.2670768_32.2744849,-0.01840413303018568,0.9854116273935395,1,-0.02285498517840707,6009
HILIC_470.6335184_46.43299842,-1.4392326603223013,0.1581764118292937,0.8184952008689738,-0.725688268333421,6010
HILIC_470.676303_46.65703718,-1.2291596351822567,0.22648127219498257,0.8835412928192641,-0.4406839758217073,6011
HILIC_470.7225733_46.94756287,2.6301951660352265,0.012208120648620022,0.3201829305339241,0.9244077686931601,6012
HILIC_470.8115739_48.43500956,1.2926714781369961,0.20383887766985817,0.8647457759331585,0.6138966206738564,6013
HILIC_470.9220376_272.1931824,-1.4002791780629482,0.1694478192538548,0.8316096347034753,-0.4972677750806856,6014
HILIC_470.9891685_258.9358701,0.19507334261922094,0.8463626900795704,1,0.05975992552585751,6015
HILIC_471.0915379_75.14351898,0.6017599559498807,0.5508659133701235,0.9858134543858914,0.21127575863832246,6016
HILIC_471.128066_129.3341778,-0.3125068691235491,0.7563439706021097,1,-0.24341270691795233,6017
HILIC_471.1761136_24.69100277,0.25841227327937877,0.797467024408086,1,0.21497585730785404,6018
HILIC_471.2702043_34.30669786,0.16095915366293884,0.8729683127250325,1,0.14248730042090638,6019
HILIC_471.9151728_252.5914595,-1.6678327111790208,0.10347435473026279,0.7228916721315264,-1.3289975647256982,6020
HILIC_472.057003_43.80182046,1.16378553447805,0.2516819673964798,0.9053010394091442,0.8720082481839967,6021
HILIC_472.0949911_75.37889369,1.6015804133259457,0.11743345626474701,0.7499510560647055,1.3180331118198216,6022
HILIC_472.1256021_99.3219047,-0.09479896220475399,0.9249668343077635,1,-0.03865052727544543,6023
HILIC_472.217759_24.6010283,-1.6865095627742028,0.09979649612460183,0.718134185467518,-1.9877392921000627,6024
HILIC_472.3078648_24.43291197,0.6866272193148619,0.49643797188161065,0.9781047779839798,0.571444878596958,6025
HILIC_472.6734538_46.92256998,-0.9265927677173879,0.3599178504949698,0.9608881797217599,-0.22616876889951246,6026
HILIC_472.8087885_47.14898699,-0.10318952277665043,0.9183488879557609,1,-0.03900240285356586,6027
HILIC_472.8641429_50.11396467,-2.025961375813172,0.04974798879773456,0.5789191881573407,-1.1282651095797522,6028
HILIC_472.8754189_253.5203793,-0.8132627299104802,0.4210750126471011,0.9716822081080376,-0.4889297063853017,6029
HILIC_472.9206476_277.5125806,-1.13025030519449,0.2653721362442263,0.9154488081346923,-0.6800331902455918,6030
HILIC_473.0219903_122.7172878,0.2564062056599302,0.7990041613851538,1,0.11546904455212822,6031
HILIC_473.0628139_37.51667208,0.6387117116358267,0.5267970615019573,0.9824083431236167,0.5428519233530811,6032
HILIC_473.1267438_94.30587259,-0.36623697188569343,0.7161957929853588,1,-0.21052270418763566,6033
HILIC_473.3626719_22.06772005,0.633214362382594,0.5303421833822727,0.9824083431236167,0.3766394681800116,6034
HILIC_473.4578456_170.8398906,-0.014266140787365062,0.9886914212043075,1,-0.0025726401275300475,6035
HILIC_473.867541_49.77621009,-2.1899059346955236,0.03466576240624857,0.505193995734847,-1.366481495562571,6036
HILIC_473.9561315_60.93054016,-0.616322509677105,0.541313647970896,0.9844101439284977,-0.20371322880299386,6037
HILIC_473.99678_261.4607535,-0.11977487925804506,0.9052851366946367,1,-0.022837165914907104,6038
HILIC_474.073227_37.33664387,1.153480273497314,0.25583334901947646,0.908485965889687,1.4607166084796612,6039
HILIC_474.3215777_22.86312664,-0.45562873304009244,0.6512197639021117,0.9965858111391217,-0.23796298790994475,6040
HILIC_474.6707186_46.95391669,-1.076963296210173,0.2882075319842812,0.930363967095018,-0.24687466897429017,6041
HILIC_474.7597924_47.17609401,0.7152572163524219,0.4787710562881795,0.9781047779839798,0.38388693914586747,6042
HILIC_474.8337265_244.0140501,-0.5063561655438353,0.6154979205220155,0.9931667617408494,-0.2001368970400601,6043
HILIC_474.8608741_50.01629819,-1.7680800187928751,0.0849820034333344,0.6959761542836904,-1.067192398848015,6044
HILIC_474.9598269_60.43335895,0.6556358265451675,0.5159625264581867,0.9824083431236167,0.40684178874211213,6045
HILIC_475.0003481_258.5491612,1.4050339748315472,0.16803931355542132,0.8309403890323163,0.4734265736012793,6046
HILIC_475.171334_31.31154637,-0.4188574890220866,0.6776509351542654,0.9996367449012522,-0.36258318816629753,6047
HILIC_475.2109339_29.87183555,0.663105765063043,0.5112188808947673,0.980797573128938,0.1822387507850186,6048
HILIC_475.2329467_24.26883121,-0.12423551319958138,0.9017760254110131,1,-0.1567885550846026,6049
HILIC_475.3250928_22.95370929,0.5224332923432484,0.604365959927008,0.9928201179984223,0.3656285082406617,6050
HILIC_475.3783579_21.89088638,2.682323560757069,0.01071823940668108,0.3014747699422209,2.204190029118138,6051
HILIC_475.7568336_46.18065882,1.1317076829995338,0.26476631198422906,0.9153716740091526,1.0709006209301721,6052
HILIC_475.8371525_226.0022065,0.31221749971182083,0.7565621725786893,1,0.17623725864962184,6053
HILIC_475.8507744_45.73589598,0.807232753662922,0.42449797104722087,0.9724257019093233,0.48194616936504686,6054
HILIC_475.9922623_257.3382806,0.11873682424100294,0.9061020368861666,1,0.024407331030288984,6055
HILIC_476.2105491_32.98809386,-0.9966491136315411,0.3251659538288607,0.9506069103298993,-0.599467887089361,6056
HILIC_476.2360409_24.17395458,-0.1556516977439992,0.8771218773498428,1,-0.2218042419234199,6057
HILIC_476.2775452_27.97647496,-0.3090297065049069,0.758967292505736,1,-0.10815746969665178,6058
HILIC_476.3068205_27.0769702,1.1566090650204748,0.25456774736746346,0.906563406245264,0.9073203452164681,6059
HILIC_476.3371524_22.93342287,-1.572944536032085,0.12392523175704888,0.7633864733503855,-0.5110643929732195,6060
HILIC_476.6680446_46.75736549,-1.2844230734014608,0.20667897671569146,0.8673174277697767,-0.5431626325220984,6061
HILIC_476.756874_47.11844899,1.2383870993240114,0.22308029736986335,0.8799075082512211,0.5725942337596813,6062
HILIC_476.782395_51.05705039,2.40506837248624,0.021085520748719663,0.4141280600040436,1.6318330743909253,6063
HILIC_476.8538093_49.03478242,-2.4962221557414854,0.01695292468835758,0.376628855740343,-1.2758337815639835,6064
HILIC_476.9387932_57.07379064,0.9915864654392074,0.32759869028787325,0.9506069103298993,0.3754576317296879,6065
HILIC_477.1505937_32.26458076,-1.2798804678816715,0.20825578895333802,0.8683661493536527,-1.1803027982078285,6066
HILIC_477.1734728_26.29016415,-1.1890633861979363,0.24170636406960289,0.8965589582842357,-1.3784591460679967,6067
HILIC_477.1771944_111.8297861,0.04332408012601893,0.9656674062941583,1,0.03913624047705361,6068
HILIC_477.3101555_27.00520265,0.69606583937535,0.4905739743104326,0.9781047779839798,0.8769967892793219,6069
HILIC_477.3405622_23.23200274,-1.2921634608395802,0.20401294132022077,0.8647457759331585,-0.8218933186079065,6070
HILIC_477.7502771_53.16849463,-0.5383374155089998,0.5934471027220409,0.9921034274533279,-0.4443520727549786,6071
HILIC_477.8810927_128.5105117,-0.3579684019744361,0.7223247019473613,1,-0.28775468774873325,6072
HILIC_478.0190472_146.8025763,-1.0426245956910911,0.3036335750235898,0.9402374180413365,-0.5350955076592587,6073
HILIC_478.0994342_115.6644931,2.783922388712733,0.008285889137278133,0.26729223479802766,1.126484648605281,6074
HILIC_478.2051521_29.51234965,0.20078614483147048,0.8419241367519686,1,0.1369854107279726,6075
HILIC_478.2930183_27.60259396,-1.8664724779853838,0.06961549871348255,0.6564582741829598,-0.6511018215065113,6076
HILIC_478.3280957_29.89309316,0.48778905380772947,0.6284692366691931,0.9947980550876518,0.3069102938674882,6077
HILIC_478.3434394_23.20853739,-0.2510441128049987,0.8031167922459821,1,-0.16789130490237975,6078
HILIC_478.6111414_45.54246508,0.7877593155355018,0.435667085005799,0.9745124110909839,0.24330515634668953,6079
HILIC_478.6173424_49.34287763,0.05525134716935307,0.9562243249103293,1,0.03154620025870288,6080
HILIC_478.6666105_46.38327338,0.6524692388254562,0.5179805497081786,0.9824083431236167,0.5360141035522717,6081
HILIC_478.8269113_235.0697776,0.8954988281374446,0.37609258708837956,0.9637531830220828,0.7467530968001743,6082
HILIC_478.8454731_52.49468322,-0.31685210897639243,0.7530698354969427,1,-0.09906979465804877,6083
HILIC_478.8514174_288.1310436,0.6347249799427223,0.5293667653024059,0.9824083431236167,0.6893064410224916,6084
HILIC_478.9351822_59.99451734,0.14529038945211276,0.8852405748451464,1,0.06252517729688405,6085
HILIC_479.0044488_172.6754515,0.36608301764108003,0.7163097364637079,1,0.11701921693076472,6086
HILIC_479.0317412_132.8507869,0.33824278356850607,0.7370202485827366,1,0.16334531216787992,6087
HILIC_479.0471343_99.74571696,1.3988682078927748,0.16986755439241302,0.8322594327041998,1.0520208600944203,6088
HILIC_479.1026199_108.2826729,1.5131230692598394,0.13842544618185945,0.7814358012035076,0.6750783683458617,6089
HILIC_479.1893729_287.3927273,-0.31371094971593405,0.7554362382811108,1,-0.16720899157967167,6090
HILIC_479.2090652_30.61694291,0.20174803488523704,0.8411773067806441,1,0.18229492485918888,6091
HILIC_479.2963811_27.77289708,-0.7300730480278695,0.46977047474525047,0.9777549229263227,-0.5325532958551804,6092
HILIC_479.3330496_29.25066625,0.12525563331442166,0.900973790384332,1,0.11183844389982493,6093
HILIC_479.3390505_174.9246268,-4.6686943381846415e-15,0.9999999999999962,1,-5.063032419710948e-16,6094
HILIC_479.7471298_53.33567917,1.0532436715186477,0.29880335557794785,0.9392158295577352,0.9599074903074035,6095
HILIC_479.9906183_248.2761288,-0.4044567484151334,0.6881180294626885,0.9999159889500627,-0.35402839164946653,6096
HILIC_480.3078126_27.46158984,-2.822255450657594,0.0075096964523355125,0.2584514400413996,-2.0241692383989474,6097
HILIC_480.3450838_30.50220634,-2.654793920991413,0.011482764142488236,0.3115617006536963,-1.8823179125396834,6098
HILIC_480.615508_50.24737353,-0.07770304157461444,0.9384672296436944,1,-0.050366011773749726,6099
HILIC_480.7045725_46.02135807,0.07701664720762547,0.939009676401585,1,0.029713873750589165,6100
HILIC_480.7997675_223.877292,0.18114770192873378,0.8572031640236593,1,0.07152219561830135,6101
HILIC_480.8404605_55.04156353,-0.10440696094176079,0.9173891261755864,1,-0.051179562736517796,6102
HILIC_480.9790281_124.93297,1.5400089758078364,0.13174842514263577,0.7699545183289296,0.8221073139609051,6103
HILIC_481.0671205_50.54383355,-1.8955629200421353,0.06555300831856925,0.6415887934966203,-2.022426149823317,6104
HILIC_481.2174892_26.39727094,1.1952120588031137,0.23932417871411313,0.895583666889573,1.348082919537918,6105
HILIC_481.2620874_26.90520558,0.376006073153484,0.7089790906700092,0.9999159889500627,0.48851837161589584,6106
HILIC_481.312098_27.32448597,-1.069389284318793,0.2915619436688241,0.9340589136386561,-1.050307010465891,6107
HILIC_481.3487249_30.07811157,-0.5612401674081655,0.5778904040932047,0.9913379189285378,-0.5803399280346083,6108
HILIC_481.9861969_255.7453271,0.5576081635717721,0.5803440968735836,0.9913379189285378,0.7994989600518347,6109
HILIC_482.1022604_75.55683551,0.9891548044164709,0.3287715220353832,0.9506069103298993,0.6609322423436838,6110
HILIC_482.1716331_33.65254561,1.075881924434272,0.28868479284930265,0.930363967095018,0.9837968288492257,6111
HILIC_482.2653705_26.80664097,2.44527468668669,0.01916148226114157,0.4019050551702724,2.20800444636932,6112
HILIC_482.3242847_30.26970445,-3.3109939759891622,0.0020289607404004365,0.1280453653176571,-1.9325640883147492,6113
HILIC_482.3605941_32.20169433,-3.9693728555367502,3.0502628686163434e-4,0.059160036624645376,-1.9513796298467092,6114
HILIC_482.5587387_43.69423815,-1.4044412993356687,0.16821438085207183,0.8310213594924681,-0.5032266068585196,6115
HILIC_482.7020639_46.37196284,0.7553605320497371,0.45463518262486946,0.9753792522951469,0.24345715819539906,6116
HILIC_482.788576_47.64038262,0.15524182903754746,0.87744278460964,1,0.12415452838028981,6117
HILIC_482.8928227_49.80604861,-2.2034080074760896,0.03362638789785946,0.5012054590847933,-1.7314953017275174,6118
HILIC_482.9483552_60.92627848,-0.8141576559249528,0.42056844001631055,0.9716822081080376,-0.760382927696269,6119
HILIC_483.0641335_50.52509205,-1.718592782937007,0.09373188925210503,0.7121317722762723,-1.345991529495797,6120
HILIC_483.076071_42.63580242,-0.0438166826252253,0.9652772933996417,1,-0.03185237039283303,6121
HILIC_483.0822846_126.7314989,0.8367025122780293,0.40793001472603396,0.9676316311691489,0.1693479405057063,6122
HILIC_483.3277429_31.64130381,-1.3206366090461545,0.19442951795441915,0.8530860928789571,-0.856202167561752,6123
HILIC_483.3640767_32.8337112,0.45526475730060706,0.6514792407350274,0.9965858111391217,0.42714112973926577,6124
HILIC_483.5833418_126.5971697,0.26803327635706986,0.7901064333748646,1,0.09380519533007999,6125
HILIC_483.9666138_127.3719006,0.7923157184083471,0.4330380532487971,0.9742203846590763,0.36109298764908376,6126
HILIC_483.9825279_279.9870442,1.044976934719446,0.3025589604120274,0.9397496500337139,0.4399385084589923,6127
HILIC_484.0199957_243.6142305,0.09618993124388456,0.9238693391857933,1,0.029310685915495644,6128
HILIC_484.0430597_36.55833039,1.8363155017439339,0.07405177842332031,0.6742790878918389,0.9117096511448121,6129
HILIC_484.0796629_126.9746131,-0.3906489638645601,0.6982128258140421,0.9999159889500627,-0.17058801529145232,6130
HILIC_484.4024911_167.6203118,0.649053352953502,0.5201621957108358,0.9824083431236167,0.20942353920645085,6131
HILIC_484.5558743_43.89147129,-1.3096792905474535,0.19807608108961058,0.8593515168411124,-0.4842957566039186,6132
HILIC_484.5800855_126.7395689,1.3348304597766283,0.1897822486948016,0.8501508773867503,0.4702151026393825,6133
HILIC_484.6994407_46.39187998,0.06057923746836616,0.9520080965516698,1,0.028989150137385147,6134
HILIC_484.7519545_47.83677811,-2.1573274739251382,0.037291847934559585,0.5220805529735174,-1.8401379807092446,6135
HILIC_484.7875163_48.77949513,-1.6663056106714689,0.10377996263457306,0.7233288433847129,-0.4970239679379453,6136
HILIC_484.8899957_49.85055331,-2.704808842369503,0.010128990757951348,0.29197512808700127,-2.5319037862967364,6137
HILIC_484.9415778_260.73702,1.5279405151460292,0.13471280851869827,0.7743408930418361,0.47246560624842643,6138
HILIC_484.9609496_209.4792595,1.271226920186476,0.21128462853503596,0.8683661493536527,0.5132951812280755,6139
HILIC_485.0795134_41.72746454,2.2186262331649806,0.03248818802874631,0.4974555886272949,2.035416176413741,6140
HILIC_485.1070198_70.66477552,-0.3611541653822962,0.719961099409147,1,-0.10943954640642217,6141
HILIC_485.1437816_129.3986259,-0.3647788016123741,0.7172752663861954,1,-0.1483078780485607,6142
HILIC_485.267957_24.96794096,-0.08952211884112378,0.929131673287096,1,-0.06299104212046057,6143
HILIC_486.0349855_170.9610262,-0.6535195091610164,0.5173107567386837,0.9824083431236167,-0.08333333333333293,6144
HILIC_486.091311_66.05221993,-2.994845131622168,0.0047839220375300645,0.21305217379685332,-2.6669240804826617,6145
HILIC_486.1109247_72.30587198,-0.10558324984412892,0.9164619230633235,1,-0.0624612782949296,6146
HILIC_486.141406_121.6839394,0.08323120191807037,0.934099515168189,1,0.0395908509759906,6147
HILIC_486.1974002_26.43497126,-1.7619886966794729,0.08602056668923162,0.6962067550962847,-2.0822585124709065,6148
HILIC_486.553186_43.84298539,-0.9764927529401699,0.3349243193611714,0.9529111307364223,-0.33249594485336736,6149
HILIC_486.6570521_47.77625372,-1.1225570320839149,0.2685866351184745,0.9185307776279524,-0.24342767361990716,6150
HILIC_486.7838571_48.49039035,0.5444426597968143,0.589280663908343,0.991389936817313,0.12120411926225903,6151
HILIC_486.8739885_49.45804091,1.15808024647334,0.2539742189999864,0.906563406245264,0.42699485372593116,6152
HILIC_486.9661801_58.23542249,-0.63438054563205,0.5295890858558739,0.9824083431236167,-0.3103897559684887,6153
HILIC_486.9738003_255.3598873,0.41198332008075056,0.6826394762099348,0.9999159889500627,0.21439146835118625,6154
HILIC_486.9902399_60.89304139,0.57568376142665445,0.5681831956249259,0.9913379189285378,0.2918616389461396,6155
HILIC_487.0654561_75.36580138,0.9571652721929821,0.3444637780914753,0.9564379557824456,0.4205991782780919,6156
HILIC_487.1891827_286.3842995,-0.5025377478653247,0.6181555400503453,0.9946352989347117,-0.3556572017795036,6157
HILIC_487.2135241_259.1512051,0.5226545128887522,0.6042134414322995,0.9928201179984223,0.20559568516562826,6158
HILIC_487.8612303_286.354641,-2.3117837505171512,0.02623935938328862,0.45650092570483297,-1.646382617907413,6159
HILIC_487.9507083_116.5553804,3.0351722125331824,0.0042976046672927705,0.20274885682633462,1.549659610940718,6160
HILIC_487.9714477_58.51589867,0.4836165821067767,0.6314008824097497,0.9947980550876518,0.2690706631949865,6161
HILIC_488.1957946_285.8052505,-0.5680378336603532,0.5733117483840096,0.9913379189285378,-0.5743756435278118,6162
HILIC_488.2170169_260.0756748,-0.31119716372919365,0.7573317282904268,1,-0.24265643674976126,6163
HILIC_488.5506986_43.74959865,-1.3589319241338669,0.18208661695165254,0.8448097971996803,-0.4943560220055733,6164
HILIC_488.6537152_47.76712043,-1.0233606130688873,0.3125330460120253,0.9421850854569164,-0.24386212671596175,6165
HILIC_488.8378277_50.61700548,-2.9678095052688334,0.005138437689930239,0.21816090634826346,-1.8596239095805283,6166
HILIC_488.8724512_58.51940255,-1.0143494014295327,0.3167567288870094,0.9449768725436608,-0.17298784422196378,6167
HILIC_488.9989008_50.34671976,-0.14584666396531326,0.8848043744742873,1,-0.12382026813257457,6168
HILIC_489.1916176_92.92524726,1.552927360302862,0.12863373191449323,0.767725870450775,1.1329777519633062,6169
HILIC_489.8759934_58.81406771,-0.3856242698639092,0.7019002866231698,0.9999159889500627,-0.08383232191078999,6170
HILIC_489.9305069_62.94205258,0.47120348824491737,0.6401580767358508,0.9955023063019077,0.3242049422901395,6171
HILIC_489.937429_23.74231327,0.12088632147257644,0.9044105997435545,1,0.17470406495782567,6172
HILIC_490.1197725_109.463731,1.8724329124928611,0.06876604568467111,0.6521659055199539,1.2112845466509272,6173
HILIC_490.1743102_41.28503906,-0.4506132321058383,0.6547991486537819,0.9965858111391217,-0.4670744336151969,6174
HILIC_490.2075775_29.36172176,0.21300693459078907,0.8324469032286469,1,0.2622608454799012,6175
HILIC_490.2862404_28.29812563,0.6100236675232277,0.5454347862787858,0.9849172979815777,0.6921403244603455,6176
HILIC_490.3218267_25.29990685,0.49783298462452014,0.6214372083623431,0.9947980550876518,0.37387099570742044,6177
HILIC_490.5481766_43.67696522,-1.508711545244803,0.13954648470378453,0.7836130925925425,-0.5916048872455142,6178
HILIC_490.6509709_47.83647384,-1.0360703298911444,0.30664163915784004,0.9414175050708642,-0.24824131443495234,6179
HILIC_490.8349358_50.61868147,-2.2423578156314607,0.030781628533116747,0.488029695999095,-1.5069419714714287,6180
HILIC_490.8698765_58.64273286,-0.5774733278086878,0.5669861346765288,0.9913379189285378,-0.09399415659626632,6181
HILIC_490.9486901_290.688747,0.5131728572245358,0.6107665274915397,0.9928201179984223,0.332448857949016,6182
HILIC_490.9600546_262.574997,0.5206679011898147,0.6055837358763125,0.9928201179984223,0.21234521444972632,6183
HILIC_491.0502452_69.60978896,0.7137911788005112,0.47966696460386793,0.9781047779839798,0.7091035697876171,6184
HILIC_491.1086459_67.39087242,-0.38019926928339326,0.7058897236401714,0.9999159889500627,-0.3452042706869742,6185
HILIC_491.1677684_98.28763179,1.0802775903039366,0.28674822199431765,0.9295944216943315,0.5262069228571844,6186
HILIC_491.2896664_28.1797393,0.9573128560192291,0.3443902587385367,0.9564212583657042,1.2524896648689998,6187
HILIC_491.3731525_22.06933322,0.7320567345666581,0.46857280887860886,0.9777549229263227,0.5409879351741731,6188
HILIC_491.7269093_53.16849784,-5.655919853032334e-4,0.9995516472270186,1,-5.150883264158905e-4,6189
HILIC_491.9697703_275.1741871,0.5179701125299448,0.6074468875160466,0.9928201179984223,0.37635899455577876,6190
HILIC_492.0072076_259.257001,0.011076313800881548,0.9912198329805695,1,0.004835557636201285,6191
HILIC_492.1153001_117.7828528,1.9849013637318917,0.054323317115904365,0.6020988853157871,0.8044429905663084,6192
HILIC_492.1516961_75.72088766,-0.12442981471987931,0.9016232162362592,1,-0.05300202479825031,6193
HILIC_492.1712311_99.81662048,0.4794697794572445,0.6343204761843063,0.9947980550876518,0.25334309036122843,6194
HILIC_492.2229155_29.0927444,0.33031703898969306,0.7429535447592495,1,0.19078080610266132,6195
HILIC_492.2922147_28.09793064,1.034746034141903,0.3072519052814869,0.9414175050708642,0.41711455428248706,6196
HILIC_492.5456181_43.65155748,-0.1032504842153955,0.9183008263322696,1,-0.05463044480048371,6197
HILIC_492.5893096_45.29193632,-1.1943758476049557,0.239647137965468,0.8959677623601862,-0.4134022247145287,6198
HILIC_492.6487633_48.04090892,-1.4011013115348754,0.16920362412489057,0.8316096347034753,-0.32345387870976755,6199
HILIC_492.7268524_45.17369989,0.4444706088479309,0.6591941741619778,0.9966384251949502,0.2012936566690276,6200
HILIC_492.8320194_50.42248087,-2.099045517148871,0.042431158576172585,0.5410756015459433,-1.52608125806304,6201
HILIC_492.8458621_50.78624657,-0.5193233752058565,0.6065119623825075,0.9928201179984223,-0.2546545029125558,6202
HILIC_492.888709_188.7910061,0.3731448011331113,0.7110900163655745,1,0.2105143369305411,6203
HILIC_492.9121607_64.22005594,1.3394351318695197,0.18829302651935115,0.8492918307835218,0.6886841398857912,6204
HILIC_492.9208714_50.82682467,-0.9985186230548346,0.32427070122948076,0.9506069103298993,-0.9156153260250989,6205
HILIC_493.0235859_113.2248888,-0.02509098406878124,0.9801121617058235,1,-0.01986825368742957,6206
HILIC_493.0735411_75.33093936,0.7727889147210227,0.44437206374684,0.9745894987688215,0.2784902135207228,6207
HILIC_493.1184712_113.8779264,2.027014599439723,0.04963518228048195,0.5787413703407266,0.6438223521872608,6208
HILIC_493.1355929_159.303373,0.7872057023854965,0.4359871689804905,0.9745124110909839,0.5278748474755639,6209
HILIC_493.1551597_75.63692457,-0.9257500282922084,0.3603501638768519,0.9608881797217599,-0.504202205663889,6210
HILIC_493.1816474_35.5336212,2.1154494527024457,0.0409251120895986,0.5348864483590632,2.580940464784819,6211
HILIC_493.2264174_28.62434664,0.4634066739201746,0.6456854401953869,0.9965858111391217,0.3866130873267909,6212
HILIC_493.3891015_22.0958713,0.49818880474739113,0.6211887416651791,0.9947980550876518,0.3655600981733286,6213
HILIC_493.7242268_53.30007352,0.019719614516888705,0.984369020979472,1,0.02026926562783813,6214
HILIC_493.8823463_41.00803318,-0.2789872117531721,0.7817497458156206,1,-0.1961504145578096,6215
HILIC_493.8920675_189.3405961,0.5373736251614085,0.5941061073765446,0.9921034274533279,0.4339099542073948,6216
HILIC_493.9647645_270.6685221,0.6411382513541833,0.5252362477975254,0.9824083431236167,0.4199898210515837,6217
HILIC_494.0064813_266.596132,1.4675038039392836,0.15037194327266631,0.8024524167282167,0.46711004366390185,6218
HILIC_494.0668228_127.5640831,0.549865446054223,0.5855917600186217,0.9913379189285378,0.08333333333333347,6219
HILIC_494.0953148_116.8442202,-0.49757019922617957,0.6216207383724651,0.9947980550876518,-0.2118620457293409,6220
HILIC_494.1076081_104.6948952,-2.8426021462133395,0.007125759982460435,0.2532707903268177,-1.314383552078697,6221
HILIC_494.1573523_71.30336498,-0.31580631673853826,0.753857420109413,1,-0.221487117168991,6222
HILIC_494.185366_35.62519421,2.1108848043561053,0.041339393662201344,0.5371727662805484,1.9797523276110163,6223
HILIC_494.2290019_27.79054705,1.3949098004681606,0.17104942506960966,0.8323231239234016,0.970043923754752,6224
HILIC_494.3242765_31.68007406,-2.681990335742483,0.010727205372227974,0.3014747699422209,-0.8062204723401519,6225
HILIC_494.5678623_127.0874353,0.2743826992347948,0.7852593726197654,1,0.08333333333333426,6226
HILIC_494.5875895_46.08477674,-1.3296189934544607,0.19147857923632897,0.8507713974810356,-0.2819657693690742,6227
HILIC_494.6463618_48.23307356,-1.00801321330017,0.31974979424330574,0.9483800637817349,-0.21174879527812002,6228
HILIC_494.6888626_41.84972189,-0.7301077643265373,0.4697494994075545,0.9777549229263227,-0.5796727596642803,6229
HILIC_494.753089_51.98157934,1.119994831246978,0.26966335106635975,0.9185780391297615,0.7000462495508852,6230
HILIC_494.816842_50.1129522,1.5020297582955315,0.14125825044407816,0.7859839538695291,0.4336068390304568,6231
HILIC_494.8295234_50.59067427,-2.2937776262485956,0.027355703481191457,0.46510617065965126,-2.297327450837937,6232
HILIC_494.8429716_50.61721985,-0.4861600277189197,0.6296130954899934,0.9947980550876518,-0.11146890609660581,6233
HILIC_494.8614324_49.7248449,-1.1917675840869757,0.24065654599051886,0.8961162212635817,-0.8260933849880876,6234
HILIC_494.9083328_72.09944635,-1.6288475863386451,0.11151244828260959,0.736040478094709,-0.7359697877632593,6235
HILIC_495.0642023_112.2252958,-0.34862031533852933,0.7292761367878646,1,-0.319249739471132,6236
HILIC_495.1294244_30.82696566,1.041389768249949,0.30419873272631204,0.9402374180413365,1.067634200157763,6237
HILIC_495.1612652_34.02756793,-0.0760557605354724,0.9397690995034388,1,-0.07525750279996168,6238
HILIC_495.3277334_31.91467529,-2.1586227919378222,0.03718416510240759,0.5220805529735174,-1.2786828406599418,6239
HILIC_495.5636627_126.3295262,-1.0167181296147447,0.315642718791101,0.9438041705763602,-0.3708166853125952,6240
HILIC_495.7213583_53.1967296,0.33627810643540174,0.7384895248909145,1,0.23453531422272414,6241
HILIC_496.0298432_157.3155056,-1.3286764693354045,0.19178660481503101,0.8508954511611063,-0.9117813822907147,6242
HILIC_496.0398428_136.5190134,-1.0834748691143543,0.2853453565494781,0.9295944216943315,-0.5741612512880465,6243
HILIC_496.0639062_167.3577628,0.31412577689747534,0.755123589543948,1,0.07038458604503031,6244
HILIC_496.2405474_33.95370016,-0.14261432989046402,0.8873394988342167,1,-0.08090485453111239,6245
HILIC_496.3179751_31.90179742,0.07640510890329126,0.9394929903696246,1,0.046092301922235686,6246
HILIC_496.3398727_31.35296472,-2.2892271363614487,0.027644483533209495,0.46598158402008716,-0.8171377619693901,6247
HILIC_496.3619452_32.15538161,-0.5594514762065353,0.579098165937955,0.9913379189285378,-0.2983720808848132,6248
HILIC_496.5655097_176.3247544,-1.2885198612078035e-14,0.9999999999999898,1,-1.3973538120452913e-15,6249
HILIC_496.5851573_46.21629236,-1.4790779172145883,0.14726617441049492,0.7991542659719776,-0.372516220877434,6250
HILIC_496.6436622_48.09001794,-1.2161850333286763,0.23132814824464315,0.8875782173548652,-0.2511904441509121,6251
HILIC_496.6754298_44.56792208,0.10704629015685886,0.9153088547177118,1,0.05011156448017395,6252
HILIC_496.6869514_47.75176906,0.557808509825321,0.5802086157185293,0.9913379189285378,0.06529981532550634,6253
HILIC_496.8139118_50.19696734,0.05608386859960439,0.9555654216459231,1,0.023017628057095996,6254
HILIC_496.8401734_50.49800052,-0.8527856465143788,0.39905929628367076,0.9669701703160376,-0.2847104688805474,6255
HILIC_496.858559_49.71759409,-1.424998605015513,0.16222475415864357,0.822779916663313,-0.7686783491064706,6256
HILIC_496.9948534_58.35728319,-0.5446905055878947,0.5891118216008129,0.991389936817313,-0.25600818730629615,6257
HILIC_497.2360427_29.63796022,1.3241638973061272,0.1932666048759558,0.8515234707275139,1.5136864098078686,6258
HILIC_497.3433101_31.14735261,-2.289382740158267,0.027634563770028923,0.46598158402008716,-0.8212049599445371,6259
HILIC_497.9925327_207.0496738,2.2109540394418246,0.03305764845352775,0.4996956656890978,1.4326792045900694,6260
HILIC_497.9983581_60.0424754,0.5155657010437908,0.6091096640706776,0.9928201179984223,0.38202474808260833,6261
HILIC_498.346028_31.30167695,-2.4010765402088516,0.02128579216201846,0.4169573502061222,-1.0021239777721969,6262
HILIC_498.5535289_127.931364,1.2624707092788516,0.21438297625464034,0.8707291006533612,0.7310476754439544,6263
HILIC_498.5821254_45.95620091,-1.5570204969206864,0.12765935235010784,0.767062863320257,-0.46813969928345955,6264
HILIC_498.6409784_47.96554244,-1.1485900911046345,0.25782052676330564,0.9092796133090685,-0.5001972131307708,6265
HILIC_498.6824955_47.33736862,0.5707258922376515,0.5715061174494515,0.9913379189285378,0.06576686496586973,6266
HILIC_498.8374015_50.09587507,-1.2027709888580502,0.23641925770870864,0.8911100140604158,-1.054659020640184,6267
HILIC_498.85944_50.19787245,-2.039513101570781,0.048313448719323464,0.5734819207320505,-0.9415109678729562,6268
HILIC_498.9011124_59.00938149,-0.6041517277765827,0.5492911382400294,0.9857989553982086,-0.22035641775170559,6269
HILIC_499.1116867_75.69477611,1.7420309885320686,0.08949825671700087,0.7023904516472353,1.3924982592727813,6270
HILIC_499.3485956_31.55216514,-2.7348373212679804,0.009388755252083556,0.2798811100763428,-1.863520882504121,6271
HILIC_499.6875169_47.65302856,-0.2619058573355659,0.7947920383467502,1,-0.17316780206139276,6272
HILIC_499.8281605_32.71250665,-2.0717049361450566,0.045049694401767836,0.5555186020814542,-1.686833748157155,6273
HILIC_499.9047954_58.9578905,-0.5662903066263159,0.5744871089488246,0.9913379189285378,-0.2075230235061636,6274
HILIC_500.0112432_159.6245158,-3.2386943476598082,0.00247703805215611,0.1409937239107699,-1.5764984783164793,6275
HILIC_500.0813786_120.0062896,1.5884158596542728,0.12038260076156182,0.7564842631856544,1.0625369988284314,6276
HILIC_500.1319729_68.77702298,-0.46739326471543585,0.6428566757541303,0.9955023063019077,-0.1646666396180083,6277
HILIC_500.2766729_27.61332673,-3.9795883091868347e-16,0.9999999999999997,1,-3.679319764780927e-17,6278
HILIC_500.5790469_45.25007734,-1.6716661342818087,0.10271047314338412,0.7222851642405752,-0.587202000938097,6279
HILIC_500.6809942_47.78400339,0.6052127339457294,0.5485932969998781,0.9857989553982086,0.07114856140806539,6280
HILIC_500.7611692_49.5030347,-0.7953103232076535,0.431315381976611,0.9742203846590763,-0.5460300098745203,6281
HILIC_500.859511_50.61824989,-2.6715166291920536,0.011012573616467222,0.30459072449771135,-1.2423503730384426,6282
HILIC_500.9058961_58.93854895,-0.4469387931754888,0.6574267153239989,0.9965858111391217,-0.16604160994272368,6283
HILIC_500.98814_38.00682051,-0.8025524152801601,0.427166415915722,0.9738476845212586,-0.6328029454852148,6284
HILIC_501.0776323_87.40351584,0.39990767668744603,0.6914375665717913,0.9999159889500627,0.1817874802210421,6285
HILIC_501.1176413_131.3884577,1.1805971871390248,0.24501474601113765,0.8999626234969405,0.8100142425691441,6286
HILIC_501.3941785_21.98615558,0.9769171088177141,0.33471687340909084,0.9528688564543588,0.8749909562830049,6287
HILIC_501.6846492_47.59376549,-0.9639601887975502,0.3410896616855189,0.9549164034006683,-0.6673873608272964,6288
HILIC_502.0605756_64.24656729,1.2467468033286153,0.22003207751994744,0.8778528260192604,1.0155116264552309,6289
HILIC_502.0828068_99.79138198,3.1895124339647656,0.0028340035609350717,0.15621492648755803,1.0731224630449836,6290
HILIC_502.2926093_27.37788339,-1.396275481864726,0.17064094936798915,0.8323231239234016,-0.7694359442899126,6291
HILIC_502.3287476_33.15168431,0.5198325893061215,0.6061603361509619,0.9928201179984223,0.22080529112649552,6292
HILIC_502.5768103_44.03751671,0.6153993642034089,0.541916621437829,0.9844101439284977,0.24250861213342084,6293
HILIC_502.6164428_43.72780435,-0.6077229663054076,0.5469440894562813,0.9857989553982086,-0.13645355294544062,6294
HILIC_502.6308679_47.54360752,-1.2710582795144767,0.2113439818576386,0.8683661493536527,-0.2636152538057797,6295
HILIC_502.6782465_47.85376528,0.6514640341035781,0.5186220391856919,0.9824083431236167,0.07627016754813674,6296
HILIC_502.7927494_49.28044425,-0.5862197851333568,0.5611536728433897,0.9899322889121577,-0.2881498314131209,6297
HILIC_502.8601031_51.13318871,-2.387400449351478,0.02198504408860669,0.4244273204202801,-2.1858420778375045,6298
HILIC_502.9486752_268.9144011,2.2117993219356995,0.032994475947602304,0.4996956656890978,1.5675790190266627,6299
HILIC_502.948816_60.22935732,-2.0386044976941213,0.04840848877635349,0.5734819207320505,-1.1973040461086453,6300
HILIC_502.971367_217.4193744,-0.49875736346634264,0.6207918142921761,0.9947980550876518,-0.29859425201298334,6301
HILIC_503.0247112_189.9797918,-0.20090110418720217,0.8418348723007295,1,-0.12850114240015342,6302
HILIC_503.1075202_290.7734467,0.627239052483327,0.5342097672443844,0.9833164118236528,0.34200197211244043,6303
HILIC_503.3008633_27.03281805,1.1406782635518304,0.26105910303052327,0.9127047852338184,0.9215822067802687,6304
HILIC_503.4096155_22.07930933,2.820114833951036,0.007551191023488378,0.2584514400413996,1.7686475464718865,6305
HILIC_504.0276805_189.8088781,-0.4969258197053705,0.6220708782472555,0.9947980550876518,-0.2942697411075021,6306
HILIC_504.2651913_29.30138915,0.5718999853070588,0.5707183351745434,0.9913379189285378,0.5815356316721275,6307
HILIC_504.3063136_26.87846555,0.17502949291895398,0.8619749079724546,1,0.2614158395746841,6308
HILIC_504.3430045_34.48458731,-1.6223934790697758,0.11289136546868787,0.739049640408303,-1.1175801522502868,6309
HILIC_504.6225035_46.08661079,-0.81837003881934,0.41818902209756237,0.9715960129104287,-0.18108198820338045,6310
HILIC_504.6754116_47.76051957,0.5287977071670786,0.5999852671220365,0.9927179766037689,0.06234327131386063,6311
HILIC_504.7898906_49.37528034,2.1279244936408745,0.03981148773459702,0.5347244144365793,0.8219535541336385,6312
HILIC_504.8115895_50.50410881,-2.1830365324973786,0.035205427962978875,0.5077888914586426,-1.7737368540413097,6313
HILIC_504.8465619_58.69216357,-0.25875645944668246,0.7972033757157267,1,-0.11658657097599853,6314
HILIC_504.8905797_49.26103323,-0.14372518713866322,0.886468115334347,1,-0.1262097632625574,6315
HILIC_504.900738_259.8338124,1.6830226902253447,0.10047478928437965,0.718134185467518,1.1890803576076934,6316
HILIC_504.9477773_260.974449,0.34269368130423455,0.733695362826966,1,0.23443284996113448,6317
HILIC_505.0083145_169.9865717,0.8231300881264841,0.41551018606147505,0.9709452659565332,0.29215874473104936,6318
HILIC_505.031163_189.4320925,-0.9316715588882412,0.3573196740853265,0.9588670540445742,-0.6688089266250662,6319
HILIC_505.0657478_70.34545281,-1.014063576010501,0.31689133329931624,0.9451989455348886,-0.29251596775203786,6320
HILIC_505.2690215_29.72639403,0.34153546635771015,0.7345600698040842,1,0.2876030275587862,6321
HILIC_505.3110247_27.53883527,0.9223881780798954,0.36207811500049625,0.9624783733769535,0.5989997780952215,6322
HILIC_506.0270751_55.22056509,-1.49615831873674,0.14277622527446837,0.7881287769015806,-1.8299874867398025,6323
HILIC_506.1306814_115.9014058,0.5239997610103965,0.6032863593093047,0.9928201179984223,0.326067406495185,6324
HILIC_506.1680354_64.56472403,0.4216973585418545,0.6755943244543321,0.9996367449012522,0.4078768415521631,6325
HILIC_506.2643417_35.05764452,-0.13454653103133224,0.8936722571721334,1,-0.10800862282405341,6326
HILIC_506.3605306_29.77376034,-2.2049431310550096,0.0335099868649949,0.4999448182802183,-1.6239223100930154,6327
HILIC_506.6198492_46.15577468,-0.7626131190782636,0.45034754786937914,0.9745894987688215,-0.17614844847348643,6328
HILIC_506.6723092_47.72929558,0.9479696993744516,0.3490651073965928,0.9574386235069654,0.22106467540127991,6329
HILIC_506.7158711_47.45130474,0.20689222976079075,0.8371857925845061,1,0.0398957354993254,6330
HILIC_506.7868149_49.25317912,0.9583935802621344,0.3438522096946204,0.9564212583657042,0.5739214523069555,6331
HILIC_506.8437757_59.56545459,-0.07120905905771793,0.9436004741999551,1,-0.03402734316650361,6332
HILIC_506.8872863_49.33263555,-1.3371961392159535,0.18901602853094565,0.8493817236871323,-1.1845341498792592,6333
HILIC_506.9235901_274.3003515,-0.18837136791301198,0.8515762355408334,1,-0.0864043604610847,6334
HILIC_506.9382658_256.5969619,0.027465115475198434,0.9782308210555506,1,0.00802210988615162,6335
HILIC_506.9826506_125.8620556,-0.30934043204066464,0.7587327498379645,1,-0.15457939254488126,6336
HILIC_507.089083_70.4649149,-0.7512364658994027,0.45708390295994106,0.9755657681934743,-0.23894336863702548,6337
HILIC_507.2677459_36.18447497,-0.7612418297296148,0.4511564064882261,0.9745894987688215,-0.08333333333333275,6338
HILIC_507.5006171_115.6654423,-0.6033095725410191,0.5498453613900804,0.9857989553982086,-0.4424819317601754,6339
HILIC_507.7008499_53.39638089,0.4457475725968862,0.6582794967494369,0.9966192045168055,0.06440517117038543,6340
HILIC_508.042829_173.5030726,-0.11848418587620584,0.9063008669876309,1,-0.04538007641383288,6341
HILIC_508.0533584_80.71525298,-1.3478655802214112,0.18558973245089128,0.8470699293444224,-1.081238577231075,6342
HILIC_508.0733254_66.56505418,-0.58664683267348,0.5608696760237208,0.9899322889121577,-0.5067694644088728,6343
HILIC_508.0928706_71.36711761,0.839976398922462,0.4061144529311159,0.9672616821631036,0.6569079461770463,6344
HILIC_508.3399315_31.57503853,-1.683159261406301,0.10044815073046888,0.718134185467518,-1.1535259548084071,6345
HILIC_508.376163_31.3152022,-2.901587582781806,0.0061137186723931114,0.23431859113216627,-2.324185717538759,6346
HILIC_508.5552145_82.41144765,0.16528843231123921,0.8695829480229019,1,0.08236353336999877,6347
HILIC_508.6166683_46.07058726,-0.858411384091726,0.39598509345194877,0.9669701703160376,-0.1796075605572579,6348
HILIC_508.7129514_47.35268757,0.46709469645159163,0.6430683451071328,0.9955023063019077,0.0861106714289367,6349
HILIC_508.8052977_50.1206347,-1.5559600029852438,0.12791123069197016,0.7671458326289821,-1.1267659217550507,6350
HILIC_508.8852839_66.13580685,-2.5992697808798524,0.013179850453497285,0.32941117050801894,-1.4967100551214292,6351
HILIC_508.9337871_257.310975,0.11159951254893241,0.9117215125405187,1,0.03314166165451055,6352
HILIC_509.0475297_74.78999038,2.1930611508191395,0.03442035623621488,0.5048831476813758,1.4764528474082874,6353
HILIC_509.2068994_33.69715598,-1.0458762213230932,0.30214883653125824,0.9397496500337139,-0.6768774852445985,6354
HILIC_509.2206141_32.71022551,0.625213936819323,0.5355238958811314,0.9833164118236528,0.5118174136728174,6355
HILIC_509.3793793_32.85366342,0.15073365484237564,0.8809738355162794,1,0.09740642771162214,6356
HILIC_509.716329_47.31888415,-0.9371203339473847,0.3545459070995379,0.9588670540445742,-0.570876820254651,6357
HILIC_509.7823083_49.69734745,-0.7680656635911595,0.44713980961340294,0.9745894987688215,-0.3480151885695021,6358
HILIC_510.0818011_110.9274914,-1.6398602646397957,0.10919150684605332,0.7327631664038863,-0.9385629605884523,6359
HILIC_510.3554982_30.84692407,-2.3358123432224365,0.02481340365298417,0.4444909593938214,-1.3182605086696917,6360
HILIC_510.6148016_46.28677484,-1.2424439483390606,0.22159713756384894,0.8794572619139686,-0.23833986375757887,6361
HILIC_510.7100497_47.47168984,0.41865629807620436,0.6777967310164335,0.9996367449012522,0.07894984844755097,6362
HILIC_510.8171939_51.84413082,-1.6928299817950596,0.0985766763541394,0.718134185467518,-0.9618877288126971,6363
HILIC_510.8352093_50.2139052,-1.5315483081273191,0.13382106014763193,0.7731053745689995,-1.4817187013669384,6364
HILIC_510.8826919_67.22733919,-0.9698225828157918,0.3381963357862542,0.9541737438762358,-0.6843724202723277,6365
HILIC_510.9737563_35.9343641,1.735976406279031,0.09057627145480555,0.7034396994003055,1.4240938553525295,6366
HILIC_511.3589086_31.13755754,-1.7655431940221682,0.0854132415950958,0.6959761542836904,-1.5393966153765941,6367
HILIC_511.6954077_53.38155376,-0.5150824072542285,0.6094441409543749,0.9928201179984223,-0.19908944352170296,6368
HILIC_511.7808717_49.22867703,1.046452926397155,0.30188602990303987,0.9397496500337139,0.40892687478783374,6369
HILIC_511.7990776_47.07287933,1.3149282202986337,0.19632281454262615,0.85722836001277,0.7740438022491473,6370
HILIC_511.8279817_24.86333539,-0.9524337346737783,0.34682632416479753,0.9572455292742392,-0.988349997070027,6371
HILIC_512.0429645_143.1832724,-1.2382980795555032,0.22311292505020533,0.8799075082512211,-0.8499922893655221,6372
HILIC_512.2681446_30.49223916,-0.2453102927690104,0.8075208068371946,1,-0.25018988818722154,6373
HILIC_512.3347001_33.78970416,-1.9858204582465735,0.054217037204665273,0.6020988853157871,-1.0863708103770195,6374
HILIC_512.6178109_48.08221186,-1.287677276968852,0.20555493952928702,0.8657576350795582,-0.2515636333550814,6375
HILIC_512.645096_43.60524071,-0.381768087852793,0.7047351759662999,0.9999159889500627,-0.06082390936392804,6376
HILIC_512.6610107_47.37572332,-0.446876077510264,0.6574716012186228,0.9965858111391217,-0.05745088256481678,6377
HILIC_512.7070614_47.54497626,0.841985563436605,0.4050027406256609,0.9672616821631036,0.15320607145656492,6378
HILIC_512.8326518_49.72070074,-1.6806527741487358,0.10093797999629013,0.7194807920788194,-1.2245933369004294,6379
HILIC_512.9169967_59.28184596,-1.1053375179996554,0.2758819698214787,0.9227236778686373,-0.6764845926623224,6380
HILIC_512.9735699_59.70792762,-1.5792673640541652,0.12246733803606884,0.7610366319338615,-0.7096837508139304,6381
HILIC_513.0096763_107.4723521,2.222706679652707,0.03218889216828034,0.49528647988607655,1.6324491971240271,6382
HILIC_513.1498523_109.9853071,0.541286135971871,0.5914330388434615,0.9919344024228657,0.3556553079680421,6383
HILIC_513.2994493_48.75915125,-0.2765224339260856,0.7836278661847815,1,-0.23655078362903653,6384
HILIC_513.3382853_34.65063841,-1.3436067444260211,0.18695161315979733,0.84811141863714,-0.9057949724251617,6385
HILIC_513.7961336_46.96055198,0.7275719832343843,0.47128301494501523,0.9781047779839798,0.4194947586722298,6386
HILIC_513.9143268_214.2663651,-1.0076550076635524,0.3199195745362158,0.9483800637817349,-0.2920259929799967,6387
HILIC_514.0973878_118.0976706,1.3939369349768773,0.17134087330083428,0.8323231239234016,0.5175842954432601,6388
HILIC_514.1336507_75.31027287,0.7750415774500659,0.44305562794698927,0.9745894987688215,0.5776857977710539,6389
HILIC_514.1921753_27.53635445,-0.03959247014581972,0.9686228976714664,1,-0.022518718580864894,6390
HILIC_514.6510415_45.56336605,-0.19454513133555748,0.846773341448009,1,-0.023968674083707255,6391
HILIC_514.7041213_47.46638549,-0.17456450196995668,0.8623377825708041,1,-0.049370681876263436,6392
HILIC_514.8298046_50.32651168,-1.1606776212036993,0.25292878820290704,0.9054022050039036,-1.0677487419312217,6393
HILIC_514.8752984_58.87103695,-0.23407901108712792,0.8161655675025253,1,-0.14466931741657524,6394
HILIC_515.0374264_172.4909719,0.476894436690676,0.6361366551418122,0.9953585489094753,0.17540211897525668,6395
HILIC_515.0554065_75.37321793,0.5961311118478838,0.5545811082866123,0.9865304209500617,0.23342383219242943,6396
HILIC_515.0948202_113.150177,1.616938689150006,0.11406764089155748,0.7408030749922977,0.8320950895979383,6397
HILIC_515.104681_155.7319065,0.21922926255765388,0.8276310960665239,1,0.1337753326927863,6398
HILIC_515.1176125_166.3406424,0.03164642772121104,0.9749177229618209,1,0.03223520969047306,6399
HILIC_515.1373113_75.77170982,-0.01921666071247825,0.9847676420851363,1,-0.012624802960774678,6400
HILIC_515.14513_286.2287272,-1.0631935536044472,0.2943261454496643,0.9374595218807457,-1.0347495678448768,6401
HILIC_515.5390859_172.9182574,-0.4764085673731215,0.6364795546428554,0.9953585489094753,-0.08333333333333345,6402
HILIC_515.838362_46.70442299,4.487152238493486,6.367857634733407e-5,0.031001382561299397,2.4915850535736284,6403
HILIC_515.9457903_58.42044355,0.03895330041889643,0.9691291758444849,1,0.04268768482126758,6404
HILIC_515.9587314_219.3825401,-0.4706987099036909,0.6405153039845842,0.9955023063019077,-0.20116978928336351,6405
HILIC_516.0399733_175.2792869,6.638211032898853e-15,0.9999999999999947,1,7.198902998117095e-16,6406
HILIC_516.0898885_109.0113204,-1.1686205633132871,0.2497511365751756,0.9046740560864915,-0.6708973845281538,6407
HILIC_516.6488719_45.7076635,0.2027309156919327,0.8404143326132038,1,0.025450651592661924,6408
HILIC_516.7446127_47.39614632,0.6713721034297214,0.5059972152030785,0.9781047779839798,0.23238201571795133,6409
HILIC_516.8353265_47.04092427,0.24096390133943973,0.8108634083445432,1,0.08295550864408271,6410
HILIC_516.8733287_59.41576541,-0.9186807978466156,0.36398991030722305,0.9637531830220828,-0.9596608285196614,6411
HILIC_516.8795825_23.16989889,0.2393843048820924,0.8120790925479882,1,0.20355028598715716,6412
HILIC_516.9229225_256.2291687,-0.9204760879913161,0.363063310016014,0.9633639059453812,-0.3806824761073077,6413
HILIC_516.9984124_61.93071029,-1.025263290117861,0.31164618682167217,0.9421850854569164,-0.7746096547279036,6414
HILIC_517.0339623_176.4833845,-1.2046755971261207,0.2356914144610204,0.8896473140755959,-0.6765173794472416,6415
HILIC_517.0780204_77.52527064,0.96151551579108,0.3423010589174741,0.9550137755006265,0.68399588909398,6416
HILIC_517.2836672_27.55460532,1.1372039719376577,0.262490449309362,0.9132558114375242,0.7181542378662816,6417
HILIC_517.3886441_21.9885455,1.5303209871226806,0.13412388643747158,0.7732426627275885,1.2393289753927612,6418
HILIC_517.8355851_46.84256633,2.290298950173539,0.027576219923060225,0.46598158402008716,0.9385527964287647,6419
HILIC_517.9235645_170.4032294,-0.9657158166396279,0.3402214660101981,0.954346097572737,-0.27974012387181685,6420
HILIC_517.937601_247.2637961,0.7219818139394906,0.4746737915289352,0.9781047779839798,0.27561899687720776,6421
HILIC_518.0326242_54.89537593,-2.712697235716822,0.00992947067056957,0.2878080889938154,-2.9199788770275275,6422
HILIC_518.1130514_30.11954883,-1.3273771712051696,0.19221184822579734,0.8515234707275139,-1.477517432116261,6423
HILIC_518.3223322_33.41600214,-1.8376855588122667,0.0738451455314311,0.673697582055042,-0.930743350694976,6424
HILIC_518.6060789_49.27440358,-0.19728300834455662,0.8446452841116499,1,-0.04646802970076293,6425
HILIC_518.6457906_45.59781665,-0.4419796769404254,0.660979930233855,0.9968021749030789,-0.05554503772582236,6426
HILIC_518.7417101_47.41866067,0.8137636936434647,0.4207913964150457,0.9716822081080376,0.2602451416744416,6427
HILIC_518.7663992_50.08617069,1.291422202684657,0.2042671227063765,0.8647457759331585,0.6202189606349443,6428
HILIC_518.8325799_46.92356495,0.5310165980978335,0.5984614994663817,0.99269666947702,0.14880465986409402,6429
HILIC_518.9270425_50.27147504,1.702843354716039,0.09666947556837562,0.7156821211965979,1.2515723872133082,6430
HILIC_519.0024567_188.6267763,-1.0579676101095463,0.2966718357361504,0.9388494250827767,-0.8967611165426317,6431
HILIC_519.0257258_52.89658328,-1.677867868355293,0.10148453697032951,0.7210864205354485,-1.6248806823134336,6432
HILIC_519.0443697_80.35011838,-0.7212964740172871,0.4750904479491531,0.9781047779839798,-0.3752193561555922,6433
HILIC_519.1399905_279.8498236,2.8938569921093618,0.006238242992919037,0.2352344449939078,0.6566641102124654,6434
HILIC_519.1424086_24.94220843,0.5259582353949853,0.6019378603521717,0.9928201179984223,0.19267542012614153,6435
HILIC_519.3261613_33.02870887,-2.7171684250686026,0.009818003008626118,0.2857418246188054,-2.0314289489945243,6436
HILIC_519.4045947_22.13937484,1.7508687225347346,0.08794399567153979,0.6977778646464091,1.5076279820979948,6437
HILIC_519.545961_82.22772299,0.01141240524218748,0.9909534258044421,1,0.009211853045299345,6438
HILIC_519.7347036_53.45029887,1.816483884121645,0.07709821564828488,0.6849598718477329,1.3323829275734664,6439
HILIC_519.7811602_300.1357097,0.8894954490940208,0.3792684236794702,0.9638726330536317,0.2510059503524074,6440
HILIC_519.8325773_46.72077386,2.0234655708448166,0.05001619679217711,0.5803208652918038,1.073223863810496,6441
HILIC_520.005759_188.8834021,-1.3586608441642194,0.182171815675614,0.8448097971996803,-1.4885319950348699,6442
HILIC_520.034155_299.6107848,0.13995437294816462,0.8894266072252168,1,0.0292569833980925,6443
HILIC_520.1213718_102.3320256,1.4220020468042163,0.1630872812783555,0.8248876976442258,0.5727460645139836,6444
HILIC_520.1398416_288.8966332,1.0505722824141215,0.3000134234182765,0.9396681966123791,0.4947843785125937,6445
HILIC_520.1440358_22.76186181,1.7006377822499268,0.0970869059519896,0.7164771308729047,1.052096426886846,6446
HILIC_520.2801757_35.2333546,-1.4407705196734704,0.15774382625924738,0.817448273034246,-0.589181183329545,6447
HILIC_520.3165389_34.95194739,-1.123913096196786,0.26801801849509144,0.9183343665338901,-0.5951216380652767,6448
HILIC_520.3385267_30.68772885,0.20055321538793935,0.8421050099221599,1,0.06724710233320803,6449
HILIC_520.4083057_21.9781515,1.7856788236412813,0.08204047954436085,0.6948552844377854,1.1121908325612855,6450
HILIC_520.6031884_49.28931626,-0.10179641644425502,0.9194472885813292,1,-0.022143533309371275,6451
HILIC_520.6356559_43.77295417,-0.5902758437688773,0.5584592197259135,0.9888693886638104,-0.4077711836898563,6452
HILIC_520.6495349_47.43659461,-0.14808692638912035,0.8830480506386285,1,-0.020365448431863508,6453
HILIC_520.7387805_47.41914211,1.0754146756881646,0.28889118317695234,0.930363967095018,0.43393717104428026,6454
HILIC_520.7637947_50.15881318,2.1073319311476704,0.04166439790226454,0.5388286365772633,1.436919128646956,6455
HILIC_520.7858442_52.02555901,-0.8250005507940236,0.4144604262771816,0.9702967640516138,-0.8673034312539273,6456
HILIC_520.8285929_47.76994729,-0.5591546596235569,0.5792987018454292,0.9913379189285378,-0.16628515765194876,6457
HILIC_520.9240675_50.10437154,1.079235770116454,0.28720638383811586,0.9299488484623218,0.8184879051703718,6458
HILIC_521.0090666_189.0460484,-0.8629262816589023,0.3935286958265831,0.9669701703160376,-0.6875062651067204,6459
HILIC_521.1246209_102.9108273,3.7846254609045107,5.257534126454151e-4,0.0671313570817816,2.300019494576218,6460
HILIC_521.3419065_30.41486346,-0.39612653455292857,0.6942014347163719,0.9999159889500627,-0.13317847332275076,6461
HILIC_521.4204043_21.98151238,2.019591832916652,0.05043497738227177,0.5843167364863492,1.5271208548472952,6462
HILIC_521.7317593_53.67078246,0.8041795907022274,0.4262375491762611,0.9732405036444339,0.4846949259016249,6463
HILIC_521.82901_46.44418153,-0.5633738641032504,0.576451300512135,0.9913379189285378,-0.37718132849273184,6464
HILIC_522.026618_36.48569616,1.6744712724256858,0.10215445534169497,0.7221864286159657,1.907101318376443,6465
HILIC_522.0771439_22.83396163,0.047823756783271346,0.962104250260476,1,0.04721918198993715,6466
HILIC_522.352371_30.38890707,-2.2200297403337337,0.032384964106001245,0.49732921417915893,-0.7412803713068252,6467
HILIC_522.4237657_22.12182273,1.191106640975137,0.2409128271888673,0.8964330921689022,0.8824803716187141,6468
HILIC_522.5199763_171.3047091,-0.42888699336851116,0.6703989178972138,0.9996367449012522,-0.0833333333333341,6469
HILIC_522.6003339_49.12537757,-0.34771315964269783,0.7299519609967599,1,-0.08029503909979308,6470
HILIC_522.6466837_46.83079538,0.581188044360395,0.5645053369779296,0.9910218924742459,0.31701935489499006,6471
HILIC_522.6740351_43.48545689,0.004702469049166002,0.9962723001109416,1,9.99431997959611e-4,6472
HILIC_522.6898686_47.13837354,1.0811859335736453,0.2863491781418388,0.9295944216943315,0.209406514643525,6473
HILIC_522.7359086_47.27301847,0.6982511289160666,0.48922184151663084,0.9781047779839798,0.2994908284872512,6474
HILIC_522.7607991_50.1015469,1.0774308548704736,0.288001347408394,0.9302017203507134,0.5964603538800252,6475
HILIC_522.7831034_52.36870803,-0.48028200861052606,0.6337481509928069,0.9947980550876518,-0.5212415860900056,6476
HILIC_522.9600777_271.4666306,1.40534864314512,0.1679464231379248,0.8308087949001756,0.7985855882046692,6477
HILIC_523.023113_258.6387482,0.27488567647496753,0.7848757737039935,1,0.18267459062310196,6478
HILIC_523.0598734_84.90612426,-0.105446082922375,0.9165700380596469,1,-0.03971404273270907,6479
HILIC_523.3588795_30.52846576,-2.9396086014591614,0.005534425219796932,0.2223678266061632,-1.5255622107745992,6480
HILIC_523.6747554_53.82800653,0.2958852341178699,0.7689098872891313,1,0.26101704705534806,6481
HILIC_524.0208848_258.2951834,0.22793729501448265,0.8209027985598143,1,0.11164314767676804,6482
HILIC_524.0313759_56.47398184,1.474571758770411,0.148469233781674,0.8014900281899261,1.1051821776942696,6483
HILIC_524.3698246_30.33587423,-2.664649787590858,0.01120345524106322,0.30609788145583167,-0.9325841604654407,6484
HILIC_524.5223542_257.8366061,-0.5211435556177141,0.6052555145843157,0.9928201179984223,-0.41375085597692923,6485
HILIC_524.5974348_49.34791098,-0.05130155898467163,0.9593508203672967,1,-0.01142087011571368,6486
HILIC_524.6800053_45.43531642,-0.8512062495464415,0.3999250403796605,0.9669701703160376,-0.13506221167269394,6487
HILIC_524.9325232_61.90448642,-2.0949862872519946,0.04281127446153387,0.5439686162322036,-1.4288462761041827,6488
HILIC_525.0191583_258.1994707,-0.48295533445362154,0.6318660410219179,0.9947980550876518,-0.37602666046111427,6489
HILIC_525.0972646_266.9359424,0.4226713724309735,0.6748895296730184,0.9996367449012522,0.20690007387274972,6490
HILIC_525.1005029_263.8787284,0.8502230565711343,0.40046456849918277,0.9669701703160376,0.4188319448982298,6491
HILIC_525.3746076_30.21878777,-2.5945029044128916,0.013335805081578212,0.33149604087277484,-0.9431521703983707,6492
HILIC_525.9581106_261.2929138,0.6956185808347616,0.49085096964978325,0.9781047779839798,0.4397530963757386,6493
HILIC_525.9685958_260.5232385,1.416615332337623,0.16464682179196385,0.8267580857332197,0.8611908538486351,6494
HILIC_525.9880859_222.4147314,0.39289555454745373,0.6965665112420205,0.9999159889500627,0.15741882748491262,6495
HILIC_526.0162731_258.2398915,0.30458972450748645,0.7623211993052045,1,0.16561163400462656,6496
HILIC_526.198021_33.28264031,0.5499400538146503,0.5855410851525653,0.9913379189285378,0.2450997047430486,6497
HILIC_526.2929359_27.20065663,1.0471995603823712,0.3015460209915214,0.9396681966123791,0.5487025782196668,6498
HILIC_526.3775375_30.35629033,-0.6687408566135954,0.5076561459186333,0.9792480731462698,-0.5986281294584553,6499
HILIC_526.5179912_258.1246858,-0.9080126704224643,0.3695276961389814,0.9637531830220828,-0.6441647221160638,6500
HILIC_526.5946705_49.41886577,-0.3295344411842517,0.7435402744804976,1,-0.07442179817855647,6501
HILIC_526.6771041_45.42344582,0.13256287382658144,0.895230410361778,1,0.02299962590401323,6502
HILIC_526.7579079_39.7856888,-0.9065136414962384,0.37031017712391423,0.9637531830220828,-0.9326222775414764,6503
HILIC_526.7729708_47.83473344,0.3380210341763743,0.7371860331272732,1,0.12255215057411703,6504
HILIC_527.0138829_259.1619725,0.9727658102272084,0.33674992951036686,0.9540620942988052,0.7002426147530751,6505
HILIC_527.016406_171.2709885,-1.152204894832501,0.25635054349411845,0.9085114391831796,-1.204607291538608,6506
HILIC_527.0519171_65.2437883,-1.0120886783708658,0.31782244182579167,0.9460004852374361,-0.6392915402612588,6507
HILIC_527.1422664_70.16520755,0.4293936441160657,0.6700334131043981,0.9996367449012522,0.21911037953140378,6508
HILIC_527.1588227_122.8599882,-0.7636919289495588,0.44971180955593837,0.9745894987688215,-0.6678474245509336,6509
HILIC_527.2963709_27.27352871,0.3464113400785686,0.7309221877252122,1,0.3195114716793809,6510
HILIC_527.3800383_30.3661687,-0.6649914765871998,0.5100251477734513,0.9802142331323181,-0.38434044091049474,6511
HILIC_527.6682774_49.88852703,-0.3186757875271477,0.7516970651121445,1,-0.3060017737422025,6512
HILIC_527.9167251_264.6158732,0.24493836935757538,0.8078066934179081,1,0.1270635343402501,6513
HILIC_528.0285727_188.9060218,-0.6751953086523355,0.5035920798241118,0.9781047779839798,-0.5317004823790646,6514
HILIC_528.0609567_63.47674444,-1.1187345506959063,0.27019408776694004,0.9185780391297615,-0.8547041729147978,6515
HILIC_528.1305464_46.81892288,-0.8066005884639764,0.4248578006648167,0.9724257019093233,-1.1942811566284746,6516
HILIC_528.142233_64.50622332,-1.4288313275537137,0.16112676552060035,0.8218381018016443,-1.0393781990864663,6517
HILIC_528.3091641_27.30574844,1.8073670017687111,0.07853394029449581,0.6896168250598674,1.753173165186127,6518
HILIC_528.591999_48.24870641,0.13457496859456386,0.8936499226886909,1,0.06698088568654853,6519
HILIC_528.6346675_46.4817911,-0.962313856576717,0.3419051468007228,0.9550137755006265,-0.4145553270154519,6520
HILIC_528.6675749_43.86777609,0.13591193255880854,0.8925999882441054,1,0.05065160084939987,6521
HILIC_528.6812012_47.07253386,1.1498784329294525,0.2572959188175367,0.909076957469324,0.2249966958859444,6522
HILIC_528.755735_39.64552043,-0.28928922415357067,0.7739142128735137,1,-0.13795323578310353,6523
HILIC_528.7701164_47.91490884,1.5890192209985954,0.12024612920735185,0.7563416341912984,0.7817036290336746,6524
HILIC_528.9511436_61.7354363,-1.3338007021389549,0.19011651909007846,0.8506319578051706,-1.749919319044502,6525
HILIC_528.9945704_38.3185191,0.5383073334223313,0.593467666494039,0.9921034274533279,0.38229539306277843,6526
HILIC_529.0708751_70.06236599,-0.5251659346479008,0.6024832254295676,0.9928201179984223,-0.16716611362553385,6527
HILIC_529.4003447_32.17667915,-1.31904242277367,0.19495685370716143,0.8534840044915657,-0.7303932254058332,6528
HILIC_529.6665214_53.91515311,-0.7612418297296252,0.4511564064882202,0.9745894987688215,-0.08333333333333387,6529
HILIC_529.9543939_257.0049748,0.266296964441959,0.7914333896396184,1,0.1512037549731428,6530
HILIC_530.0352195_79.58509547,0.1085052121703941,0.9141592165623467,1,0.08129191292425449,6531
HILIC_530.0551119_65.73666339,0.9540863819689293,0.3459999105117896,0.9572455292742392,0.8112079175259654,6532
HILIC_530.0716182_131.1063262,-0.6928273031765684,0.49258163084018614,0.9781047779839798,-0.6905596273183973,6533
HILIC_530.1045192_29.05431988,2.0113721925885106,0.05133370729059005,0.590807722736388,2.036733914621138,6534
HILIC_530.1074845_75.48508747,0.7469780373360659,0.4596204653971995,0.9755657681934743,0.2847536748353039,6535
HILIC_530.3547557_30.5505443,0.03038510128770628,0.9759171009603285,1,0.0300261614374462,6536
HILIC_530.4037052_30.65056328,-0.9772169394263178,0.3345703534087817,0.9528688564543588,-0.8800053853938159,6537
HILIC_530.6320261_46.94073963,-0.11101736703268274,0.9121800642342108,1,-0.023462374869736742,6538
HILIC_530.7674913_47.32566087,0.7436676375896687,0.46159797532608204,0.9756152843481324,0.38931618954492875,6539
HILIC_530.7879797_294.8550562,-1.4011409882532608,0.16919184604547016,0.8316096347034753,-0.820638819961803,6540
HILIC_530.8227909_50.09405858,-1.9996277750958698,0.052641994420569244,0.5957849544218367,-1.4366997731052322,6541
HILIC_531.0293892_75.21072418,0.1999786368711959,0.8425512156784558,1,0.1158702275489884,6542
HILIC_531.310499_31.34276135,-1.182348096151776,0.24432783868746394,0.8993813650047175,-0.9297919023705898,6543
HILIC_531.4068474_32.63463534,-0.5208258596485291,0.6054747287970942,0.9928201179984223,-0.6746157537362888,6544
HILIC_531.8145446_32.54078636,1.185792329907449,0.2429807185731287,0.8982469518214177,1.0902522994450683,6545
HILIC_531.8256971_45.41290238,-1.4183048392100037,0.1641564308551988,0.8263048794409398,-1.286598203876111,6546
HILIC_531.9147941_60.68253842,0.7374305656501442,0.4653371583654251,0.977038339924947,0.3030560087189305,6547
HILIC_532.192824_35.0683186,1.9176388884038795,0.06260722664996736,0.6321822815039115,2.2778524601223435,6548
HILIC_532.2800261_35.06395291,-0.18302826964573188,0.8557375428050202,1,-0.10862529142684074,6549
HILIC_532.6292189_47.26104793,-1.4453726020396764,0.15645486656836624,0.8151797605900822,-0.3854904514224919,6550
HILIC_532.702935_43.35319173,-0.6424875769605962,0.5243693916348151,0.9824083431236167,-0.16785443145639886,6551
HILIC_532.7185307_47.16547966,-0.14441617549249872,0.8859261591254051,1,-0.08235203398146847,6552
HILIC_532.8193734_49.84562468,-1.798458707438133,0.07995859371467727,0.6913315945281122,-1.2367943503541443,6553
HILIC_532.991093_126.1512716,0.23622035732085828,0.8145155339197757,1,0.21267223627893259,6554
HILIC_533.0025588_50.65951299,-2.760339517953736,0.008799809247478736,0.27106863387821756,-2.53211855854674,6555
HILIC_533.1170015_35.43711097,-0.3062855510307679,0.7610396415342833,1,-0.36798396688429286,6556
HILIC_533.156286_68.73516903,0.2635107630639329,0.7935640236080921,1,0.20814369097891217,6557
HILIC_533.1962347_35.1003782,1.5524848355531757,0.12873943471365307,0.7678422624720918,1.8429928109065936,6558
HILIC_533.231915_27.86196921,-0.20705953792656184,0.8370560463446002,1,-0.19201948259163337,6559
HILIC_533.2833795_34.48288087,0.43985544891355405,0.6625043820170198,0.9975983745315231,0.308305864644314,6560
HILIC_533.5446292_137.6122441,0.535315978149082,0.5955142142011223,0.9924074341965825,0.3038751797701889,6561
HILIC_533.7107014_50.63292384,0.49130491394910447,0.6260036536980682,0.9947980550876518,0.5671657669850005,6562
HILIC_533.8097012_45.98960482,-0.04100581438416596,0.9675034527321974,1,-0.024881464429281144,6563
HILIC_533.9118807_59.4688236,0.5265449758664833,0.6015341379201231,0.9928201179984223,0.5340182170468649,6564
HILIC_533.9925243_128.9002759,1.450411051329003,0.15505322407682107,0.8125085821135265,0.9881462641687186,6565
HILIC_534.0109635_172.6874747,0.8056091743941475,0.4254224883020806,0.9732405036444339,1.3057458153727253,6566
HILIC_534.1213877_34.89280075,-0.4365171475099264,0.6649030507590219,0.9978767801948073,-0.2939171500088776,6567
HILIC_534.2958539_35.28658766,-0.8471221682332521,0.4021691599428092,0.9669701703160376,-0.462624411910193,6568
HILIC_534.3125225_28.30078044,0.7213062948291021,0.475084475856006,0.9781047779839798,0.9725772717993021,6569
HILIC_534.5125287_174.6457896,-1.024098166804675,0.3121890590242371,0.9421850854569164,-0.4979049923334784,6570
HILIC_534.5797656_49.31873981,0.12894017799136775,0.898077100693889,1,0.08031612659200718,6571
HILIC_534.6263701_46.90975415,-0.8146787486891929,0.42027364701818326,0.9716822081080376,-0.2130912679271175,6572
HILIC_534.7157674_47.08783969,0.06154135161160538,0.9512468723271817,1,0.018249670857207467,6573
HILIC_534.8044722_47.28494237,-0.5460331954095958,0.5881975320197191,0.9913379189285378,-0.14147503861207827,6574
HILIC_534.8163222_49.93326746,-2.4490363523479446,0.01898988498586363,0.3997097619046565,-1.6915399317223414,6575
HILIC_534.8995135_53.5296166,1.2581256808696764,0.2159330310782339,0.8725071806170407,0.5803681455086722,6576
HILIC_534.9614704_61.07244635,-1.6975080298166163,0.09768181798309411,0.7177897439971538,-1.2206872751728495,6577
HILIC_535.0013511_51.58249172,-0.45113376135062355,0.6544272797841327,0.9965858111391217,-0.5678893066843296,6578
HILIC_535.0962563_74.34271921,-2.6087421162939304,0.01287491274129286,0.32677736535603386,-1.3239701823153818,6579
HILIC_535.2992254_35.3341641,-1.4904764837068745,0.14425754189006335,0.7912074889195481,-1.1008389763627309,6580
HILIC_535.7087314_53.40829069,-0.5147995270973612,0.6096399553922472,0.9928201179984223,-0.4502131067847405,6581
HILIC_535.9650901_62.67323843,-1.884451580751297,0.06708009747382107,0.6475948503215213,-1.7525844085227325,6582
HILIC_536.0423955_40.47932343,0.3700139464800654,0.7134024695335828,1,0.2598852633334747,6583
HILIC_536.1157833_75.42203696,0.3153535187571932,0.7541985042466735,1,0.27657684023114987,6584
HILIC_536.1659101_281.6900781,0.9238993730437168,0.36130071209246506,0.961225095168946,0.2963509777093629,6585
HILIC_536.2965128_35.49054076,-0.2978610665541279,0.7674127782383201,1,-0.15119822511473963,6586
HILIC_536.5771604_50.62622593,-0.15115221475199603,0.8806458915369142,1,-0.08411993739096245,6587
HILIC_536.6987602_43.69711619,0.44968155533505133,0.6554649657504441,0.9965858111391217,0.17684881860719895,6588
HILIC_536.7127211_47.31241023,1.0672029737963646,0.2925352801048129,0.9350415565506838,0.64636447334594,6589
HILIC_536.7378058_51.06950441,1.1468857706527908,0.25851570373415017,0.9097375345216011,0.5772391511088447,6590
HILIC_536.8068738_48.92812875,-1.578792662475287,0.1225763071983325,0.7611358838283808,-0.6197568755749105,6591
HILIC_536.8956835_52.47234991,1.5066031941268692,0.1400848093189867,0.7851055614738052,0.6597054208623477,6592
HILIC_537.0774966_122.1266879,-0.7236985105598571,0.4736310318296425,0.9781047779839798,-0.425176019353207,6593
HILIC_537.1193529_75.49753832,-0.6768571404029374,0.5025485994799247,0.9781047779839798,-0.7086905202390114,6594
HILIC_537.1659954_283.0649925,1.654403039420509,0.10618757004060071,0.7270102455490702,0.5897584657027747,6595
HILIC_537.2970989_35.29669416,-1.017615634817937,0.3152213225874511,0.9434080661828157,-0.5044651585065364,6596
HILIC_537.7058641_53.5420994,0.2239837951533042,0.8239558220569224,1,0.1881404822060186,6597
HILIC_538.0006669_36.30873869,1.4158179190158509,0.164878674406403,0.8267580857332197,1.2063042410212776,6598
HILIC_538.1354757_28.45951635,-0.24293862865705818,0.8093442916851592,1,-0.20744985027010943,6599
HILIC_538.2599766_35.93190136,1.998986437641748,0.052714263949481414,0.5957849544218367,1.6018156530458392,6600
HILIC_538.574211_50.38972468,-0.14858233672933013,0.8826597385479482,1,-0.0707830111638464,6601
HILIC_538.6631762_46.52001408,0.5631916419273011,0.5765741343329434,0.9913379189285378,0.16070007464331953,6602
HILIC_538.70658_46.90052776,-1.0620977713375679,0.2948169189319812,0.9381171255444217,-0.9601641836060844,6603
HILIC_538.7571449_53.01007695,-0.49518968530769253,0.6232844090138001,0.9947980550876518,-0.29938444488885463,6604
HILIC_538.799447_49.05056485,0.18706760563525102,0.8525912392704811,1,0.07341115817660966,6605
HILIC_539.003972_36.87102898,0.7086974221146344,0.4827871812391825,0.9781047779839798,0.6971500940534001,6606
HILIC_539.138552_28.66041038,-0.7141145283764232,0.479469281186938,0.9781047779839798,-0.37079663714480343,6607
HILIC_539.1631972_21.50840256,-0.6379297265332615,0.527300578653651,0.9824083431236167,-0.6798293041079796,6608
HILIC_539.1810405_28.03509827,-0.8155565216215366,0.4197773579805083,0.9716822081080376,-0.6843267914832712,6609
HILIC_539.649205_54.39630229,-0.5554515471835204,0.5818034511006286,0.9913379189285378,-0.1476261942840179,6610
HILIC_539.9974885_36.47003434,-0.48373285826201134,0.6313191029297055,0.9947980550876518,-0.40722621688196436,6611
HILIC_540.1352865_28.7242297,-0.12145020413467202,0.9039669553668259,1,-0.12046994096498469,6612
HILIC_540.1948522_40.72687257,-0.5752875255697396,0.5684484120272403,0.9913379189285378,-0.5520213757671789,6613
HILIC_540.3309482_28.90805337,0.4735223530092158,0.638518150903791,0.9955023063019077,0.4103240714338844,6614
HILIC_540.3662794_33.1417669,-1.976289860058865,0.05532791773167551,0.6065607728992479,-1.084416919448714,6615
HILIC_540.4945636_258.8798821,1.8510038545037817,0.07186188049743676,0.666637835732572,0.8401145387545871,6616
HILIC_540.5714406_50.57855288,0.17953024975475365,0.8584641357193508,1,0.09269020112368402,6617
HILIC_540.6607992_46.63884572,-0.346556978791126,0.7308136230978615,1,-0.13342264708878596,6618
HILIC_540.8328366_38.59803709,-0.9195566722581201,0.36353765476389055,0.9633639059453812,-0.8580305446190256,6619
HILIC_540.8518781_49.66381685,-1.3745793370690478,0.1772206212384711,0.8395304591118246,-1.2003070464732795,6620
HILIC_541.0835946_65.03622568,0.625867254187862,0.5350997632867678,0.9833164118236528,0.24803191418399245,6621
HILIC_541.1212342_50.80606936,0.10469701923108117,0.9171604784595806,1,0.03550185198751117,6622
HILIC_541.2595705_29.63600302,-0.1198975048073094,0.9051886430503275,1,-0.09730541136712995,6623
HILIC_541.4904265_259.2477751,0.4990269255246646,0.6206036652667126,0.9947980550876518,0.32044041833712705,6624
HILIC_541.4936093_171.2646489,0.118139753419594,0.9065719502185217,1,0.04633994516887211,6625
HILIC_541.6458323_54.19015321,-0.9627198315707461,0.341703933051163,0.9550137755006265,-0.23439610326155808,6626
HILIC_541.9435458_60.88780642,-0.5585000591553851,0.5797410842489501,0.9913379189285378,-0.21166699523310656,6627
HILIC_541.9962728_258.0761059,0.5152519948085135,0.6093267635130404,0.9928201179984223,0.3230134438188051,6628
HILIC_542.0869931_68.75170829,0.2353667215115275,0.8151732086017178,1,0.12069036392022915,6629
HILIC_542.1032065_113.8736042,1.4061048498978719,0.16772335398148652,0.8306853376573623,0.8317697407145136,6630
HILIC_542.3226548_33.7210885,-0.8207148442327956,0.41686810575125854,0.9712636476221591,-0.46988893663383846,6631
HILIC_542.3539744_24.84462611,0.07304429681167578,0.9421495325326789,1,0.047895683241935924,6632
HILIC_542.4981685_258.3902834,0.35968745230157245,0.7210489488904726,1,0.2771292504282577,6633
HILIC_542.5685733_49.77552024,-0.029745569169161518,0.9764238321110643,1,-0.01653613159830277,6634
HILIC_542.6592569_45.34078286,-1.0896444954470277,0.2826519682951822,0.9295944216943315,-0.4787465487411949,6635
HILIC_542.7314613_41.86487326,0.4223986505857152,0.6750868408935813,0.9996367449012522,0.2799983147731548,6636
HILIC_542.7465533_48.43528467,-1.3002487329837973,0.20125597611393034,0.8636226484729774,-0.6975662586557341,6637
HILIC_542.8214964_242.2966351,2.1192207547540742,0.04058559606483503,0.5347244144365793,2.2687952526027377,6638
HILIC_542.8509938_41.12256712,-2.1033033619305113,0.0420356348230725,0.5390014802778794,-1.5830720170212877,6639
HILIC_542.9469899_59.89520904,-0.2723149788060147,0.7868369018203323,1,-0.18249847407501404,6640
HILIC_542.9943332_258.009125,0.16921381002995944,0.8665155660851309,1,0.05714510717958393,6641
HILIC_543.023336_69.740967,-2.251171372117085,0.030168494061888658,0.4841134236080396,-1.6420700931249117,6642
HILIC_543.0555833_127.5940647,0.4027025905415461,0.68939733380356,0.9999159889500627,0.08333333333333459,6643
HILIC_543.1162356_70.20581373,-1.285267612571272,0.2063868190365992,0.8673174277697767,-0.42294209886522516,6644
HILIC_543.326258_32.59310396,-0.1607186443936364,0.8731564552128874,1,-0.1377372395554313,6645
HILIC_543.4956454_258.4327988,-0.8486109626985384,0.4013501898795808,0.9669701703160376,-0.590201117747989,6646
HILIC_543.5564657_127.9466325,1.529033952802314e-14,0.9999999999999879,1,1.6581827622681904e-15,6647
HILIC_543.6431604_54.1858279,0.17873322751255108,0.8590856354879963,1,0.052129486007254054,6648
HILIC_543.7351322_41.82111613,0.10191745727029852,0.9193518470565671,1,0.1134925897525126,6649
HILIC_543.7463031_38.86761819,-0.09982690936099356,0.921000426959862,1,-0.05991674228634161,6650
HILIC_543.8594922_40.25060375,0.10627396870120843,0.9159175227642047,1,0.08815722752071208,6651
HILIC_543.99267_258.2339045,0.900065511661765,0.37368823333075885,0.9637531830220828,0.4282144921054404,6652
HILIC_544.0562402_132.9448616,0.5755430804115738,0.5682773519740885,0.9913379189285378,0.35154376548520266,6653
HILIC_544.1196795_26.66546308,1.718769862054863,0.09369928811148041,0.7121317722762723,1.7688591149851574,6654
HILIC_544.3397834_30.55637268,-2.1652260006226514,0.036639489617249235,0.5190319043164883,-1.0035305519729352,6655
HILIC_544.4935901_258.6434954,-0.07513314228472785,0.9404983312923303,1,-0.0575304576141005,6656
HILIC_544.5662922_46.78996323,-0.6601720935068937,0.5130790272078679,0.9815649827569581,-0.47962904371971327,6657
HILIC_544.6159687_47.65980816,-0.622300933098543,0.5374171535786416,0.9833164118236528,-0.17038035194524562,6658
HILIC_544.6520927_46.08199711,0.3335767743973073,0.7405113266298913,1,0.11382869683804965,6659
HILIC_544.7441672_48.12339899,-1.6904987437406727,0.0990251497347328,0.718134185467518,-0.41163001683847755,6660
HILIC_544.8463811_49.68685028,-0.9215426235497254,0.3625135679168634,0.9629841312096592,-0.7139445120397205,6661
HILIC_544.9113836_22.65208492,0.0521555640933582,0.9586747670484195,1,0.053911415810365675,6662
HILIC_544.9901854_258.0139054,2.1735520997322753,0.03596277481166449,0.5143847335746973,1.0645116281621265,6663
HILIC_545.0454604_73.00289566,-0.45381228767196324,0.652515137149533,0.9965858111391217,-0.15311416188012514,6664
HILIC_545.343162_30.64337376,-1.9915960951417433,0.053553286961821885,0.5979546113505486,-0.8964958694029095,6665
HILIC_545.7332039_41.75760942,0.607066783581518,0.5473749511842103,0.9857989553982086,0.48812275029542085,6666
HILIC_545.9886283_257.5085941,1.8107212661709633,0.07800310331107002,0.6875549024823854,1.041845700552744,6667
HILIC_546.3528623_30.7880072,-1.8796549776003888,0.06774866596211045,0.6493544748295632,-1.2085788723517812,6668
HILIC_546.5092214_51.72405002,-0.41486364599605263,0.6805474713759663,0.9999159889500627,-0.175394604919815,6669
HILIC_546.6125219_47.7049055,-0.9699962555318209,0.33811087189658307,0.9541737438762358,-0.2164893240875202,6670
HILIC_546.7279998_41.76914845,-0.923326568984065,0.36159525114995517,0.9618458170615977,-0.7889943753016474,6671
HILIC_546.7419421_47.67008349,0.20829607731945526,0.8360972622974003,1,0.10288689037798746,6672
HILIC_546.7965451_50.48686476,-2.163280859473682,0.036799198960278515,0.520355909690347,-1.552838272319316,6673
HILIC_546.8308388_57.60579546,-0.7361418452030097,0.4661119343929704,0.9773834678378885,-0.23409669667041977,6674
HILIC_546.9567523_51.77829883,-2.5139020475100202,0.016242480069370565,0.369810669405524,-2.092120145126431,6675
HILIC_547.1042209_57.12842775,-0.352658868339156,0.7262701042997338,1,-0.32605814597494026,6676
HILIC_547.2190015_23.54155396,-0.21234800246157523,0.8329572740661128,1,-0.21278999091377784,6677
HILIC_547.3326003_26.48105166,0.14712990669416393,0.8837982636030229,1,0.19872839071355106,6678
HILIC_547.35872_30.90544662,-1.9354041471188903,0.060319961711788606,0.6265858946940583,-2.0835107813551255,6679
HILIC_547.4360337_21.82918269,1.3057203897943976,0.19940630339074425,0.860060322352524,0.7966746660817589,6680
HILIC_548.2919048_29.60920482,-0.6889134392922456,0.4950140392329454,0.9781047779839798,-0.5979830859176495,6681
HILIC_548.311676_34.88101816,-0.6295102761494704,0.5327379510743713,0.9833164118236528,-0.1283600395265317,6682
HILIC_548.3333894_26.37106124,1.0528108630940443,0.29899917602642245,0.9392638295536324,0.7399433979463919,6683
HILIC_548.3451674_27.2045254,0.6777458996756247,0.501991026924157,0.9781047779839798,0.11549577078880899,6684
HILIC_548.3709111_30.72664972,-2.134714202043769,0.03921668202224761,0.532492717864745,-1.6280434821033256,6685
HILIC_548.5992344_44.87631599,-0.22808226219485342,0.8207909033750571,1,-0.1283078562757392,6686
HILIC_548.6108099_48.07275012,-0.9423035546372587,0.35192047546562477,0.9581751593700113,-0.20463668506525318,6687
HILIC_548.7936383_50.36395689,-2.310645610277706,0.02630869185135346,0.45669563423730697,-1.4287779766024438,6688
HILIC_548.82828_57.90602153,0.5605167152266131,0.5783787458112876,0.9913379189285378,0.218033566146583,6689
HILIC_549.1546116_128.7089103,1.8548396998279162,0.07129915302440258,0.6633124226015927,1.288275879689038,6690
HILIC_549.2269924_29.61982616,-0.6889829538333706,0.4949707788602882,0.9781047779839798,-0.5634158887376524,6691
HILIC_550.1086274_47.57809651,0.777299392031145,0.441738509246419,0.9745894987688215,1.144213319425264,6692
HILIC_550.2907138_36.3775106,-1.0494303580775637,0.30053171937955314,0.9396681966123791,-0.9531886173493058,6693
HILIC_550.3870125_29.72849364,-1.8602767907326527,0.07050795298713473,0.6593332984689801,-1.2168352724851894,6694
HILIC_550.6080305_48.03101393,-0.8629805598034594,0.3934992234503375,0.9669701703160376,-0.17696586278488866,6695
HILIC_550.6894614_47.09870648,0.4715036582538003,0.6399456901144023,0.9955023063019077,0.2104196759208807,6696
HILIC_550.7897928_50.199251,-2.262692341197782,0.029383468312325942,0.48003947342509096,-1.9629756543602157,6697
HILIC_550.8726512_60.64082653,1.0184945298949244,0.31480903667540516,0.943249128859935,0.44918430193138925,6698
HILIC_550.9358373_63.14097009,-2.2317926416234064,0.03153125287389275,0.4923898914570764,-1.6063026766062378,6699
HILIC_551.1414677_148.5545658,-0.15634267987895975,0.876580919502074,1,-0.1320678876504534,6700
HILIC_551.2489283_31.35116746,0.7204358207403856,0.4756139825419058,0.9781047779839798,0.6374683795358391,6701
HILIC_551.2940995_36.72280867,0.4907402567007521,0.6263993415691513,0.9947980550876518,0.41819489371938395,6702
HILIC_551.6826912_53.23876061,1.0139257990489683,0.3169562308436928,0.9452130574325007,0.6874435963842398,6703
HILIC_552.0162322_36.97037877,0.6495525361117106,0.5198430722110147,0.9824083431236167,0.5618563765788582,6704
HILIC_552.0369678_65.41834947,-0.9669037839937252,0.3396348263554555,0.954330731898445,-0.901194578378512,6705
HILIC_552.0896569_75.39486434,-0.24202740792392602,0.8100451824442585,1,-0.10605400681515756,6706
HILIC_552.1446291_93.37028781,0.7703715746645565,0.44578731310034037,0.9745894987688215,0.5127924325413736,6707
HILIC_552.6052533_48.06147505,-0.4317567253536615,0.6683297275476336,0.9988070795065948,-0.0982539339321718,6708
HILIC_552.6880684_45.93711598,1.3505614700485007,0.18473159587227225,0.8467345678477594,0.5738356101000714,6709
HILIC_552.7770168_48.54591469,0.9490170571577509,0.34853898642233616,0.9574386235069654,0.2030202780774936,6710
HILIC_552.787314_50.2969148,-2.2013998889067357,0.033779196315253605,0.5027225142861993,-1.8917867948667932,6711
HILIC_552.8681961_64.78481392,0.3033475841892942,0.7632603308161945,1,0.14379258702491976,6712
HILIC_552.9845864_171.4646971,0.6338025541273536,0.5299622704196008,0.9824083431236167,0.7444873139532345,6713
HILIC_553.0195759_37.41796574,1.486815478158375,0.14521847496579945,0.7926970958001075,1.0050219175565176,6714
HILIC_553.2644984_32.5036586,0.20082433731224628,0.8418944805508474,1,0.16231155262576613,6715
HILIC_553.6798251_53.3342105,0.1918984781594014,0.8488315985168142,1,0.14394036701717403,6716
HILIC_553.8286458_28.51319316,-0.3024101373553475,0.7639693359872914,1,-0.15967890461454923,6717
HILIC_554.0134271_37.23294792,1.055987332006786,0.2975640800558073,0.9388638086478203,1.1497467187871173,6718
HILIC_554.2551542_39.57647225,1.1803122221273419,0.2451266751077917,0.8999626234969405,1.094674125686716,6719
HILIC_554.3118991_21.123246,-0.7977645893623739,0.429906628947501,0.9742203846590763,-0.5378866134972404,6720
HILIC_554.6022469_48.16459092,-1.4338962726617215,0.15968473230751673,0.8202102361448862,-0.6934331774531517,6721
HILIC_554.6458882_47.55439023,-0.41625062980430766,0.6795410027949655,0.9999159889500627,-0.0487559377313352,6722
HILIC_554.7725139_48.71006889,2.1566713075682493,0.03734650177574411,0.5220805529735174,1.0200409504858532,6723
HILIC_554.8147452_32.89157061,-0.31176483882715617,0.756903546627842,1,-0.12766833543930423,6724
HILIC_554.9536026_59.92286204,-0.9441436887288096,0.35099148654962287,0.9578247927857968,-0.512745736109616,6725
HILIC_555.241463_32.24486858,1.3275631620804678,0.19215093167717948,0.8515234707275139,0.9898956546774997,6726
HILIC_555.3134551_23.44327528,-0.6231644618161494,0.5368555533249681,0.9833164118236528,-0.4508559211782635,6727
HILIC_555.4410331_21.74446476,0.45268744883536416,0.6533178474324002,0.9965858111391217,0.39141342619004993,6728
HILIC_556.1712069_31.98597371,1.2840471937313707,0.20680910785649798,0.8673174277697767,1.3938527847229083,6729
HILIC_556.279847_35.38182978,0.03434299117399638,0.9727813129513365,1,0.014913563179843208,6730
HILIC_556.4912902_43.62568117,-1.0900448087075842,0.28247782985348735,0.9295944216943315,-0.5098123892926769,6731
HILIC_556.6426946_47.63173042,-0.29565544815925465,0.7690840568101588,1,-0.03469206037018807,6732
HILIC_556.8218885_49.84101847,-1.984374165239101,0.05438436144259083,0.6020988853157871,-1.4647775090805109,6733
HILIC_556.8600893_58.50134947,-0.7418941931660321,0.46265939385632737,0.9761454576259606,-0.13520677503987594,6734
HILIC_557.0787864_68.72291861,-2.7437252997519583,0.009179468372699609,0.2752088704868528,-2.220497170297702,6735
HILIC_557.0800803_187.9402106,-0.9903424680257363,0.32819833850038604,0.9506069103298993,-0.5301221790425298,6736
HILIC_557.0898341_50.22260157,-1.1847150549848509,0.2434014814706413,0.8982469518214177,-0.5184820781257963,6737
HILIC_557.4565164_21.63436448,1.5262696556655757,0.1351274139184849,0.7745151497029313,0.6313245652542706,6738
HILIC_557.8634183_58.88610005,-0.28619176745949115,0.776267610718324,1,-0.07075689812476144,6739
HILIC_557.917684_63.56108292,-0.12196740278275281,0.9035600678338458,1,-0.08225425052432447,6740
HILIC_557.952526_188.7953379,-1.3248922091569988,0.19302715017366176,0.8515234707275139,-0.9869039197813635,6741
HILIC_558.0621571_81.79314949,-2.4129715388824353,0.020694041118963908,0.4141280600040436,-2.937007107419597,6742
HILIC_558.0835395_188.1251703,-0.6473936934454706,0.5212239560465376,0.9824083431236167,-0.41569965080460636,6743
HILIC_558.0963847_67.01798111,-0.7836901877073055,0.4380230297759742,0.9745124110909839,-0.5343630893359402,6744
HILIC_558.2054015_41.93452501,-0.626563233151588,0.5346481285829938,0.9833164118236528,-0.5194713010737849,6745
HILIC_558.295667_35.34379009,-1.8344996728127554,0.07432639961373862,0.6747716156497422,-1.1983185600798525,6746
HILIC_558.4599746_21.58500543,1.7139567690306476,0.09458877196686319,0.7121317722762723,1.1352066044626905,6747
HILIC_558.4884408_43.68187829,-1.3780421681956776,0.176157483480711,0.8368412656431721,-0.5326423421757,6748
HILIC_558.6398864_47.71761018,-0.08587495980965096,0.932011442886516,1,-0.009883223003906838,6749
HILIC_558.7196962_45.25279174,1.0229870101801606,0.31270738929459735,0.9421850854569164,0.5658013782144554,6750
HILIC_558.8201725_50.11839807,-3.1531848926101795,0.003128450756825849,0.1643744528084752,-2.0638378286396666,6751
HILIC_558.8576497_58.76322833,-0.6568084919891357,0.5152162796511045,0.9824083431236167,-0.11942512388817243,6752
HILIC_558.9097103_259.1806083,0.0642832170722107,0.9490777658421009,1,0.026176350880953738,6753
HILIC_558.9558706_188.8462209,-0.10245634696316665,0.9189269435002774,1,-0.06228397730973203,6754
HILIC_559.0869423_188.7364385,1.647768699047053,0.10754939886327422,0.7299405333124399,1.0211100761823007,6755
HILIC_559.2990914_35.35618503,-0.7800598755999006,0.44013132360459795,0.9745894987688215,-0.6876386181276225,6756
HILIC_559.4658727_257.842945,1.4451727714600668,0.15651066254871102,0.8151797605900822,1.2986200401584016,6757
HILIC_559.4721445_21.80101815,1.396086948612265,0.170697294490808,0.8323231239234016,0.506022688156828,6758
HILIC_559.7215545_39.94337071,-0.53322590389885,0.5969461299174157,0.9924427755631277,-0.5326006047699218,6759
HILIC_559.8602737_58.1821823,0.35226735271264387,0.7265613318847073,1,0.18875518556067108,6760
HILIC_560.114683_29.34038921,1.0980075845696065,0.2790296802765544,0.9269520569136539,0.7950301862489918,6761
HILIC_560.3066852_35.37335993,-1.6268095838505747,0.11194636679484168,0.7371963624447747,-1.3820631683838367,6762
HILIC_560.3272458_27.5890663,-0.44189417078492943,0.66104126553637,0.9968021749030789,-0.5724417515202153,6763
HILIC_560.4823762_36.29807942,-0.05317206386691577,0.9578701189107065,1,-0.013303701389527477,6764
HILIC_560.5400978_47.73880877,1.0798810959248624,0.2869225280541329,0.9297757664460452,0.5361987744010029,6765
HILIC_560.5899762_47.84792741,-1.3173390559896945,0.1955215090371724,0.8546585717790702,-0.27233231136764263,6766
HILIC_560.6371057_47.65820827,-0.3133289455127806,0.7557241856849429,1,-0.036592509596424676,6767
HILIC_560.7166776_48.59235056,1.1274217774928712,0.2665507709639564,0.9167059132757782,0.5384398925443514,6768
HILIC_560.751339_49.20855389,-0.07709168626020119,0.9389503727723014,1,-0.03992282127497306,6769
HILIC_560.969835_257.5530724,1.3222086237068,0.19391058222271854,0.8523601697590678,0.7655944606338261,6770
HILIC_561.0189626_71.51959827,0.0015572292523591768,0.9987655627726719,1,0.0011880006842345198,6771
HILIC_561.1170322_29.80187846,1.342505567844016,0.18730499014065338,0.8486518958782779,0.8140363191283537,6772
HILIC_561.2975549_35.39968619,-1.2849013907765547,0.20651347055241556,0.8673174277697767,-0.4164779849216332,6773
HILIC_561.3144173_34.88193284,0.018591799692895743,0.9852628874771096,1,0.01669272973326255,6774
HILIC_561.3898486_60.29545428,0.771218275809756,0.4452913022813185,0.9745894987688215,0.6443097647035062,6775
HILIC_561.4877447_21.60883904,1.6896223490159288,0.09919418385729516,0.718134185467518,0.8014824557728248,6776
HILIC_561.7196922_39.98621333,-0.31232666483582516,0.7564798531249375,1,-0.24506455445943898,6777
HILIC_561.9675729_257.6817497,0.7382826646324214,0.46482528711585014,0.977038339924947,0.3593844721384878,6778
HILIC_562.1418196_107.8022954,1.589978766967637,0.12002935319781537,0.7563416341912984,0.9872132384964759,6779
HILIC_562.3093374_35.29940811,-1.199607990161161,0.237631640256268,0.8932665963443939,-0.890046114137625,6780
HILIC_562.3268716_35.53910812,-0.9444870348827591,0.35081832776352206,0.9578247927857968,-0.7327722921037906,6781
HILIC_562.3436807_28.70884445,-0.06325168074013263,0.9498937754025771,1,-0.050548307403110004,6782
HILIC_562.4679073_257.9328678,-1.645780353195506,0.10796033470267863,0.7299405333124399,-0.8221481512851226,6783
HILIC_562.4842901_40.507373,-0.49882383879427505,0.6207454134220769,0.9947980550876518,-0.15434914386612597,6784
HILIC_562.575609_44.1634788,-1.417794478141402,0.1643044459509667,0.8264778495909016,-0.5403590089626743,6785
HILIC_562.5875811_48.02599751,-0.7731841936519838,0.44414089859109795,0.9745894987688215,-0.15251036555238182,6786
HILIC_562.6341892_47.69246473,0.014289118562957174,0.9886732083000687,1,0.0016734946164194046,6787
HILIC_562.7483988_49.335286,1.166894960064136,0.25043900466764685,0.9051843501019633,0.42768938296051767,6788
HILIC_562.770562_51.3140996,-1.6843442708047798,0.10021725719408844,0.718134185467518,-1.2708803461271592,6789
HILIC_562.8451135_29.34723,-0.1314661265707712,0.8960920808586788,1,-0.1414075879898077,6790
HILIC_562.9656602_257.4639702,2.277452064366484,0.028404465997939898,0.47270567884283454,1.5889132228097584,6791
HILIC_563.3303669_35.35237069,-0.15023060418888315,0.8813680065236918,1,-0.11921436934712781,6792
HILIC_563.351323_43.63146786,1.2663709280247712,0.21299871935599404,0.8700201576306809,0.6083296145267716,6793
HILIC_563.9327212_122.2167593,0.8110217330261448,0.42234516023202007,0.9720647144923827,0.5909435624868085,6794
HILIC_564.1862265_53.17581218,-0.14983211633826754,0.8816802678564073,1,-0.15369247526730748,6795
HILIC_564.35917_26.78975665,1.2883349213699025,0.20532834386652266,0.8654972584231475,1.5239919484134354,6796
HILIC_564.4805664_43.65582409,-0.8844127669551404,0.38197056821536046,0.9638726330536317,-0.36608799339583625,6797
HILIC_564.5840133_47.9249403,-1.1614110073114663,0.25263416871533745,0.9054022050039036,-0.23653304334413075,6798
HILIC_564.6311126_47.67751911,-0.025430455761138414,0.979843145752503,1,-0.005279148057818334,6799
HILIC_564.6747702_47.54383386,0.3171403559105098,0.7528528040583617,1,0.058410680202129923,6800
HILIC_564.7455275_49.25804216,1.1500726974748428,0.2572168818666161,0.909076957469324,0.5016120752652624,6801
HILIC_564.7674274_51.05628124,-2.8618818367951167,0.006778923085162834,0.2462043866036754,-2.0614976746515574,6802
HILIC_564.9822857_58.52835934,-0.552252194971845,0.5839716895110192,0.9913379189285378,-0.26760358576858434,6803
HILIC_565.0132265_43.63139033,-1.427304994434865,0.16156332453067565,0.8218381018016443,-1.1991231184861608,6804
HILIC_565.3625421_26.72728501,1.3641213855702996,0.18046151878454297,0.8435536307584767,1.533451715261193,6805
HILIC_565.9858025_59.30561125,-0.06643742036821074,0.94737383675087,1,-0.060174009135024534,6806
HILIC_566.321479_34.97400296,-1.6700919364109859,0.10302359570469197,0.7222851642405752,-0.9351631264805449,6807
HILIC_566.3642581_26.73923266,0.9531263150090563,0.34647983743251176,0.9572455292742392,0.5036238784981516,6808
HILIC_566.4780903_43.62371073,-0.9562844011088869,0.3449028032818796,0.9569267992591757,-0.4951602325409718,6809
HILIC_566.521204_44.66876472,-0.4870095273363315,0.6290164839856238,0.9947980550876518,-0.183425901783007,6810
HILIC_566.570495_44.14445474,0.1055292645121007,0.9165044741217399,1,0.03471921777710519,6811
HILIC_566.581826_48.21117578,-1.0072559169742104,0.3201088054543364,0.9483800637817349,-0.19978754347737723,6812
HILIC_566.6716822_47.36756733,0.6753858472360968,0.5034723784712902,0.9781047779839798,0.11938733527239695,6813
HILIC_566.7426292_49.05338382,0.9580139289956339,0.3440411591624164,0.9564212583657042,0.7374084984828828,6814
HILIC_566.7646714_51.1026863,-2.390334231775138,0.021833314745369575,0.422415486021867,-2.199527544210934,6815
HILIC_566.8466195_56.6023314,-1.4739184371388603,0.1486443040720252,0.8014900281899261,-1.2846440832145791,6816
HILIC_566.8884335_58.9996818,-0.567091172702673,0.5739483112657628,0.9913379189285378,-0.21231685688407642,6817
HILIC_567.6565758_53.22434604,0.913753229436669,0.36654105896903577,0.9637531830220828,0.33002701933617706,6818
HILIC_567.8922654_58.95525194,-0.442494200646226,0.6606109018971877,0.9968021749030789,-0.16732932155474575,6819
HILIC_568.1676596_72.40168821,2.795418260957629,0.008045614551415418,0.26208748604396903,2.1293836973064324,6820
HILIC_568.1851409_106.8132032,2.3258135790252275,0.025398080331288337,0.4510154193585828,2.2906754466821253,6821
HILIC_568.2345079_34.31219487,-0.05816618339375388,0.9539175023711454,1,-0.04332520142552804,6822
HILIC_568.3397451_30.49922193,-1.9203834671957822,0.06224906672771175,0.6319277618398141,-0.9407807089458508,6823
HILIC_568.4756298_43.82371949,0.7525011396641924,0.45633216814238076,0.9755657681934743,0.4198479032097133,6824
HILIC_568.5199202_45.7979459,-0.6266658593679824,0.5345815492888393,0.9833164118236528,-0.22348265136494025,6825
HILIC_568.5790935_48.24459592,-1.3641041360343573,0.18046690193134227,0.8435536307584767,-0.2626294143002804,6826
HILIC_568.6686514_47.42398582,0.7121251805150919,0.48068622360330593,0.9781047779839798,0.12802393078605456,6827
HILIC_568.7617795_51.21803939,-1.356484007900422,0.182857096090841,0.8460463584863603,-1.2505991524253262,6828
HILIC_568.8932845_58.99480218,-0.5379158668463772,0.5937352995036022,0.9921034274533279,-0.2298049556625049,6829
HILIC_568.9626843_58.77234512,1.1010820009506048,0.27770634819520246,0.9252951707628061,0.7276839443176192,6830
HILIC_569.2205198_33.14338588,0.6942382312288544,0.4917063958171489,0.9781047779839798,0.4338913295255757,6831
HILIC_569.3433025_30.73754761,-1.1165151531703634,0.2711305425136203,0.919604667683454,-0.7850483000277679,6832
HILIC_569.6538341_53.21434814,0.5883761291538987,0.5597203924834211,0.9892234633720942,0.22994511999206763,6833
HILIC_570.0477399_61.62619737,0.007070165272892789,0.994395427507182,1,0.0061686542157157135,6834
HILIC_570.1023885_102.2550618,1.9339620986029795,0.060502902325695634,0.62680833464336,0.9523101646520753,6835
HILIC_570.3554904_30.24041727,-0.8708359536599237,0.3892485007584816,0.9669701703160376,-0.5027427028556872,6836
HILIC_570.5175272_46.03135649,-1.134186936026512,0.26373797701723206,0.9146409754836018,-0.42933692727182243,6837
HILIC_570.5764487_48.16457177,-1.9917383300707137,0.05353703033190513,0.5979546113505486,-0.4977267361732467,6838
HILIC_570.6196342_47.40601345,-0.20194649535002693,0.8410232367131832,1,-0.027141464496736867,6839
HILIC_570.6657271_47.55788887,0.958839860161781,0.34363018775035536,0.9564212583657042,0.1872026562097357,6840
HILIC_570.7931214_50.36886505,-1.7095650100237954,0.09540651684832838,0.7128280646827104,-1.0936754532685466,6841
HILIC_570.9377646_61.38255561,-2.2613894320486856,0.029471321978377995,0.4802847181331103,-1.4708957757038146,6842
HILIC_571.0950777_151.0101354,0.14557096817808773,0.8850205556643179,1,0.08051668364797052,6843
HILIC_571.1428436_95.17824265,-1.356434867825111,0.1828725885561865,0.8460463584863603,-0.9472943145312055,6844
HILIC_571.359025_30.42505766,-0.15099861374217607,0.8807662363005593,1,-0.09207574882569042,6845
HILIC_572.368607_29.30894308,-0.12210583124343541,0.9034511686559167,1,-0.13797191790975846,6846
HILIC_572.5146525_45.91814498,-1.0889919411812785,0.2829359950442931,0.9295944216943315,-0.4078755265392507,6847
HILIC_572.6042325_44.22224798,0.07563041196486196,0.9401052859133696,1,0.024209926057718642,6848
HILIC_572.616553_47.26116034,-0.6561566526968986,0.5156310174190868,0.9824083431236167,-0.08055392068621707,6849
HILIC_572.6627934_47.47774609,0.596234074035973,0.5545130361440589,0.9865304209500617,0.11825822972577558,6850
HILIC_572.8339036_58.66134952,-0.024753706912395163,0.9803794409169782,1,-0.010693585858448271,6851
HILIC_573.1136183_132.8075518,0.12156869647462665,0.9038737334387263,1,0.08039949143676316,6852
HILIC_573.4516599_21.69732235,2.3089931726924835,0.026409646754949372,0.4579201795426374,1.5838880896648508,6853
HILIC_573.7969139_46.77740918,2.2592830911798902,0.029613846802793824,0.4812722473631681,1.1889517085240253,6854
HILIC_573.9981627_37.45697802,1.9739704787079397,0.05560122758538511,0.6087075159347736,1.8802021499934976,6855
HILIC_574.0711907_75.07262323,-0.511787178044904,0.611726954521995,0.9928201179984223,-0.36629820376548544,6856
HILIC_574.1249531_98.09747258,1.1853666770867486,0.24314690684274679,0.8982469518214177,0.5096679773177668,6857
HILIC_574.4548915_21.86930739,1.6154744994140096,0.114385081625503,0.7411741635034088,1.9000001054479776,6858
HILIC_574.5117096_45.67340157,-0.6050804648521659,0.5486802677316807,0.9857989553982086,-0.25386556083201445,6859
HILIC_574.6018215_44.23591409,-1.9981161959126734,0.05281246550193428,0.5960372363759968,-0.767122586044231,6860
HILIC_574.6135863_47.3113701,-1.0303765553023565,0.3092713879229042,0.9421850854569164,-0.1321297991480632,6861
HILIC_574.6616283_47.37644769,-0.09139393866867503,0.9276540703093907,1,-0.050584632064632803,6862
HILIC_574.7032767_47.42165968,0.3061393161423211,0.7611501263214767,1,0.1446113048022927,6863
HILIC_574.7965527_46.71873818,-1.1934440522996475,0.24000738954935916,0.8961162212635817,-0.5045850344224202,6864
HILIC_574.831307_58.96207072,0.06051131760261817,0.9520618364436823,1,0.04006622476674409,6865
HILIC_574.9874482_50.5100069,-1.7552964334874794,0.08717385461810818,0.6965568326452342,-1.3998308664233452,6866
HILIC_575.4671357_21.67600683,1.5720551032761967,0.12413143859851179,0.7633864733503855,0.6830312591487447,6867
HILIC_575.5034911_25.35670188,0.4005717914463185,0.6909525640417211,0.9999159889500627,0.3012193791165931,6868
HILIC_575.794046_46.78548128,1.6537314595435268,0.10632477547743771,0.7270102455490702,0.9807311131778781,6869
HILIC_575.8437816_28.26056952,1.1995232372510132,0.23766418886210228,0.8932665963443939,1.0059834065104651,6870
HILIC_575.9563424_36.5161618,1.0297199639618813,0.30957563705398805,0.9421850854569164,1.0992227647641988,6871
HILIC_576.2159723_36.12511747,0.045865373194165365,0.9636549418720884,1,0.0392579451418685,6872
HILIC_576.47055_21.66420079,1.1927976483920821,0.24025753581029358,0.8961162212635817,0.7625690833032684,6873
HILIC_576.508362_43.7874836,0.27202451460577864,0.7870585791603244,1,0.09926149966102982,6874
HILIC_576.5554943_46.10171346,-0.4527471932494476,0.6532752019757124,0.9965858111391217,-0.14124681265639819,6875
HILIC_576.6109761_47.37512068,-0.6446070547353595,0.5230093014265413,0.9824083431236167,-0.07766858050003597,6876
HILIC_576.6519691_41.78816324,-0.8315644370476547,0.4107894943741931,0.9692624333173796,-0.5323334281565131,6877
HILIC_576.7006756_47.25534424,1.1439196089847101,0.25972879257833204,0.9110155930665823,0.48864646401317796,6878
HILIC_576.7286494_50.11405501,0.5589262979698727,0.5794530111327678,0.9913379189285378,0.4352482167755878,6879
HILIC_576.7911194_46.82262386,1.0413998640164237,0.3041941091384781,0.9402374180413365,0.41172318301034877,6880
HILIC_576.888585_49.9792384,1.1738707759611124,0.24766671230220927,0.9013193895014,0.9355575670502491,6881
HILIC_576.9151434_35.75510698,0.8301854049466432,0.411559064887293,0.96978156031432206,1.0155073954100873,6882
HILIC_576.9841348_50.49920177,-1.3378972366409918,0.18878940595553026,0.8493817236871323,-1.3505692958230378,6883
HILIC_577.0865491_115.003051,-0.6815055966330906,0.4996361098339567,0.9781047779839798,-0.4383675893306954,6884
HILIC_577.1313993_69.7268457,-1.0222013473860416,0.3130742391661235,0.9421850854569164,-1.0277830166536084,6885
HILIC_577.4825451_21.66159544,2.6425694512390767,0.011838116780507207,0.3157501097143773,1.1618888948788124,6886
HILIC_577.6930888_53.39900682,1.3912052731917302,0.1721612824526321,0.8326851500809265,0.6726996869103098,6887
HILIC_577.7911756_46.74193677,5.057705294345027,1.078562896874044e-5,0.02395189232850786,2.4804241278986527,6888
HILIC_577.8434651_40.95691958,-1.2525057780724966,0.2179503080075917,0.8743686367820893,-1.1367263893891022,6889
HILIC_578.3385074_27.74534263,0.03357439333057525,0.9733902310272444,1,0.045069985497541695,6890
HILIC_578.4863273_21.73951645,0.7603113306230709,0.4517057501588314,0.9750316892785739,0.5245496450994922,6891
HILIC_578.5541497_46.64144453,-1.0505223115833495,0.3000360911819188,0.9396681966123791,-0.1763944355410821,6892
HILIC_578.6079424_47.4441606,-0.08189944785414692,0.9351515302620126,1,-0.010991069437635788,6893
HILIC_578.6502745_41.84183022,-1.5114714738726969,0.13884429550300512,0.7820601419325246,-0.9877874892535138,6894
HILIC_578.6973971_47.46443043,1.2649646330876405,0.21349706328979487,0.8700201576306809,0.5667553145518448,6895
HILIC_578.7222659_50.12884572,0.6769659516518138,0.5024803173090873,0.9781047779839798,0.3308895677063865,6896
HILIC_578.7430613_47.4310734,-0.7008727035560918,0.48760251647833,0.9781047779839798,-0.7955266694223413,6897
HILIC_578.7878798_46.69681285,-0.7335122098575034,0.4676951730119726,0.9777549229263227,-0.35163257466761244,6898
HILIC_578.8825416_49.96371173,0.5870854644601409,0.5605780507159781,0.989922708511375,0.4676235242888671,6899
HILIC_578.9144581_30.68618981,0.7630124157833875,0.45011218226644034,0.9745894987688215,0.8029815155884977,6900
HILIC_579.044394_191.4870218,-1.53056498000459,0.13406364038253674,0.7732426627275885,-0.8528116048300517,6901
HILIC_579.0604137_65.86848942,-2.126522874188302,0.03993526123275889,0.5347244144365793,-1.5250869467783201,6902
HILIC_579.0608181_189.1918693,-1.1730761560567982,0.24798137469752962,0.9013193895014,-0.8885560377985037,6903
HILIC_579.6902373_53.48341824,0.49918398359134647,0.6204940537131787,0.9947980550876518,0.32583366758272014,6904
HILIC_579.7893878_46.53067022,1.588974257108479,0.12025629504184056,0.7563416341912984,0.9189879707881935,6905
HILIC_579.8418542_40.9665735,0.5187111892802103,0.6069348188948094,0.9928201179984223,0.3118297211819103,6906
HILIC_580.0654711_189.6487811,-2.487385364551101,0.017318541171460745,0.38159085806963294,-1.4444689328518974,6907
HILIC_580.0949017_108.8006389,1.5402295383181663,0.13169474101199544,0.7699545183289296,0.7484520872286075,6908
HILIC_580.2799613_35.15022944,-1.935754469795142e-15,0.9999999999999984,1,-6.19181409185924e-16,6909
HILIC_580.5516674_46.69468915,-0.4924588478810733,0.6251953738297318,0.9947980550876518,-0.08373843539757564,6910
HILIC_580.607037_47.40178638,-0.7215919306342252,0.47491079778855616,0.9781047779839798,-0.2230972131518447,6911
HILIC_580.6482957_46.93269029,-0.027095910212660602,0.9785233835897733,1,-0.006515022966516193,6912
HILIC_580.6944037_47.20524977,2.3454778320939753,0.024259758665898717,0.44186977315186204,1.235010257864565,6913
HILIC_580.7195458_50.15484639,2.3061592303567386,0.026583595141858547,0.4579201795426374,1.3309290892698762,6914
HILIC_580.7851781_46.75380436,-0.14383026742478985,0.8863856951652962,1,-0.07819520836226877,6915
HILIC_580.9043865_59.18697994,0.036656259703206746,0.9709487376838545,1,0.020938606265297185,6916
HILIC_580.9621858_60.29129599,-1.7631861345242315,0.08581556744476333,0.6962067550962847,-0.8795576953074231,6917
HILIC_581.0977118_95.30014678,0.7750497216028546,0.44305087278466715,0.9745894987688215,0.511084201767933,6918
HILIC_581.1629508_75.15200587,1.2204328547896968,0.22973294098255861,0.8867578631046673,0.9672602300700328,6919
HILIC_581.2387049_29.17797458,-0.7132799665806026,0.4799795942392824,0.9781047779839798,-0.6533407536842057,6920
HILIC_581.4133358_33.32317413,1.0595385463707396,0.29596535086986697,0.9385474409597132,0.6701456945246886,6921
HILIC_582.1661861_75.13997862,3.600885989583036,8.951968743046523e-4,0.08336832958281863,2.6511143808855286,6922
HILIC_582.1867165_27.13086565,-1.2102951640498383,0.23355351192907026,0.8879258919320564,-1.071976406080713,6923
HILIC_582.2956332_35.25118582,-0.6731799833653037,0.504859115855324,0.9781047779839798,-0.46588702836074763,6924
HILIC_582.501928_54.2835718,-0.35065846601742423,0.72775852769445315,1,-0.27899612580131855,6925
HILIC_582.5493238_46.82205236,-0.7542045839661045,0.4553207665743615,0.9753792522951469,-0.12763470200476756,6926
HILIC_582.6455269_47.16649197,0.7656894800379557,0.4485360579299359,0.9745894987688215,0.13295564121235898,6927
HILIC_582.6913827_47.0811169,-0.09294130400693905,0.926432785222083,1,-0.048943005025977024,6928
HILIC_582.7165547_50.00328791,1.7666627506573336,0.0852227005665933,0.6959761542836904,1.307081070132653,6929
HILIC_582.7380213_51.41633295,-0.491807210363228,0.6256517597055206,0.9947980550876518,-0.4831562600691003,6930
HILIC_582.8628561_58.81912816,-0.18576757933661364,0.8536035871710378,1,-0.1198423311255458,6931
HILIC_582.9007377_171.6894796,0.15176321058098544,0.8801672111714332,1,0.034424132432316575,6932
HILIC_582.9990604_175.1406689,-0.8969474854489005,0.3753287978734109,0.9637531830220828,-0.12537176240085166,6933
HILIC_583.2550949_24.04591943,0.7667149179699998,0.4479331940052952,0.9745894987688215,0.3411928060845019,6934
HILIC_583.2985616_34.94839917,-0.7611854991913779,0.4511896514669408,0.9745894987688215,-0.7996118856539303,6935
HILIC_583.3525558_21.56086211,-1.1815608237498283,0.2446365231439552,0.8996922218064325,-1.2723479445507002,6936
HILIC_583.6305228_53.62105762,1.2996548368800094,0.20145752048933332,0.8636226484729774,0.5562687204109092,6937
HILIC_583.9337258_58.36867263,0.3802679087506554,0.7058391947422551,0.9999159889500627,0.4016299236152173,6938
HILIC_583.9658057_60.45518096,1.5725746116545039,0.12401096156748061,0.7633864733503855,1.2476994096382985,6939
HILIC_584.1180686_111.6362848,1.389511229185727,0.17267159285069603,0.8326851500809265,1.2721449818337198,6940
HILIC_584.2616103_22.83984522,1.2177563165174323,0.23073712533053964,0.8875782173548652,0.7014666818664035,6941
HILIC_584.3116903_35.88299876,0.720724363120686,0.4754384258400557,0.9781047779839798,0.257537254424871,6942
HILIC_584.35676_28.30886214,-0.41232342350497775,0.6823923238475924,0.9999159889500627,-0.3597581113745541,6943
HILIC_584.547297_47.04473862,-0.8165952061492907,0.41919055293401575,0.9716822081080376,-0.16090199023666665,6944
HILIC_584.6426052_47.13826739,-0.3292553288640159,0.7437495682199136,1,-0.05872179590479707,6945
HILIC_584.7314195_47.81722408,0.5472072378730846,0.5873986399787325,0.9913379189285378,0.1383360572997158,6946
HILIC_584.8607804_51.38808856,0.7391302224168809,0.4643164669128912,0.977038339924947,0.5532329317091945,6947
HILIC_584.9859719_62.30063259,-0.5553566020361466,0.5818677401965329,0.9913379189285378,-0.38183032066932865,6948
HILIC_585.016047_62.40894177,-3.1636556431642298,0.0030407349072427946,0.1606161091563333,-1.9999825118858325,6949
HILIC_585.1012773_69.69304041,1.1472108709010487,0.2583829941446692,0.9097258713609936,0.9742819733642848,6950
HILIC_585.2152823_36.26192882,1.319724209357651,0.1947311944267202,0.8531731946205443,1.0481905846554547,6951
HILIC_585.2710857_22.38021743,1.5928500417787854,0.11938258784181309,0.7550496652242475,0.7779133449823362,6952
HILIC_585.6275352_53.77141263,1.053646763141133,0.2986210602832306,0.9392065779878984,0.3584320912338247,6953
HILIC_585.6809612_291.0154861,0.6717528442960472,0.5057574140448272,0.9781047779839798,0.4836753821347577,6954
HILIC_586.0334353_189.0282229,-0.8960239924356108,0.3758155846209086,0.9637531830220828,-0.8279679815064409,6955
HILIC_586.2742575_22.32670589,1.7825368205370815,0.08255926381699973,0.6948552844377854,0.8260116249605691,6956
HILIC_586.5505402_47.64525555,-1.5477144637849267,0.12988335926655312,0.7695072627505222,-0.7701012257669826,6957
HILIC_586.5825163_44.42288077,-0.6982769698339816,0.48920586511673414,0.9781047779839798,-0.1503255238578168,6958
HILIC_586.6397414_47.19237928,1.3895652997187895,0.17265528660844262,0.8326851500809265,0.2627992525971256,6959
HILIC_586.7287191_47.71991842,0.7215739232814854,0.474921745913816,0.9781047779839798,0.23531119607773765,6960
HILIC_587.0366065_189.1643048,0.12799926037510476,0.8988166921766216,1,0.10903652548678164,6961
HILIC_587.2775472_22.399463,1.6537306860936947,0.10632493357933316,0.7270102455490702,1.0819549943781368,6962
HILIC_588.0400735_189.3701365,0.20515187626441383,0.8385356960989186,1,0.10341510668430827,6963
HILIC_588.2801615_22.21843821,0.5493755134143179,0.5859245832129338,0.9913379189285378,0.5598240737330413,6964
HILIC_588.5825679_45.24197023,-0.16795207023951506,0.8675012935888562,1,-0.024102789794005028,6965
HILIC_588.6368805_47.03783512,0.7394286645320365,0.46413737783323994,0.977038339924947,0.29342446659382704,6966
HILIC_588.7259984_47.50036851,1.5822656114670994,0.12178089784423698,0.7602330485297332,0.7234607812137068,6967
HILIC_588.7812487_49.90517601,-2.2063199919126637,0.03340589097112678,0.4996956656890978,-1.8303321130661363,6968
HILIC_588.8143451_250.4059789,0.13622929641235018,0.8923507871197265,1,0.100232610119819,6969
HILIC_589.096934_95.69449656,-0.4363285204834481,0.6650386916822865,0.9978767801948073,-0.3621879907919641,6970
HILIC_589.1447057_107.7115686,0.7046828068738765,0.48525441729087326,0.9781047779839798,0.6059227131259702,6971
HILIC_589.302105_23.59466982,0.49536574496181496,0.6231612975420657,0.9947980550876518,0.6120702969060576,6972
HILIC_589.9707297_30.61506341,-0.0973092436296588,0.922986294438918,1,-0.07469421192580154,6973
HILIC_590.0853451_104.7100759,1.7912938477293179,0.081120210988692,0.6939617698381066,0.9180834428411355,6974
HILIC_590.3063772_23.68190118,-0.40738458308663916,0.6859848310629446,0.9999159889500627,-0.48235258631112565,6975
HILIC_590.5802599_45.34570969,-1.0108217077536668,0.31842076304397376,0.946711434633586,-0.14896093277547254,6976
HILIC_590.682193_47.25022032,0.45595798264010695,0.6509850810181511,0.9965858111391217,0.15761512758987475,6977
HILIC_590.7230891_46.89747794,0.7926794679921055,0.432828582748355,0.9742203846590763,0.3584347596625577,6978
HILIC_590.778143_49.93416136,-1.8011573212752268,0.07952473246847785,0.6911349530212022,-1.2536140782978236,6979
HILIC_590.9660039_42.7282219,-0.301041197878083,0.7650050550200886,1,-0.4612671727414012,6980
HILIC_591.3178098_23.43177751,0.009554157181560448,0.9924264021629488,1,0.009621197399396998,6981
HILIC_591.3575416_26.89259139,-0.6982617267451385,0.48921528926996616,0.9781047779839798,-0.8489429582884798,6982
HILIC_591.4620235_21.71339689,1.1543084057488089,0.25549792669156,0.9079932673140159,0.9964577331385084,6983
HILIC_591.5633253_112.3814667,0.2747082569261795,0.7850110777005491,1,0.19595198601931077,6984
HILIC_591.9695215_37.76274488,1.257284694611185,0.2162340128589297,0.8728105295437921,1.1938587674608565,6985
HILIC_592.0846261_107.4887172,1.1488907344635273,0.2576980369962372,0.9092796133090685,0.8970368281478748,6986
HILIC_592.2104383_39.77253343,1.3494149850324533,0.18509616320878153,0.8467345678477594,1.2090134045206051,6987
HILIC_592.3209828_23.82036582,-0.22715094169825478,0.821509823614134,1,-0.2855440111926392,6988
HILIC_592.370874_27.44652347,0.5414776500281807,0.5913023420182595,0.9919344024228657,0.20314623311029845,6989
HILIC_592.5381807_47.55599225,-0.3256456358135732,0.7464580819586173,1,-0.22680845012421266,6990
HILIC_592.5780486_45.47291796,-0.31994156763601733,0.7507447312427504,1,-0.05559996994478376,6991
HILIC_592.6744313_47.08391237,0.08996216165194888,0.9287842831848037,1,0.034357395968524246,6992
HILIC_592.6992225_50.8132917,0.9477169938845877,0.34919212782953557,0.9574386235069654,0.5472230172359929,6993
HILIC_592.7627156_47.73497181,-0.38612049106072643,0.7015357992939352,0.9999159889500627,-0.17126315770926057,6994
HILIC_592.774948_49.74002364,-1.9593422916057202,0.05735205113631657,0.6133199145431344,-1.323508014590881,6995
HILIC_592.8585253_51.66328962,2.3773976869501166,0.022509558437280416,0.4250302440500906,1.5215453865982465,6996
HILIC_592.9579685_50.91419776,-1.3150975070285948,0.19626646608224535,0.85722836001277,-1.722624359101049,6997
HILIC_593.1577627_284.491383,0.8367100713495742,0.407925816996374,0.9676316311691489,0.3821464575870283,6998
HILIC_593.3331705_23.73189112,-0.2827770130847499,0.7788645618521404,1,-0.3457650778612532,6999
HILIC_593.4776572_21.68086994,2.0688535908490455,0.04533077232844151,0.5576714434454315,1.3200695185790112,7000
HILIC_593.6668367_53.33694821,0.5982005016317324,0.5532137733884135,0.9860436101579279,0.47595518205526477,7001
HILIC_594.3368621_23.76298554,0.18214738972502958,0.8564239928711478,1,0.24296806360111373,7002
HILIC_594.4811951_21.78862359,0.41273770504523355,0.6820913142491705,0.9999159889500627,0.33508138481768773,7003
HILIC_594.5354613_50.25784259,0.0025449739339298482,0.9979825652612868,1,0.0014611471152496903,7004
HILIC_594.5704019_43.98933364,0.11229804204248343,0.9111713263954316,1,0.0334064901767043,7005
HILIC_594.5817583_46.20093523,-0.6164016580608591,0.5412619666171452,0.9844101439284977,-0.3478692085711829,7006
HILIC_594.6635949_46.20023966,-0.4025315868155566,0.6895220959919519,0.9999159889500627,-0.1777289011650611,7007
HILIC_594.6790085_46.92627632,0.40501981791743835,0.6877075802067156,0.9999159889500627,0.19153013720669812,7008
HILIC_594.6962782_50.80884664,1.7335525163035215,0.09101087629411587,0.704672679438423,1.2677270077050853,7009
HILIC_594.7654675_48.13502482,-0.5392764808632283,0.592805338928355,0.9920080820797249,-0.30705765101606086,7010
HILIC_594.8542715_53.15924508,1.839655691485128,0.07354886772759252,0.6716828542500342,0.8331664173897406,7011
HILIC_595.025832_188.7551613,-2.029148535845925,0.04940730831146903,0.5779514620798052,-1.0283654449374342,7012
HILIC_595.1094361_98.20615736,-0.14120802959310508,0.8884428379874605,1,-0.09251260840037517,7013
HILIC_595.1786884_74.40505767,-0.054125602573234406,0.9571153504850731,1,-0.03819291001672414,7014
HILIC_595.2517679_121.137456,1.4406917681287583,0.15776595568681312,0.817448273034246,0.7493748634752623,7015
HILIC_595.3477994_23.79263186,-0.05120226520010148,0.959429425968407,1,-0.07168114150226274,7016
HILIC_595.4933796_21.71125315,2.0642319980355666,0.04578961969723955,0.5592173406365568,1.3419002652618677,7017
HILIC_595.6642043_52.84817056,1.204274049065596,0.2358447282171681,0.8897984342679421,1.0917895578249655,7018
HILIC_596.0302886_188.9251232,-0.37055137953675865,0.713005325424148,1,-0.34174841480195717,7019
HILIC_596.1199795_42.09247533,0.6757737033488838,0.503228765310256,0.9781047779839798,0.5721741259998225,7020
HILIC_596.3522213_23.85606383,-0.28224171360975264,0.7792718955020947,1,-0.38317788167555217,7021
HILIC_596.4967978_22.1588381,1.5038904067166576,0.14077990575690297,0.7853878975287449,1.0672515162867202,7022
HILIC_596.53255_50.70456125,-0.7392583103465872,0.46423959903955114,0.977038339924947,-0.3692713564421961,7023
HILIC_596.6091074_43.91648128,0.48059335931333313,0.6335288226956493,0.9947980550876518,0.15982485894800813,7024
HILIC_596.6673765_46.93488588,0.2817392933754487,0.779654267177921,1,0.12414975690345809,7025
HILIC_596.6933076_50.77003695,2.5284814446927015,0.015677193470283908,0.3616574293952426,1.7865573434299855,7026
HILIC_596.7155677_51.30424884,0.8969807033072993,0.37531129579833955,0.9637531830220828,0.5156149003965153,7027
HILIC_596.7587658_47.65659059,-1.5619409757982423,0.126495928895014,0.7652102591223218,-1.1201162671281004,7028
HILIC_596.9863604_50.34967172,-0.9618621872958747,0.3421291006210313,0.9550137755006265,-0.6841116513851021,7029
HILIC_597.3625791_24.21258355,-0.0834439093011148,0.933931498643182,1,-0.11463876578168389,7030
HILIC_597.4490957_21.54896465,0.505313504519574,0.6162230947529809,0.9935055386400015,0.33983525997914527,7031
HILIC_597.8592364_27.96323271,-0.6140300261373958,0.5428116768511911,0.9844101439284977,-0.6356820681589143,7032
HILIC_598.3687258_24.31187458,-0.13321552360001587,0.8947177104153012,1,-0.1981775689543425,7033
HILIC_598.5296668_50.63966381,0.6955239360079951,0.4909095961072527,0.9781047779839798,0.35860585559770264,7034
HILIC_598.6102633_44.77374365,-0.5061190240486149,0.6156628189730031,0.9931667617408494,-0.0787516681894003,7035
HILIC_598.711808_51.76094746,-0.8450956085315319,0.40328562179341354,0.9669701703160376,-0.9419871500779463,7036
HILIC_598.7546913_46.73768226,-0.47291255105455365,0.6389492317076583,0.9955023063019077,-0.25072241691352093,7037
HILIC_598.9659911_63.56833269,-0.7227797673830407,0.4741889339503774,0.9781047779839798,-0.5869171754206738,7038
HILIC_598.9842477_50.39381121,-1.5638657998467582,0.1260431544408892,0.7651228579081798,-1.0175507857117558,7039
HILIC_599.0570108_95.98616601,1.488980409468693,0.14464961452815206,0.791644336233801,1.1365103312932276,7040
HILIC_599.2502492_23.92457429,0.1766231398644909,0.8607314709370202,1,0.09087335460394938,7041
HILIC_599.3740892_24.53429339,0.22420998750641893,0.8237810736464322,1,0.15948114046896764,7042
HILIC_599.4394286_31.42742907,-8.572331397304753e-15,0.9999999999999932,1,-7.925530454380152e-16,7043
HILIC_599.5025758_21.54342867,-0.28297835481533345,0.7787113681282517,1,-0.3276087135550702,7044
HILIC_599.604385_54.00341019,-0.03509422315136165,0.9721861688351608,1,-0.018108123706193427,7045
HILIC_599.9020635_60.64004914,-0.09690355661551106,0.9233063365461042,1,-0.03140605900917748,7046
HILIC_600.3465829_23.39592253,1.9635952060916455,0.05683817861848991,0.6133199145431344,1.358590843207937,7047
HILIC_600.5269514_49.55668663,0.4190613766129601,0.6775031979316297,0.9996367449012522,0.2366784471198547,7048
HILIC_600.6081617_44.89244374,-0.8367736066319618,0.4078905354218475,0.9676316311691489,-0.13085188508467616,7049
HILIC_600.7035581_47.80032028,-0.02162790000274889,0.9828566278565887,1,-0.007662224273417682,7050
HILIC_600.80761_49.59852142,-2.0664687366266747,0.0455670433720244,0.5583917717429824,-1.6112344358371111,7051
HILIC_601.0412058_49.75794081,0.3399603124012354,0.7357366189810322,1,0.3962878302093206,7052
HILIC_601.0750296_69.65572095,1.7046415071316983,0.09633025919140466,0.7138435716495127,0.8539036468314863,7053
HILIC_601.5194193_22.11752325,0.4025327805495949,0.6895212250280507,0.9999159889500627,0.3225488467511454,7054
HILIC_601.6018186_54.04625717,-0.7612418297296238,0.45115640648822086,0.9745894987688215,-0.08333333333333375,7055
HILIC_601.8988915_59.48012251,-0.6737857390347848,0.5044780934816883,0.9781047779839798,-0.4405336769492117,7056
HILIC_602.0634278_129.3001594,0.47137214905106667,0.6400387362611071,0.9955023063019077,0.4944434376557322,7057
HILIC_602.2734179_26.14035647,-1.2313203491452998,0.22568146823872123,0.8815156305396098,-0.8531522324308118,7058
HILIC_602.5242162_42.0095434,1.3748419686930518,0.17713981595163483,0.8394770765008094,0.9523270033527317,7059
HILIC_602.5494526_116.0727906,-0.4015474510180536,0.6902402796758174,0.9999159889500627,-0.1931365203691584,7060
HILIC_602.5626855_44.77657494,-0.5831770727452277,0.5631792403235989,0.9905491739477441,-0.29701550868191645,7061
HILIC_602.575401_47.88789275,-0.6639118811773491,0.5107083906250707,0.9804752311768129,-0.14250266094879482,7062
HILIC_602.6018743_44.13563421,-0.2860286125302919,0.7763916326409324,1,-0.10874297613367095,7063
HILIC_602.6134528_46.45972043,-0.24971749804743448,0.8041351624439683,1,-0.08189129327494094,7064
HILIC_602.700284_47.55634948,1.385414648477061,0.17391049710206394,0.8344941690511375,0.4694558680379576,7065
HILIC_602.948691_61.61074343,-2.1960446622728114,0.0341897250023809,0.5048831476813758,-1.5766499122682776,7066
HILIC_603.081731_58.57244224,0.17391299867774945,0.8628462604409067,1,0.1684156619129048,7067
HILIC_603.1433913_73.95136166,1.6999287974079127,0.09722140734398749,0.7170649339784242,0.8445811158943887,7068
HILIC_603.5132143_291.5035888,0.7082585712038433,0.4830565377360355,0.9781047779839798,0.3818081480525418,7069
HILIC_603.6823479_292.8180861,-0.3969113772647196,0.6936273958830994,0.9999159889500627,-0.18234822747436208,7070
HILIC_603.8727119_291.7130762,0.26404438759455423,0.7931558314285971,1,0.272188095833963,7071
HILIC_603.9637127_291.8274835,0.5654399535536543,0.5750594721538078,0.9913379189285378,0.49142649943339894,7072
HILIC_604.0524757_158.9682105,1.9585501771790335,0.05744820327709612,0.6133199145431344,1.3790804626903026,7073
HILIC_604.3520634_27.42621215,1.5641347787080506,0.12597998741227812,0.7651222443061139,1.196791636781693,7074
HILIC_604.5599266_44.75753672,-1.1140911844658394,0.2721559522693181,0.920680740314505,-0.48986217520047176,7075
HILIC_604.5720557_47.93995229,-1.1799326254890392,0.245275831702993,0.9001470068962557,-0.25186156362090184,7076
HILIC_604.6990736_47.4927321,-0.29445061256692434,0.7699974770763569,1,-0.1294790956465069,7077
HILIC_604.7551854_50.38521629,-2.378511273146877,0.02245061128384804,0.4244273204202801,-1.9485517824848764,7078
HILIC_604.9156874_50.38598847,-1.0591438199750483,0.2961427578893355,0.9385474409597132,-0.7967105561269219,7079
HILIC_606.1904119_34.8204553,0.26466493296358845,0.7926812238689631,1,0.29455606245291016,7080
HILIC_606.2955819_34.87144814,0.7448280816250463,0.46090420745558314,0.9755657681934743,0.37420436248446093,7081
HILIC_606.3711728_27.48712651,0.14967966824693082,0.8817997336317092,1,0.1524491511834824,7082
HILIC_606.5686251_47.82302517,-1.046207558959471,0.30199782541585013,0.9397496500337139,-0.2315828510114671,7083
HILIC_606.6297492_43.8300085,0.2487304029944328,0.804893126142502,1,0.09473382678088496,7084
HILIC_606.7520787_50.3745902,-2.865571202753046,0.006714375516581567,0.2453027464037622,-1.8228696924180317,7085
HILIC_606.8735844_28.92366119,0.9133096754752653,0.36677126732539034,0.9637531830220828,0.9901733293574608,7086
HILIC_606.913235_47.5625367,-2.2394856872023015,0.030983823122134796,0.4882619706104048,-1.8802329195212157,7087
HILIC_607.1512219_129.6760863,-0.8410093237653316,0.4055426778680892,0.9672616821631036,-0.6731775792765311,7088
HILIC_607.3764135_28.3417813,1.8069578810426297,0.0785988952307624,0.6896168250598674,2.1250788198140067,7089
HILIC_608.1563535_130.7735575,0.28119740353502654,0.7800667396929964,1,0.17910621980497646,7090
HILIC_608.3120523_33.24586992,1.0471342052782038,0.3015757724007575,0.9396681966123791,1.1176247236773857,7091
HILIC_608.3853295_26.72126385,-0.036673697849694556,0.9709349237473168,1,-0.054213645334468895,7092
HILIC_608.511095_47.23901624,-1.7131672651389327,0.09473534561275748,0.7121317722762723,-1.5568208669488128,7093
HILIC_608.5657064_47.87911149,-0.9488730497693546,0.34861129482257447,0.9574386235069654,-0.20681628151822498,7094
HILIC_608.635215_44.06576721,1.1122999533840399,0.2729154661676096,0.921156449947854,0.4822975731288168,7095
HILIC_608.6457114_46.76595591,1.7802643537285543,0.08293619662433792,0.6948552844377854,0.6076770173724999,7096
HILIC_608.7493495_50.4287448,-2.0746953575700258,0.04475654856185532,0.553952760997725,-1.4468877270596394,7097
HILIC_608.8314024_53.89906731,2.1903299871867965,0.034632690399818596,0.5051806556928042,1.2419088910241753,7098
HILIC_609.0170846_187.6367559,0.017138607531230105,0.9864146648346066,1,0.010007738700591256,7099
HILIC_609.0350864_42.10734106,-0.40865649977997076,0.68505893057925,0.9999159889500627,-0.2887513416250478,7100
HILIC_609.1468142_93.00956614,0.10403911081044952,0.91767910600985525,1,0.030332696531047733,7101
HILIC_609.1935526_71.07180408,0.685678576926595,0.49702948324964713,0.9781047779839798,0.32326371951069555,7102
HILIC_609.2669078_119.4641832,0.8877827338658112,0.38017759908004145,0.9638726330536317,0.6569814791352422,7103
HILIC_609.3253534_25.38745489,-0.8611655766491544,0.39448549082308026,0.9669701703160376,-0.44975011896589606,7104
HILIC_609.3880028_26.77962673,-0.04984383072225276,0.9605048670356501,1,-0.04765360992279489,7105
HILIC_609.3978029_30.95927424,-0.4664602129716181,0.6435182608484162,0.9955023063019077,-0.5091326632393242,7106
HILIC_609.9307142_60.81882233,-0.8986494369301689,0.3744327353963708,0.9637531830220828,-0.3697172018803882,7107
HILIC_610.0193273_190.4840833,0.8152050838883093,0.41997601637206705,0.9716822081080376,0.5275277083299734,7108
HILIC_610.150086_95.61103555,1.2771040743828082,0.20922397358638473,0.8683661493536527,0.5386383473485447,7109
HILIC_610.1839446_278.8277205,0.28429703515724924,0.7777082526005088,1,0.08301327792916437,7110
HILIC_610.1844995_19.01521225,0.2082962456083309,0.8360971318272881,1,0.1614747219529723,7111
HILIC_610.2240948_29.10213335,0.39699171656244914,0.6935686455245049,0.9999159889500627,0.20928443273953468,7112
HILIC_610.2496419_26.69108393,-0.2253576210233654,0.8228945916710467,1,-0.26043078681667037,7113
HILIC_610.5633078_47.96721927,-1.0334716897737617,0.3078399413123865,0.9421850854569164,-0.21365644609460455,7114
HILIC_610.6416492_46.97906828,1.1495767447369585,0.25741869603170886,0.909076957469324,0.43290573846029334,7115
HILIC_610.6703586_50.4797571,-1.2263354568495868,0.22752982850412573,0.8840256380508829,-0.8925426829888463,7116
HILIC_610.7211562_39.774429,0.5296310917837357,0.599412747187603,0.9927179766037689,0.23026086790191327,7117
HILIC_610.7307969_47.9306246,-1.0050899759058087,0.3211371241517937,0.9493072090184895,-0.34856968465761784,7118
HILIC_610.7471762_50.08188722,-2.207496833425434,0.03331714527770577,0.4996956656890978,-1.5627953342969307,7119
HILIC_610.7773098_49.72452191,-0.16818261911274432,0.867321162468574,1,-0.1040653014724834,7120
HILIC_610.827979_56.64494635,0.7968659514780253,0.4304221260680995,0.9742203846590763,0.4705476566822202,7121
HILIC_610.9334126_59.54091508,-1.355351421824288,0.1832144251818307,0.8460463584863603,-0.6281420222320203,7122
HILIC_611.1385634_38.97351144,0.09166537721133429,0.927439819805714,1,0.07617802273284437,7123
HILIC_611.155682_84.68307163,0.9033820621348669,0.37194828480020925,0.9637531830220828,0.7714414581177939,7124
HILIC_611.1846121_285.292408,-0.9172122291457656,0.36474902220864147,0.9637531830220828,-0.6619460799567278,7125
HILIC_611.1997283_72.88304078,2.378576484143458,0.022447163696744845,0.4244273204202801,1.8006350940780895,7126
HILIC_611.227578_28.93387242,-0.1665327037706405,0.8686104220137308,1,-0.12604329892812155,7127
HILIC_611.2530252_26.72801208,0.10960146721587172,0.9132954845528617,1,0.14534624103483504,7128
HILIC_611.3532995_27.86504898,-0.45480577333638195,0.6518065111026579,0.9965858111391217,-0.35260589471415754,7129
HILIC_612.2552888_26.73583011,0.644748409746625,0.5229186595004616,0.9824083431236167,0.8217730483532373,7130
HILIC_612.5605899_48.05448757,-1.257454831942966,0.21617309684935526,0.8728105295437921,-0.2611323141697442,7131
HILIC_612.6044297_47.60071538,0.5489129737633713,0.5862388813838391,0.9913379189285378,0.06428696774096454,7132
HILIC_612.667409_51.76838855,-2.067162432389698,0.04549820692962045,0.5581383314453408,-1.2116258384564318,7133
HILIC_612.7288992_47.84993771,1.4441265531570147,0.15680303993449166,0.8159575214875335,0.4632525782413358,7134
HILIC_612.775889_49.59939421,-0.3384786011149815,0.736843960343864,1,-0.297943266777955,7135
HILIC_613.260443_28.38189478,-1.037297815747199,0.3060767311205639,0.9402552690465503,-0.9843721571119922,7136
HILIC_613.3359043_26.7331485,0.8986612569067305,0.3744265170941219,0.9637531830220828,0.6532968894327512,7137
HILIC_613.8047688_41.25208244,0.18318180352624908,0.8556179088726366,1,0.12006954209543877,7138
HILIC_614.1014857_136.0295241,0.10160675268593851,0.91959684218607185,1,0.06740636100054899,7139
HILIC_614.5578787_47.90761973,-0.8712624172166112,0.3890185660956047,0.9669701703160376,-0.1916723783509748,7140
HILIC_614.6010643_47.56512053,0.5673227117868616,0.5737925853782827,0.9913379189285378,0.06672726986080779,7141
HILIC_614.7725864_49.59770573,-1.485754195068819,0.145497988948691,0.7936713216610888,-1.4633624103896896,7142
HILIC_614.8182787_58.32547942,0.005725712556051355,0.9954611718032581,1,0.0014429896555311556,7143
HILIC_615.1379307_53.23118703,2.6904172263845925,0.01050258113030752,0.29773226390698754,1.6667110139539603,7144
HILIC_615.2450827_23.63832385,0.30778166744666524,0.7599095726560235,1,0.4307746815861422,7145
HILIC_615.4595317_21.85895929,0.8952921321521565,0.37620164659529987,0.9637531830220828,0.7548808761525555,7146
HILIC_615.5011443_20.8541502,-0.1829255958945588,0.8558175483375365,1,-0.23045864476818947,7147
HILIC_616.3904869_26.85777066,0.781283781320645,0.4394198684416175,0.9745124110909839,0.7872720693306496,7148
HILIC_616.5006514_48.93284981,0.06670913418884558,0.9471589344845641,1,0.03940394753290393,7149
HILIC_616.5548874_48.20696049,-1.1245397306767146,0.2677555525258361,0.9178662851663434,-0.822364614557019,7150
HILIC_616.5982074_47.65163144,0.5416590273958282,0.5911785755969335,0.9919344024228657,0.0652411846746174,7151
HILIC_616.6665024_43.84494754,0.16937041677374373,0.8663932329183363,1,0.0917510506922091,7152
HILIC_616.7649335_49.62082119,-0.8584417187320228,0.3959685573815638,0.9669701703160376,-0.6488103046057789,7153
HILIC_616.8154048_58.43864429,-0.2808058564229402,0.7803648152749214,1,-0.12898608401349843,7154
HILIC_616.8544603_40.94303613,-0.7447661741912105,0.4609412033186977,0.9755657681934743,-0.5882725955157047,7155
HILIC_617.0268527_61.06978481,-0.40785483725978167,0.6856424491227431,0.9999159889500627,-0.4344936816473874,7156
HILIC_617.1606936_74.46786351,1.3783994686684289,0.1760480690680682,0.8365744600905479,1.1145625586362697,7157
HILIC_617.4753142_21.79570238,0.8876401141236122,0.3802533698896242,0.9638726330536317,0.7194796180816176,7158
HILIC_618.0476736_92.80410667,0.883458284046031,0.38247937281060285,0.9638726330536317,0.6653432199341095,7159
HILIC_618.097099_94.92562578,1.7924023740957074,0.08093956324472998,0.6939617698381066,1.6730975112779105,7160
HILIC_618.2569841_38.36158209,-0.07058817976165291,0.9440913865729037,1,-0.027558029910380748,7161
HILIC_618.4982602_47.12179977,0.8846172997331784,0.3818615944363023,0.9638726330536317,0.6271529263230174,7162
HILIC_618.5187299_21.1176094,0.6747543597850532,0.5038691553898437,0.9781047779839798,0.3360617430396743,7163
HILIC_618.5491047_47.83095493,-0.41832929363584703,0.6780337261644647,0.9996367449012522,-0.09260557642243249,7164
HILIC_618.5951893_47.58626936,0.6937203812297975,0.49202753069984273,0.9781047779839798,0.08392480297808774,7165
HILIC_618.6587883_43.33607367,-0.4469564130433163,0.6574141049333411,0.9965858111391217,-0.21998400945336585,7166
HILIC_618.6729599_48.63635406,0.6257974396242072,0.5351450783882756,0.9833164118236528,0.41140697211095995,7167
HILIC_618.7098205_49.14871478,-0.4520782729606304,0.6537527432595749,0.9965858111391217,-0.3459701161580533,7168
HILIC_618.9229457_63.19482004,-0.7908645199342155,0.4338743536329296,0.9742203846590763,-0.4625786854237088,7169
HILIC_619.1545194_27.1186854,-1.0626212561785622,0.29458239209962833,0.9376759613868909,-0.8760922213555055,7170
HILIC_619.4908829_21.61574758,2.98528888291418,0.004906519687288492,0.21527194619442977,2.309748411306792,7171
HILIC_619.8709565_28.05484523,0.678414240286568,0.5015719605893401,0.9781047779839798,0.5055039502912261,7172
HILIC_620.5459863_47.82369734,-0.9377840274390287,0.35420901368557645,0.9588670540445742,-0.19950987566128248,7173
HILIC_620.5921488_47.72294096,0.6736968250576635,0.5045340108043712,0.9781047779839798,0.08188793094156704,7174
HILIC_620.6654926_44.13991549,-0.9439286913525369,0.35109994422606905,0.9578247927857968,-0.909950271335559,7175
HILIC_620.7069192_49.11576502,0.10323727150539448,0.9183112431252654,1,0.049990286889592304,7176
HILIC_620.7291193_51.08468387,-2.3820889230192144,0.02226217258201743,0.4244273204202801,-1.8642649089882928,7177
HILIC_621.0771535_116.3075812,-0.25034890075086796,0.8036504256241086,1,-0.12856543588646696,7178
HILIC_622.1667415_27.04628314,0.03616592266022966,0.9713371705483136,1,0.02550276874880488,7179
HILIC_622.4397934_39.86918992,-1.2665152070344659,0.21294764110418796,0.8700201576306809,-0.7745808411406054,7180
HILIC_622.5299776_44.41661348,-0.07277077665099654,0.9423657654428198,1,-0.024719618509280266,7181
HILIC_622.5431733_47.9013625,-0.9029258323268821,0.37218732465210413,0.9637531830220828,-0.19833868035215702,7182
HILIC_622.5895329_47.71397905,0.7365139726091683,0.46588813575237775,0.9771832593684718,0.09255454929247532,7183
HILIC_622.6328169_47.4526643,0.39853754777655376,0.6924385864381679,0.9999159889500627,0.08300338230594383,7184
HILIC_622.7041381_49.0963858,0.40862710727186624,0.6850803215141241,0.9999159889500627,0.260767139534819,7185
HILIC_622.7260799_51.12570781,-2.1141147135053697,0.04104587145451707,0.5355736217196537,-1.5302929280723394,7186
HILIC_622.8054198_49.26163175,-0.3532880860875349,0.7258021489525923,1,-0.26276209939455086,7187
HILIC_622.9661362_61.68850472,0.26127341894981465,0.7952761023083381,1,0.15022154997906695,7188
HILIC_623.1330913_176.5109821,1.1128420904307443,0.27268543153774805,0.9211190340094966,0.2694487814844087,7189
HILIC_623.1710036_33.69760493,-0.6792632770539069,0.5010398709919284,0.9781047779839798,-0.5786537278368761,7190
HILIC_623.4374474_27.65414862,-0.9442228710080575,0.3509515477821553,0.9578247927857968,-0.5184650060275745,7191
HILIC_623.9466142_59.94182788,0.9100229712617893,0.3684800136139297,0.9637531830220828,0.5812846288671161,7192
HILIC_624.0088478_63.22577608,-2.3755369738214953,0.022608366412168422,0.4253621992037915,-1.8705734462725452,7193
HILIC_624.0590263_92.76235616,0.4262745911607449,0.6722848262783083,0.9996367449012522,0.193420101984084,7194
HILIC_624.5277956_44.35846331,-1.744584984389963,0.08904674994321557,0.7001623831871454,-0.6513335989334338,7195
HILIC_624.5403628_47.90903761,-1.2533693356475968,0.21763941967374412,0.8742304482420148,-0.2604393750982844,7196
HILIC_624.5887027_47.6934748,-2.9994966888572936,0.0047252945880511075,0.212098222795094,-0.9235550205529487,7197
HILIC_624.6299853_47.33914292,0.7189495781583781,0.47651883641001613,0.9781047779839798,0.13542709964165056,7198
HILIC_624.7011294_49.12795457,1.2492411041965596,0.21912861751858848,0.8764295700285223,0.9343542934892456,7199
HILIC_624.7232698_51.23530824,-2.3215735743388985,0.0256497329868368,0.45178111371304214,-1.8204094804562945,7200
HILIC_624.8035801_49.89833664,-1.1834890783361618,0.24388097152118948,0.8989435781740478,-0.9077160528446105,7201
HILIC_624.8471352_58.71334036,-0.7748147087592328,0.4431881029543846,0.9745894987688215,-0.14072712364561846,7202
HILIC_625.8506283_58.8858532,-0.8448092561316277,0.40344353304762504,0.9669701703160376,-0.1644060234957564,7203
HILIC_625.905296_63.05528181,-0.0913674771479053,0.9276749570756427,1,-0.05723063840901774,7204
HILIC_626.5372552_47.86224946,-1.0463779567683253,0.30192018489448513,0.9397496500337139,-0.2087617960777272,7205
HILIC_626.6278526_47.58994423,0.8482127095908967,0.40156916268285703,0.9669701703160376,0.1592703351438614,7206
HILIC_626.6924935_41.79497951,0.09894386868046481,0.9216968882322287,1,0.060251561716294276,7207
HILIC_626.8448066_58.85128118,-0.6387793256504696,0.5267535370890521,0.9824083431236167,-0.12046359996566049,7208
HILIC_627.1195065_39.98917395,-0.793014692626973,0.43263559273532437,0.9742203846590763,-0.8159940410494739,7209
HILIC_627.1884586_98.15330921,1.4588160483485677,0.15273712090898756,0.807225909482135,0.9958122843092857,7210
HILIC_627.195358_101.7669375,0.9763765045845515,0.3349811622755374,0.9529111307364223,0.8974237539430343,7211
HILIC_627.2056796_287.8496296,0.6070709661339818,0.5473722042902225,0.9857989553982086,0.3899814780386895,7212
HILIC_627.8202327_41.18947369,0.8040795856691907,0.42629460131850716,0.9732405036444339,0.7748012173055631,7213
HILIC_627.8468905_58.37569046,-1.09259801019383,0.28136895204399104,0.9295944216943315,-0.47447905006099284,7214
HILIC_628.0279971_64.50672187,0.44509781854382746,0.6587448433000613,0.9966192045168055,0.38726430269809153,7215
HILIC_628.3835382_28.46691152,0.594408769672152,0.5557204424151179,0.9870399265507633,0.49736336510351886,7216
HILIC_628.534776_48.02584789,-0.7925482988781256,0.43290411136713236,0.9742203846590763,-0.16706718650806202,7217
HILIC_628.5783799_47.31171233,-0.05273483930667199,0.9582162148266552,1,-0.007908252146993764,7218
HILIC_628.6247644_47.6372185,0.49899121752965303,0.620628587264141,0.9947980550876518,0.09713046109288367,7219
HILIC_628.6911354_41.74014035,-0.7477611205033129,0.45915340263153437,0.9755657681934743,-0.7395118253988948,7220
HILIC_628.8842098_28.75175936,0.7035974886910207,0.48592263081287945,0.9781047779839798,0.6745435871691398,7221
HILIC_629.1239079_125.879264,0.03659129273426688,0.971000202498458,1,0.019009628450458706,7222
HILIC_629.1680529_33.42588265,-0.6308657251172316,0.5318605996341752,0.9831191928759727,-0.5718157070497298,7223
HILIC_629.2415914_36.15165831,-0.2377557843800709,0.8133329226353139,1,-0.28874921512367824,7224
HILIC_629.3886937_29.36108881,0.520306323632169,0.6058332948096719,0.9928201179984223,0.3659181119882796,7225
HILIC_629.8184453_41.12579145,0.37337747127494253,0.7109182758476151,1,0.26555610617906966,7226
HILIC_630.1289837_125.8997891,0.8353625630217196,0.40867454259723257,0.9676316311691489,0.16755380217757726,7227
HILIC_630.1556977_81.56048813,1.1445885038973003,0.25945487351443663,0.9109329581933976,0.6158044340966536,7228
HILIC_630.2448883_36.24071914,1.311630344688453,0.19742299786515866,0.8589075869458993,1.2149657755532872,7229
HILIC_630.4236196_43.2678767,-0.8239665968296133,0.41504051062786096,0.9703935627503105,-0.40025741758604066,7230
HILIC_630.5320358_47.90677833,-0.8734589318361506,0.3878356414945766,0.9661464710102153,-0.32582907775811243,7231
HILIC_630.5748665_47.24600387,0.043489761354177786,0.9655361953165951,1,0.005940273719175938,7232
HILIC_630.6211595_47.46256703,0.2772436957741719,0.7830781402739098,1,0.053117765451903956,7233
HILIC_630.6858162_41.70262568,0.7660194021104891,0.44834204163189806,0.9745894987688215,0.41313570351960416,7234
HILIC_630.7491615_48.80436315,-1.358969821961859,0.18207470835119527,0.8448097971996803,-1.1332235352643623,7235
HILIC_630.7915928_55.61821872,0.766469754722698,0.44807728407893743,0.9745894987688215,0.31165079986840505,7236
HILIC_631.1235721_104.1561583,1.3400709865674683,0.18808808723660683,0.8489710044879274,0.3145433396864264,7237
HILIC_631.1755964_70.84844942,1.0809640790372232,0.2864466049529153,0.9295944216943315,0.3785705932333218,7238
HILIC_631.2401042_25.90483441,0.34303110056223696,0.73344351633415,1,0.3890754692125968,7239
HILIC_632.1206071_126.6732857,0.4598931510516915,0.6481829557283962,0.9965858111391217,0.392407906090209,7240
HILIC_632.1311785_97.54599089,0.2815341562725383,0.779810404651417,1,0.1672719334189945,7241
HILIC_632.1792319_71.40186086,0.5540604717294115,0.5827457186305481,0.9913379189285378,0.33361996101856467,7242
HILIC_632.2401074_24.53244081,-1.1187983480273507,0.2701672031848108,0.9185780391297615,-0.8179275041230953,7243
HILIC_632.4210723_43.10472838,-0.5322731645162349,0.5975993942156012,0.9926487049255592,-0.22421152061048077,7244
HILIC_632.572148_47.19154987,-0.27672811686875814,0.7834710888563805,1,-0.03693509191267613,7245
HILIC_632.617817_47.40590871,0.5595936227920894,0.579002140532105,0.9913379189285378,0.22485154952223105,7246
HILIC_632.6615721_47.27784429,2.5374420199486467,0.015338747739321859,0.35489208687002416,1.4675054299219183,7247
HILIC_632.9459596_50.63702635,-1.8780941520660916,0.06796744452841803,0.6496083797137918,-1.849007601857721,7248
HILIC_632.9711245_51.92156041,0.05653241361906593,0.9552104314925389,1,0.03176663086525336,7249
HILIC_633.0025103_110.8791706,-1.739862530987863,0.08988310876494679,0.7023904516472353,-1.577572107013974,7250
HILIC_633.1049028_106.2222467,-0.2510310467992867,0.803126820619022,1,-0.16377895666841666,7251
HILIC_633.2553393_24.76048409,-0.5893543394818612,0.5590708039429342,0.9891348092350075,-0.6219239003167762,7252
HILIC_633.3984379_31.84866396,-1.8747364541953322,0.06844013532446792,0.6511567144338838,-0.925121120443758,7253
HILIC_633.7524138_46.84115782,4.26632730772983,1.2501666586157772e-4,0.042559105754374195,2.0319141134724017,7254
HILIC_633.9735083_59.62308863,0.5018098948672547,0.6186627172213497,0.9946352989347117,0.5179410722167592,7255
HILIC_634.107381_86.5589398,0.8203590020107796,0.41706840018199143,0.9712636476221591,0.36300266358422145,7256
HILIC_634.2208352_237.2401811,-0.8749297008434873,0.38704483940411005,0.9661464710102153,-0.5374913590815259,7257
HILIC_634.2611306_24.84180519,-0.845734072073602,0.40293367469556485,0.9669701703160376,-0.49694592805932386,7258
HILIC_634.4179132_43.61537327,-1.3275010849476234,0.19217126181196076,0.8515234707275139,-0.5264540950260455,7259
HILIC_634.5228813_47.77253582,-0.01850558610461758,0.9853312181512061,1,-0.007752930876766982,7260
HILIC_634.5695712_47.33430129,0.05072401304934287,0.9598080384547725,1,0.007269409623565448,7261
HILIC_634.6584798_47.29396504,1.1142016321425279,0.2721091697531437,0.920680740314505,0.41723917923070614,7262
HILIC_634.7437095_46.71873076,0.6003259573864915,0.5518111834005657,0.9858134543858914,0.2860824213701885,7263
HILIC_634.8756262_58.95735902,-0.5162332976011629,0.608647775008293,0.9928201179984223,-0.19678827947819502,7264
HILIC_634.9430576_50.53605393,-2.152536499090704,0.037692533609829125,0.5220805529735174,-2.0788046358517045,7265
HILIC_634.9981587_21.65054182,0.39077966716113927,0.6981170051465054,0.9999159889500627,0.5859130805810211,7266
HILIC_635.0352692_35.43432699,0.8459160984863549,0.4028333693820403,0.9669701703160376,0.8258660238191136,7267
HILIC_635.1103001_86.92959738,-0.15646362045787568,0.8764862433888007,1,-0.16275342875523313,7268
HILIC_635.2579379_39.54031226,-2.290328057229518,0.02757436820941711,0.46598158402008716,-1.6416832658115688,7269
HILIC_635.3838218_25.28437833,-0.4899939446207005,0.62692249698734,0.9947980550876518,-0.35665538349813836,7270
HILIC_635.7494408_46.81808744,0.3065923700971294,0.7608078471107516,1,0.17120670243757288,7271
HILIC_635.7601316_285.3371088,-0.787212840725992,0.43598304089069795,0.9745124110909839,-0.370873641674013,7272
HILIC_635.7687883_288.0792828,0.18344689030110203,0.8554113608033733,1,0.0716308585879483,7273
HILIC_635.8793366_58.96969939,-0.5156905996776446,0.6090232383089162,0.9928201179984223,-0.20073815428083636,7274
HILIC_636.0141765_266.4786063,-0.7854503157331972,0.43700301691593046,0.9745124110909839,-0.4343817206581376,7275
HILIC_636.1048458_88.70534233,2.042773278007983,0.047973773419030155,0.5731315440402767,0.9021289549132883,7276
HILIC_636.2746836_286.4609317,-0.3407400626774432,0.7351541097508548,1,-0.13025752399037677,7277
HILIC_636.4138709_42.22456566,-1.5144781512231975,0.13808254964005118,0.7800348273445538,-0.5653382449271543,7278
HILIC_636.5198802_48.92864382,-0.6227504592615285,0.537124763692667,0.9833164118236528,-0.20106560081220703,7279
HILIC_636.5666296_47.3863429,-0.4215460485933883,0.6757038386247133,0.9996367449012522,-0.057265727340382724,7280
HILIC_636.6559821_47.31980017,0.5887147508488793,0.5594954849309736,0.9891348092350075,0.19316532453593885,7281
HILIC_636.68096_49.97097483,0.38449622789020804,0.7027291278061278,0.9999159889500627,0.33606608859305287,7282
HILIC_636.7459589_46.65209576,0.42559457218442764,0.6727760883559151,0.9996367449012522,0.2324458745346905,7283
HILIC_636.8437441_49.84765048,-0.9498422929055366,0.3481248134698174,0.9574386235069654,-0.5476401517556473,7284
HILIC_636.880339_59.00378949,-0.4728569515653946,0.6389885423736436,0.9955023063019077,-0.2092824318016439,7285
HILIC_636.9461937_56.12399182,-0.4758854484707633,0.6368488333410551,0.9953856535986481,-0.40148368685961894,7286
HILIC_637.4308569_29.23193785,-1.2596305622812167,0.21539522962641644,0.87223789657115125,-0.9993121590220021,7287
HILIC_637.7460325_46.54168273,0.7328765861513438,0.46807833073555727,0.9777549229263227,0.3351580783125674,7288
HILIC_638.1000914_92.09263631,1.1788360606516672,0.24570708146850712,0.9002001515555613,0.5107200687946755,7289
HILIC_638.2208023_97.21514845,1.613725811235406,0.1147651489489079,0.7424511371086427,1.5387572904991629,7290
HILIC_638.4127615_43.62196284,-0.7471816961369394,0.4594989683774444,0.9755657681934743,-0.36092380314887507,7291
HILIC_638.5162527_48.43487507,-0.5615284316697587,0.5776958773347518,0.9913379189285378,-0.11716199407758522,7292
HILIC_638.5636046_47.31154184,0.96008481600629,0.343011331758878,0.9561851813631342,0.21705008638078313,7293
HILIC_638.6095617_47.3447013,0.08955625558743509,0.9291047236610379,1,0.014852500771443213,7294
HILIC_638.6529525_47.29137671,0.27826342281059163,0.7823011245272726,1,0.11822109397671018,7295
HILIC_638.678907_49.99948091,0.4325253293349719,0.6677759772478957,0.9982644021852166,0.3311314866012923,7296
HILIC_638.7005412_52.08610313,-0.44359512931969297,0.6598215784736168,0.9968021749030789,-0.31336066942663965,7297
HILIC_638.741785_46.56252408,0.7901980454299992,0.43425875620428567,0.9744730193432161,0.46445160148299275,7298
HILIC_638.9235826_62.53819266,-1.7143715174326386,0.09451184845109273,0.7121317722762723,-1.3247649814733542,7299
HILIC_639.1032162_93.94392905,1.0821310415084942,0.28593439725381203,0.9295944216943315,0.3379764567653395,7300
HILIC_640.0327394_95.10587561,-0.18875507982297834,0.8512775571070739,1,-0.08333333333333325,7301
HILIC_640.1054008_90.12189271,-0.5246299520331236,0.6028522899466076,0.9928201179984223,-0.3366548377969492,7302
HILIC_640.4103399_43.59348032,-0.004809646681376771,0.9961873398660307,1,-0.0025693789854868924,7303
HILIC_640.4535584_44.02639063,-1.5942365451645204,0.11907129038113966,0.7539741926189859,-0.7241597939291754,7304
HILIC_640.5136545_48.6305881,-0.5062916821332442,0.6155427576386335,0.9931667617408494,-0.10010615788998385,7305
HILIC_640.5502201_102.3091921,-0.17880868213861,0.859026793795374,1,-0.112340227960442,7306
HILIC_640.6037459_47.18260217,0.6653308054584123,0.5098104996412907,0.9802142331323181,0.131296652036591,7307
HILIC_640.6498755_47.65034862,-0.00577940847140965,0.9954186070113369,1,-0.00396435361580845,7308
HILIC_640.674337_49.96547934,-1.2376080981563515,0.22336593859813186,0.8799075082512211,-1.2271019365595088,7309
HILIC_640.6971937_51.83367832,-0.7692198156574197,0.4464625565413842,0.9745894987688215,-0.8322475941281401,7310
HILIC_640.8211013_59.01650206,0.5561748884615086,0.581313776810978,0.9913379189285378,0.29527538593653935,7311
HILIC_641.1099021_273.5489911,2.262608881865284,0.029389088853208168,0.48003947342509096,1.2517288469543433,7312
HILIC_641.1642831_79.88924193,0.6614791969144461,0.5122497827831277,0.980797573128938,0.5467683980258399,7313
HILIC_641.5159078_21.04813741,-1.4635475407857865,0.151445383814793,0.8050550487222983,-0.9262649640872628,7314
HILIC_641.8775952_27.81127235,0.18936709000560237,0.8508012189388744,1,0.13544555374913955,7315
HILIC_642.2571173_38.25147643,-0.979192349292689,0.3336060923938243,0.9523228101868886,-0.12487176130902275,7316
HILIC_642.3864198_28.03122427,0.6525818044479522,0.5179087404978602,0.9824083431236167,0.5001941915964375,7317
HILIC_642.4085438_43.5627415,0.48491941151083673,0.6304848432420311,0.9947980550876518,0.23641369196936798,7318
HILIC_642.4517548_45.44516927,-0.8092662623815693,0.42334175040491595,0.9724257019093233,-0.2934539389774863,7319
HILIC_642.5113343_47.87105404,-0.4255683479128895,0.6727950363101016,0.9996367449012522,-0.09545777842617573,7320
HILIC_642.6013331_47.26772618,0.9102526799579417,0.36836042172715766,0.9637531830220828,0.1659618211172379,7321
HILIC_642.6904325_47.44925837,0.3605554852675792,0.7204050646769211,1,0.10936888714524208,7322
HILIC_642.8185347_59.60727362,0.5364528032535479,0.5947360565488415,0.9921034274533279,0.34875278814508925,7323
HILIC_643.6832852_39.50014765,-0.06817165127917431,0.9460022782823756,1,-0.05436313741368926,7324
HILIC_643.9448954_290.6404107,1.2477491383193997,0.2196686887490729,0.8775039313312304,0.6338738004146461,7325
HILIC_644.0457881_290.5215007,0.6392966489189943,0.5264205895401,0.9824083431236167,0.3622754951256401,7326
HILIC_644.1532474_292.5412204,0.4630728117466059,0.6459225813962826,0.9965858111391217,0.309918875814817,7327
HILIC_644.2498052_291.4819418,-0.11631093490774222,0.9080114981697047,1,-0.08172680255366178,7328
HILIC_644.3485808_291.0976843,1.6363091059417385,0.10993554490600972,0.7336651855103924,1.266410404548009,7329
HILIC_644.4490532_291.2171376,0.7457806451127703,0.4603351733634733,0.9755657681934743,0.8997727838497239,7330
HILIC_644.4493995_45.60939662,-0.49582474462410203,0.622840388917776,0.9947980550876518,-0.18899518624196582,7331
HILIC_644.5085562_48.90664161,-0.42643325376279856,0.6721702255084813,0.9996367449012522,-0.19518552536788,7332
HILIC_644.5503023_290.4989341,1.6089852926267287,0.1158006695672166,0.7446629530930814,0.8326011448493699,7333
HILIC_644.5981316_47.14402904,-0.006578225015666056,0.9947853862136625,1,-0.001520319396417211,7334
HILIC_644.6871384_47.48898381,0.8742136897437783,0.3874296959993906,0.9661464710102153,0.4463099633010991,7335
HILIC_645.1262671_82.24252838,0.9537176453530867,0.3461841858025735,0.9572455292742392,0.5834363015262243,7336
HILIC_646.2374583_102.9622087,1.6436590429415685,0.10840017397188813,0.7302601771433801,1.260339219226077,7337
HILIC_646.4170553_30.22862734,1.3340850580125667,0.190024169102689,0.8505070360693002,0.8076825629358245,7338
HILIC_646.4464772_45.17852879,-1.2196172697260692,0.23003858956015846,0.8872927044920225,-0.4494267026362633,7339
HILIC_646.5477816_46.43285813,-1.0439114269581693,0.30304538815650733,0.9402374180413365,-0.24641371414918403,7340
HILIC_646.5979839_47.21646451,1.5657923246948933,0.12559129448869752,0.7644475925677792,0.3554575799847902,7341
HILIC_646.6844136_47.2735626,1.0847808792012796,0.28477371000325574,0.9295944216943315,0.4969831730473933,7342
HILIC_647.0903143_164.9355042,0.05461778854763121,0.956725778922045,1,0.044978869789044314,7343
HILIC_647.2345895_23.50058772,-0.2618730327521627,0.7948171600369272,1,-0.32209524678159013,7344
HILIC_647.9740576_22.37788661,0.48844567948762235,0.6280084334208486,0.9947980550876518,0.6406154948005307,7345
HILIC_648.2382698_23.44554757,-0.11915896097457977,0.9057698227369546,1,-0.12343629707596179,7346
HILIC_648.3803241_27.35821968,-0.24600386611170688,0.8069877488205864,1,-0.2569400861614578,7347
HILIC_648.4442721_45.77968888,-0.511280990616069,0.6120779709226651,0.9928201179984223,-0.22834378031261168,7348
HILIC_648.5330955_44.1750716,-1.0315143455412765,0.3087446488892397,0.9421850854569164,-0.21658872372686674,7349
HILIC_648.5453216_46.60189801,-0.6284358450449599,0.5334339464543147,0.9833164118236528,-0.15933435563284565,7350
HILIC_648.6307183_46.90417212,-1.359799751454791,0.18181407087058646,0.8448097971996803,-0.6859084787627769,7351
HILIC_648.6816007_46.91344626,-0.11905772355824057,0.9058494932345211,1,-0.05904463409016047,7352
HILIC_648.7367273_49.89755326,-2.1304835698538516,0.03958637454071355,0.5337297233059277,-1.7798580212008883,7353
HILIC_648.9197748_50.64792379,-2.524750902447479,0.015820100049655766,0.3633534675147545,-2.4136377851884414,7354
HILIC_648.9504941_60.76811836,-1.2353823628730634,0.22418356120025273,0.8799075082512211,-0.7891738857913166,7355
HILIC_648.9768742_25.43799492,0.624807710971215,0.5357877057991822,0.9833164118236528,0.46350020874616493,7356
HILIC_649.2497574_24.40136557,-0.620051073928125,0.5388818004129529,0.983683589406213,-0.5258978958582817,7357
HILIC_649.9579538_62.80733702,-2.9886112019630233,0.004863566430407213,0.2145068663936207,-1.8651471294619382,7358
HILIC_649.9892894_22.46520436,0.8833261207691059,0.38254985888852644,0.9638726330536317,0.8597445800481985,7359
HILIC_650.1313571_158.1933865,1.6362912972524104,0.10993928664619514,0.7336651855103924,0.6611534444205757,7360
HILIC_650.2523815_24.28138578,0.9173208309831782,0.36469285009308394,0.9637531830220828,0.4998828594966209,7361
HILIC_650.39598_28.62306691,0.38472266487121565,0.7025627212459253,0.9999159889500627,0.3656154415174342,7362
HILIC_650.4409181_43.08801794,-1.6473148467439742,0.10764308396093279,0.7299405333124399,-0.8222884220345525,7363
HILIC_650.4841359_43.99357089,-0.8812171280430874,0.38367575850390057,0.9640023294868427,-0.3300594518594206,7364
HILIC_650.5427544_46.65973713,-0.8579667763054437,0.3962275085361273,0.9669701703160376,-0.22249840544413146,7365
HILIC_650.6262534_46.84311074,0.17802898152592664,0.8596348659962204,1,0.06123378357796391,7366
HILIC_650.7337546_49.79789349,-2.112319702561806,0.04120876811141779,0.5368074187648205,-1.7828626371238387,7367
HILIC_650.8498627_58.86612322,-0.11929916618967619,0.9056594874989237,1,-0.07814497196930838,7368
HILIC_650.8998742_28.96694748,0.0676743372976056,0.9463955742490716,1,0.05586091730883035,7369
HILIC_650.9168037_50.99743252,-1.081315664005826,0.2862922181591386,0.9295944216943315,-0.9229979294635804,7370
HILIC_651.1034156_128.6045403,0.8640203642450788,0.39293489050182706,0.9669701703160376,0.23616672104544917,7371
HILIC_651.1345266_90.57602438,0.5357584802326955,0.5952112638033711,0.9923346019686894,0.2162525955794721,7372
HILIC_651.4022857_29.14331213,0.8891556977284684,0.37944866621304596,0.9638726330536317,0.5244162964408933,7373
HILIC_651.7862532_34.92460757,-1.233652336186029,0.2248206199160765,0.8805614407583051,-1.1094765529945787,7374
HILIC_652.0945332_127.4803924,1.1809671521739367,0.24486948605896594,0.8999626234969405,0.30755095810501126,7375
HILIC_652.136499_81.351248,-0.4747733833322324,0.6376341708820622,0.9953856535986481,-0.4265545679875779,7376
HILIC_652.411214_26.64053093,-0.2718635872810073,0.7871814038819801,1,-0.29896941525586646,7377
HILIC_652.4838918_45.52898733,-0.519889317232732,0.6061211698383894,0.9928201179984223,-0.19910379784094698,7378
HILIC_652.5396323_45.56690681,0.08297398342951333,0.9343026948737391,1,0.04176958304947128,7379
HILIC_652.6087457_80.65054171,0.304315626754851,0.7625284021913149,1,0.24273781783409273,7380
HILIC_652.6198727_45.99343542,1.2084168356228264,0.23426650601734936,0.8884134042888568,0.6053315021381126,7381
HILIC_652.6298662_47.06732214,0.4795673551231102,0.6342517089204289,0.9947980550876518,0.2900752181241552,7382
HILIC_652.6548073_50.56279068,0.34534431442921487,0.7317177599178173,1,0.21991453970199953,7383
HILIC_652.713835_46.81410396,-0.3712613448308945,0.7124808100302671,1,-0.22230413915991562,7384
HILIC_652.7238143_47.90955712,-0.7323463089199205,0.4683981232050405,0.9777549229263227,-0.4134104357502623,7385
HILIC_652.8146424_50.97898158,3.786822689536642,5.223876370513513e-4,0.0671313570817816,2.5053948130984067,7386
HILIC_652.9757534_62.08167295,0.4501721934286002,0.6551142987182299,0.9965858111391217,0.19857262435709047,7387
HILIC_653.0637135_82.01374751,-1.3015609773151742,0.2008111954149633,0.8633976525091597,-0.9839214944936258,7388
HILIC_653.0991611_132.3294232,0.821121887174221,0.41663906406663187,0.9712636476221591,0.7312174175515826,7389
HILIC_653.1106523_95.79617193,0.12596738003610822,0.9004141262021574,1,0.06186324301987107,7390
HILIC_653.1573661_70.78959826,0.8754623058668657,0.386758720990532,0.9661464710102153,0.3342705596440273,7391
HILIC_653.4170837_26.83618909,1.3036109319231068,0.2001178629217737,0.8618721518192737,0.8084927596314091,7392
HILIC_654.2832677_26.74270242,-0.1852584784761418,0.8540000992244977,1,-0.13004257089104737,7393
HILIC_654.4827786_46.57180775,-0.559506913108236,0.5790607152852669,0.9913379189285378,-0.15643440316858132,7394
HILIC_654.6315712_46.99973445,-0.8911854545427335,0.37837266734289177,0.9638726330536317,-0.44224186339250987,7395
HILIC_654.6518318_50.50783252,2.2616671512070647,0.029452576029069755,0.4802847181331103,1.3498065170105622,7396
HILIC_654.7178407_47.31172129,0.07953739771520515,0.9370177129593639,1,0.05690321074010735,7397
HILIC_655.0864975_160.3876677,1.5411353693370102,0.13147444971765332,0.7699545183289296,0.6687734465468795,7398
HILIC_655.2727439_26.8894568,-1.072802064549217,0.2900471145079808,0.9324002801146671,-0.7870165829978909,7399
HILIC_655.2861878_26.75460645,-0.6560571625789123,0.5156943346104296,0.9824083431236167,-0.4946351410601901,7400
HILIC_655.5858474_81.84605214,0.36111099821238324,0.7199931077539999,1,0.1846255618322574,7401
HILIC_656.0817184_80.51270978,-1.3196757232312182,0.194747235894925,0.8531731946205443,-0.9615152611616921,7402
HILIC_656.090303_82.7365238,-1.333665712810526,0.19016037147114953,0.8506319578051706,-1.1587590818239688,7403
HILIC_656.1469831_92.66142936,-0.7814105689029758,0.43934620619778275,0.9745124110909839,-0.5537726551142041,7404
HILIC_656.1988747_231.9995486,0.3396162266295416,0.7359937170941657,1,0.13355795100156645,7405
HILIC_656.4801255_46.53794278,-0.607665028286323,0.5469821256076445,0.9857989553982086,-0.16635782639536909,7406
HILIC_656.5763531_46.13332565,-0.5729775575102373,0.5699957890169576,0.9913379189285378,-0.2177018572212233,7407
HILIC_656.7132664_46.81233461,0.051966498202535655,0.9588244340269515,1,0.019081964044085867,7408
HILIC_656.9373481_50.2392128,-1.4115060474038243,0.16613680466010927,0.8274419139233609,-0.9277634700470517,7409
HILIC_657.0920053_82.16497896,0.33094560089460917,0.7424824112689145,1,0.2540933105277383,7410
HILIC_658.4769927_45.85225258,-0.4901691292507949,0.6267996772244351,0.9947980550876518,-0.21937230646531242,7411
HILIC_658.5430053_20.69686175,-1.416305991062221,0.16473673427608004,0.8267580857332197,-1.0882159290052817,7412
HILIC_658.5736889_46.13544553,-0.023754036259233505,0.9811716548997457,1,-0.00945581591705245,7413
HILIC_658.6626554_46.82479338,-0.2592568195639377,0.7968201397300374,1,-0.1282085276998277,7414
HILIC_659.175662_80.11321521,0.446383806059423,0.6578239667797066,0.9965858111391217,0.3078229613777727,7415
HILIC_659.2590361_39.00083847,-3.4232472420563234,0.001482927303377555,0.11533063334683856,-1.6549717931919936,7416
HILIC_660.0661422_117.3631202,-1.0346547229239937,0.30729401438595744,0.9414175050708642,-0.5288896844544794,7417
HILIC_660.0812955_100.7816007,0.2531417201296871,0.8015072823603696,1,0.0734240900061525,7418
HILIC_660.2059358_74.55931368,1.6457286338870167,0.10797104086115734,0.7299405333124399,1.0098176571597122,7419
HILIC_660.2654615_39.28707978,-0.7240135789034846,0.4734397946018608,0.9781047779839798,-0.3631667109225101,7420
HILIC_660.4656917_43.79056638,-0.7406549282960508,0.4634019413939222,0.977038339924947,-0.3599121577681263,7421
HILIC_660.478208_45.22379361,-1.667386177401495,0.10356363939527836,0.7228916721315264,-1.175854508558262,7422
HILIC_660.5106348_43.67193647,0.028017565718952423,0.9777930587691561,1,0.010466327927271313,7423
HILIC_660.5338425_47.72345306,-0.8861867635409143,0.38102605374370613,0.9638726330536317,-0.17758475014065828,7424
HILIC_660.5700808_46.03976466,0.33911832892149174,0.7363657966521888,1,0.09397529397291968,7425
HILIC_660.5962403_81.64857476,0.4393525319837879,0.6628655134358775,0.9976640367960946,0.29094361313708955,7426
HILIC_660.661431_47.36391392,-0.8134137797935315,0.42098948480157716,0.9716822081080376,-0.48025178043768496,7427
HILIC_661.0763139_171.4786417,0.8532778126608809,0.39878975591294896,0.9669701703160376,1.299761825453167,7428
HILIC_661.0832418_91.70401317,-0.7210202478515256,0.475258440238424,0.9781047779839798,-0.2975641965037341,7429
HILIC_661.8029215_40.87218384,0.1298637862511389,0.8973512044109744,1,0.0738355938587142,7430
HILIC_662.0249349_20.96995898,0.4646610628424234,0.6447947865701102,0.9962085044382889,0.43478367991347033,7431
HILIC_662.0584179_110.4193561,-0.6803075387579979,0.500385860867188,0.9781047779839798,-0.3386633291847552,7432
HILIC_662.0834606_175.523309,-0.6204990729888594,0.5385899895507755,0.983683589406213,-0.08333333333333234,7433
HILIC_662.5205891_45.90530395,-0.8885690240073314,0.3797600331695633,0.9638726330536317,-0.15667688657662657,7434
HILIC_662.6532728_46.8155001,-0.4488030226392996,0.6560930646331621,0.9965858111391217,-0.2068673682386142,7435
HILIC_662.7137283_50.36207572,-1.2255973855546818,0.2278044502325583,0.8840833026918968,-1.0864297441281316,7436
HILIC_662.7431833_47.67133641,1.4004713337683932,0.16939071940342665,0.8316096347034753,0.7726281512695088,7437
HILIC_663.061346_104.8573638,0.04527073689131964,0.964125816663846,1,0.020734084492806715,7438
HILIC_663.0769449_80.94849121,0.039258219551081185,0.9688876516701207,1,0.029032826956708144,7439
HILIC_663.1456927_80.04317432,-0.5857996119706923,0.5614331686102205,0.9899322889121577,-0.30468585415210847,7440
HILIC_663.4538269_256.1902438,0.10787834221580135,0.9146531706308914,1,0.07411620132975312,7441
HILIC_663.6547375_292.0762028,0.47683961875304587,0.6361753385345903,0.9953585489094753,0.23004186701297874,7442
HILIC_663.7556713_291.9761075,0.10456912312818821,0.917261295773206,1,0.07683610696313668,7443
HILIC_663.7696613_288.7475144,-0.3624877842367671,0.718972476124194,1,-0.21240767633887966,7444
HILIC_663.8045156_41.18406191,-0.13011275744780565,0.8971555444249316,1,-0.08059430086072863,7445
HILIC_663.8577579_291.9380318,2.050456262011313,0.04718152663042468,0.565818155239673,2.588435794273767,7446
HILIC_663.8681698_292.6839085,1.690204198812224,0.0990819332406316,0.718134185467518,1.0464542758927136,7447
HILIC_663.8960176_28.01236292,-0.04542433178984458,0.9640041881821126,1,-0.05963286396397755,7448
HILIC_663.9576957_293.1232351,0.21893242995305034,0.8278606800349401,1,0.12974466822134323,7449
HILIC_664.0541315_291.9174445,2.031997428443621,0.04910450920157233,0.5775821167007157,2.448167406234091,7450
HILIC_664.1598092_292.4427364,1.912050072712826,0.06334202926892767,0.6358487410957531,1.3766850077533093,7451
HILIC_664.2516572_291.6676251,0.8286748009039417,0.4124030790262565,0.96978156031432206,0.506115374085313,7452
HILIC_664.2632223_283.6853457,0.44967709055059435,0.6554681571672756,0.9965858111391217,0.28732506113051726,7453
HILIC_664.2817864_288.5727141,-0.17868030771579918,0.8591269043564662,1,-0.0883058557682262,7454
HILIC_664.3620384_291.1785031,1.1231235935295338,0.2683489633469139,0.9184667133289798,0.5284913277727394,7455
HILIC_664.4013505_27.9280399,0.7142134072379801,0.4794088397042824,0.9781047779839798,0.5553270604158391,7456
HILIC_664.4221183_54.32107483,-0.4675375147912006,0.6427544207565361,0.9955023063019077,-0.46716482967325995,7457
HILIC_664.4654623_291.7308126,0.7336753508453453,0.46759685980248744,0.9777549229263227,0.8426658671826929,7458
HILIC_664.5179572_45.97719305,-0.8805413182278697,0.3840369896794166,0.9641462546882261,-0.15727087932045813,7459
HILIC_664.7106351_50.38420155,-2.1532684693121937,0.03763107111655166,0.5220805529735174,-1.5648238228593647,7460
HILIC_664.7447113_47.019595,1.4503274971282727,0.1550763868874306,0.8125085821135265,0.7446757851614969,7461
HILIC_664.7666851_262.0273822,-0.6063641436781987,0.5478365109777315,0.9857989553982086,-0.312507252450887,7462
HILIC_664.7806528_289.2957358,0.07913210447757778,0.9373379590492743,1,0.14472134523153457,7463
HILIC_665.0660293_269.0335417,-1.3416955301541267,0.18756526522045402,0.8486896073195083,-0.6388622541001441,7464
HILIC_665.2455717_23.71554757,-1.2267960597266905,0.22735857160936773,0.8838402126105115,-1.2908732782220198,7465
HILIC_665.2870248_289.3658938,-0.005844267472145035,0.995367193251443,1,-0.00719201447907937,7466
HILIC_665.7927798_288.7837898,-0.18691110068535857,0.8527130984452596,1,-0.0843915373987365,7467
HILIC_666.0694168_259.1293587,0.3479056123695437,0.7298085669136172,1,0.2293585240848791,7468
HILIC_666.0773608_81.35630184,-0.2594496370361393,0.7966724704938596,1,-0.2756681416540946,7469
HILIC_666.2520668_24.0252806,-0.15233768189409422,0.8797171871884262,1,-0.1470885144349965,7470
HILIC_666.2946591_288.965062,-0.15440965153815062,0.8780944034659129,1,-0.0688654292815414,7471
HILIC_666.3915_28.55935285,0.9436274224720286,0.35125195960288613,0.9578247927857968,0.5739443575314216,7472
HILIC_666.5155927_46.00331645,-0.7052456512055901,0.48490808652800865,0.9781047779839798,-0.12579151701310426,7473
HILIC_666.5795974_82.53181823,0.5297434434177369,0.599335583356008,0.9927179766037689,0.3912869641202292,7474
HILIC_666.606295_47.03322906,-0.3147169844977444,0.7546780777134845,1,-0.12919443893965235,7475
HILIC_666.7077991_50.35165385,-1.5435224333246287,0.13089535548328032,0.7695072627505222,-1.131772822558049,7476
HILIC_666.7981025_286.6213851,-0.760721958228261,0.4514632773143231,0.9747323927249857,-0.4634906110886331,7477
HILIC_667.0616447_259.948781,1.0560563587193068,0.2975329477011974,0.9388638086478203,0.5520714779840857,7478
HILIC_667.179384_284.9851693,-0.2140063821802728,0.831672928925684,1,-0.08174643091289108,7479
HILIC_667.1973575_37.15242714,0.7141650874362405,0.4794383755122742,0.9781047779839798,0.8277230266418144,7480
HILIC_667.2511916_75.24654512,1.0179384071829616,0.3150698686326927,0.9434080661828157,1.1191554565128214,7481
HILIC_667.8901143_60.58408151,0.6948469434581788,0.49132906399552345,0.9781047779839798,0.2727247822299235,7482
HILIC_668.5031286_44.01622609,-1.9943650318755386,0.05323758242347398,0.597129438335422,-0.683049054838625,7483
HILIC_668.5221479_47.70654695,-0.6512361199678627,0.5187675460106986,0.9824083431236167,-0.12546347921768222,7484
HILIC_668.604224_46.94551066,1.1477190885853552,0.2581756323083545,0.9093778682130181,0.36950851071063945,7485
HILIC_668.7079961_50.2961339,-2.2186572134350286,0.0324859063614342,0.4974555886272949,-1.7976527487897136,7486
HILIC_668.7364335_49.43970307,-1.078625629655835,0.28747494396927603,0.930014439641605,-0.9827962520858419,7487
HILIC_668.8700749_59.46523342,-0.33982906661039203,0.7358346811497459,1,-0.23777333909111326,7488
HILIC_669.0859583_94.28366308,-0.33065845480630773,0.7426976268675262,1,-0.31539585652318686,7489
HILIC_669.1318993_71.34535032,0.6120740523705205,0.5440915078798607,0.9844152468953832,0.5028020125549155,7490
HILIC_670.0916874_81.31843794,-0.4014793140175604,0.6902900141270112,0.9999159889500627,-0.22826108895820937,7491
HILIC_670.464827_48.30189275,-0.054742903103683016,0.9566267508419759,1,-0.029969540363122583,7492
HILIC_670.5264626_46.28592781,-0.7448216235198045,0.46090806673665463,0.9755657681934743,-0.12296544390657256,7493
HILIC_670.5626698_47.6256615,1.0647701679824437,0.29362101852243955,0.9363518859752049,0.12983664593991104,7494
HILIC_670.692699_47.98236263,0.4472319432013541,0.6572169235134067,0.9965858111391217,0.24236623905606625,7495
HILIC_670.7176651_50.44331469,-1.2799265718994437,0.20823974009017268,0.8683661493536527,-0.9738911258266704,7496
HILIC_671.0603789_81.89267744,-0.9872107915112087,0.32971118542637357,0.9506069103298993,-0.6412138472471955,7497
HILIC_672.0655932_80.04858878,-1.8080323705287393,0.07842839854299172,0.6896168250598674,-1.5134073403486992,7498
HILIC_672.1707254_234.9679289,1.568574026347514,0.12494117124992983,0.7639334341671284,0.6871185845948148,7499
HILIC_672.4095645_28.50206496,-0.23271720975855614,0.8172153571283807,1,-0.21175867720482908,7500
HILIC_672.5165293_47.80293822,-0.6633830239438785,0.511043269530776,0.980797573128938,-0.13709504823191754,7501
HILIC_672.5383478_43.78434743,-0.8974565267157869,0.375060647903687,0.9637531830220828,-0.45800747195540664,7502
HILIC_672.558952_47.28836069,0.7899474250008464,0.43440335947361874,0.9745124110909839,0.09227287591580706,7503
HILIC_672.7320585_49.5225349,-1.2066469751559734,0.23493979220120603,0.8884925575183146,-1.2772109481615688,7504
HILIC_672.7746445_56.4478309,0.9658150974843259,0.3401724135111778,0.954346097572737,0.7407221995827423,7505
HILIC_672.783965_283.3080551,-0.3804309542894481,0.7057191742826956,0.9999159889500627,-0.3216291679793328,7506
HILIC_672.9130009_28.83747847,-0.3786011121154941,0.7070665865833355,0.9999159889500627,-0.29282041088774363,7507
HILIC_672.9925922_35.47143696,1.2096109856518844,0.2338130336405692,0.8879818864087687,1.1011042099905077,7508
HILIC_673.0501035_93.51226597,-0.11263391625129038,0.9109067959188359,1,-0.12144665151732068,7509
HILIC_673.163544_235.6019297,0.3443977954124763,0.7324237336494548,1,0.1942131322228327,7510
HILIC_673.2158849_40.18130569,-2.4059024573945376,0.02104389053468871,0.4141280600040436,-1.719414877367272,7511
HILIC_673.2713261_35.92847468,1.3930728654485833,0.17160005262961778,0.8326851500809265,1.340652358535149,7512
HILIC_673.2713956_277.7513652,-0.45494229824981963,0.651709157148816,0.9965858111391217,-0.1971652109684662,7513
HILIC_673.2901466_285.9705527,0.6890262575028251,0.49494383113020923,0.9781047779839798,0.3259928574081915,7514
HILIC_673.4169109_28.96099485,0.9021801768076717,0.3725782210169868,0.9637531830220828,0.5312682744625301,7515
HILIC_673.5320236_28.79341095,-1.0755509420764409,0.2888309817289741,0.930363967095018,-0.6169154874311948,7516
HILIC_673.7899085_287.9171045,-0.1092654151715816,0.9135602464438924,1,-0.05041529342340445,7517
HILIC_674.0668747_80.87233285,-0.10581326238169517,0.9162806307388698,1,-0.06480700956103189,7518
HILIC_674.2688692_39.87258722,-0.4339443659808236,0.6667541086190059,0.9980954332927549,-0.35049368042683143,7519
HILIC_674.2853717_276.7277143,-0.40688578704319994,0.6863480669624535,0.9999159889500627,-0.19094308338318058,7520
HILIC_674.4604722_35.39433593,-1.5315091083835197,0.133830723694762,0.7731053745689995,-0.7403663460645515,7521
HILIC_674.5135316_47.88436341,0.03209895285573956,0.9745591867608235,1,0.022158887644680263,7522
HILIC_674.5359823_43.70617196,-0.9137637962228597,0.36653557585765906,0.9637531830220828,-0.3812632591008235,7523
HILIC_674.5475634_46.23708028,0.8265949739007772,0.41356687653634194,0.9702967640516138,0.09963594109810436,7524
HILIC_674.7331843_49.84301689,-2.407300501842269,0.020974279276339127,0.4141280600040436,-2.0896380098964205,7525
HILIC_674.7790996_57.65902995,1.6960425254234077,0.09796142413747641,0.7177897439971538,1.4156675170378223,7526
HILIC_675.0485015_80.78834013,-0.813034412001389,0.42120431150570903,0.9716822081080376,-0.47158217207221265,7527
HILIC_675.1417203_71.19709748,-0.4655081504982764,0.644193628469602,0.996027400248948,-0.46742776377022355,7528
HILIC_675.1672378_83.88099408,-0.7929817308749861,0.4326545666375663,0.9742203846590763,-0.4797070949817538,7529
HILIC_675.24622_179.2147102,1.6693960876157905,0.10316225770964736,0.7222851642405752,0.8907692201264638,7530
HILIC_675.4646522_21.50260824,-0.9554297028296838,0.3453291383920736,0.9572455292742392,-1.061712876243731,7531
HILIC_675.5432679_29.81265112,-1.5950600100255925,0.11888671938584591,0.7537168529264081,-0.5365318916726972,7532
HILIC_676.0059249_21.84685692,-0.5360533140935495,0.595009452162015,0.9921034274533279,-0.6460921347718002,7533
HILIC_676.0436503_161.632015,-0.8138648798991904,0.42073412485497297,0.9716822081080376,-0.7562437521176418,7534
HILIC_676.0513585_87.89565743,-1.7863221998767043,0.0819345896248674,0.6948552844377854,-0.6270917296669192,7535
HILIC_676.1199416_41.8198251,-1.136616776109467,0.2627329190063171,0.913575510754591,-0.7197689798404086,7536
HILIC_676.2684023_286.0929848,-0.9382001972721034,0.3539978715070763,0.9588670540445742,-0.47256721531452833,7537
HILIC_676.4574345_40.27649144,0.10684536117268639,0.9154672022900362,1,0.07666188930115587,7538
HILIC_676.5080118_47.61017992,-1.2057664733867843,0.23527528060655734,0.8886691295529588,-0.2630160961739246,7539
HILIC_676.5348396_110.6874298,0.24371882900740027,0.8087443051697021,1,0.21622128732413187,7540
HILIC_676.5475074_44.70053305,0.36639077822674704,0.7160819655313797,1,0.04739608598032062,7541
HILIC_676.6673375_49.08508436,2.8794262253332565,0.006477064701552702,0.24055481432953416,1.3738692881530443,7542
HILIC_676.7292627_50.08168655,-1.4697668972388533,0.14976062134139098,0.8021613915012793,-1.1555128138783726,7543
HILIC_676.7737848_288.3908321,-0.5863071935946428,0.561095538241217,0.9899322889121577,-0.24458339764008713,7544
HILIC_676.7855958_287.8380397,-0.13684203102848472,0.891869685613388,1,-0.05082496809883677,7545
HILIC_677.036057_111.8799449,-0.67123140453192,0.5060858470048766,0.9781047779839798,-0.5592829135929183,7546
HILIC_677.0683136_83.89492606,-0.2611277618584948,0.7953875988515168,1,-0.12030728125260846,7547
HILIC_677.2774801_285.6496339,0.07252577421351838,0.9425594572548701,1,0.035967199552812724,7548
HILIC_677.5371412_108.3141162,-1.0304836612036237,0.3092217770337156,0.9421850854569164,-0.8252853160582209,7549
HILIC_677.5708154_80.18773437,1.7129012642714638,0.09478477201211497,0.7121317722762723,1.2627433187329054,7550
HILIC_677.9190267_60.78008649,-1.1760494821137055,0.24680545448956454,0.9005362363839727,-0.5671256603397727,7551
HILIC_678.0776016_81.13722237,-1.5840668542608165,0.1213700139533313,0.759348036322913,-1.4636297940687126,7552
HILIC_678.1144551_54.14350428,-1.8427849627002928,0.0730803501969186,0.67049658512235355,-1.7286896967210599,7553
HILIC_678.1322439_41.40186661,-0.7991966184523261,0.42908592639360754,0.9742203846590763,-0.4139427209555042,7554
HILIC_678.2944776_266.2956398,-0.8932359297591355,0.3772876702199236,0.9637531830220828,-0.7329420060387144,7555
HILIC_678.5046048_47.45757787,-0.7123954117317395,0.4805208126536149,0.9781047779839798,-0.14952565005173418,7556
HILIC_678.5307742_43.9040948,-0.19662214631588065,0.8451588421211396,1,-0.0999146085832507,7557
HILIC_678.5509876_47.52977817,0.7446530058454405,0.4610088371462807,0.9755657681934743,0.08906859798016527,7558
HILIC_678.6655049_48.97540835,0.5062424077907186,0.6155770204710149,0.9931667617408494,0.3693430499507816,7559
HILIC_678.9027522_59.62006344,-1.1480366549826748,0.2580461204775159,0.9093072753335302,-1.0165280260890104,7560
HILIC_678.9172843_59.25751465,-0.021962840167249184,0.9825911807296845,1,-0.01622332092899152,7561
HILIC_679.0549372_259.4133624,2.056199199246346,0.046596823350020466,0.5626718638192326,1.3200443445975207,7562
HILIC_679.0848948_115.5452855,0.0282398702185927,0.9776169063504719,1,0.012642007871585799,7563
HILIC_679.2925597_262.2959869,0.37769196669384353,0.7077363949769917,0.9999159889500627,0.18508048586098874,7564
HILIC_679.2972549_146.3919581,-0.07172401307810967,0.9431933309447481,1,-0.04119679616428663,7565
HILIC_680.0569784_176.707839,9.002318956792269e-15,0.9999999999999929,1,9.762693684620292e-16,7566
HILIC_680.0876849_104.6111812,1.2620565354124433,0.21453036903282688,0.8709703423032235,0.7931366131402,7567
HILIC_680.5017896_47.5263281,-0.9279650594977649,0.35921460900906543,0.9598199156933532,-0.18622238097010538,7568
HILIC_680.547977_47.62879999,0.785644667516658,0.4368904752136882,0.9745124110909839,0.09775495321341968,7569
HILIC_680.5729583_43.97007287,-1.6372247002956626,0.10974331248574784,0.7336651855103924,-0.6272384178675563,7570
HILIC_680.5914866_47.42461505,1.0401616433856693,0.3047615425547828,0.9402374180413365,0.3208331932920521,7571
HILIC_680.6625165_49.01176502,1.24030315131592,0.22237888262303598,0.8798719757146458,0.8774305691452485,7572
HILIC_680.6848249_51.08491999,-2.9396272332091327,0.0055341543969965054,0.2223678266061632,-2.0995754382693903,7573
HILIC_680.7632629_49.18272078,-1.739807835202582,0.08989283390032204,0.7023904516472353,-0.8218510992786922,7574
HILIC_681.1497227_78.71508456,-1.4343167083655692,0.1595654880723303,0.8202102361448862,-1.2713387935380505,7575
HILIC_682.0640418_93.56223376,-0.2269309081805452,0.8216796982897339,1,-0.10140364012110002,7576
HILIC_682.152885_83.43027301,-0.9196407081025484,0.3634942822852024,0.9633639059453812,-0.6247095181650805,7577
HILIC_682.4989352_47.55050619,-0.5678238127020608,0.5734556319714054,0.9913379189285378,-0.11427397328834905,7578
HILIC_682.5446358_47.50608279,0.8600443523957959,0.3950955435267559,0.9669701703160376,0.41729895852543886,7579
HILIC_682.559867_43.70800543,0.6431521421252601,0.5239427308498827,0.9824083431236167,0.23188995922025316,7580
HILIC_682.5883096_47.3629651,0.7050784143935148,0.48501097656064396,0.9781047779839798,0.1345073504800096,7581
HILIC_682.6595881_48.90662737,1.3242412923533575,0.19324114813302107,0.8515234707275139,0.9606323799754753,7582
HILIC_682.6815948_50.88860433,-1.0076425891140455,0.3199254617093349,0.9483800637817349,-0.8746918164466998,7583
HILIC_682.8053003_58.74338417,0.05434509525639279,0.9569416178670473,1,0.02086803179965023,7584
HILIC_683.0050282_291.0676436,-0.175393046097377,0.8616912155492966,1,-0.10467689378736549,7585
HILIC_683.3381968_290.0122551,2.152705524585804,0.037678332904770816,0.5220805529735174,1.4051253793863718,7586
HILIC_683.7530791_285.665561,-0.2178863561770218,0.8286698832850073,1,-0.08030107704394543,7587
HILIC_684.0315535_105.6946756,0.1609322345442126,0.8729893702949519,1,0.0781815933485136,7588
HILIC_684.2027525_284.8081925,0.4009082138257173,0.6907069253071871,0.9999159889500627,0.21334588734704057,7589
HILIC_684.2596533_286.9822503,-0.9768544481381676,0.33474749960353956,0.9528688564543588,-0.46755942304809955,7590
HILIC_684.4959157_47.53920122,-0.6928095767295128,0.49259263253130625,0.9781047779839798,-0.14731242327844246,7591
HILIC_684.5721146_44.26902166,1.2786585529203536,0.20868147873900694,0.8683661493536527,0.27670342620410565,7592
HILIC_684.5856642_47.34227372,0.878334757012143,0.38521793761118706,0.9654585951975644,0.16604120748138165,7593
HILIC_684.7668825_285.4934866,-0.30758514262098935,0.7600579843792503,1,-0.1293662999217401,7594
HILIC_684.8031455_58.14535744,-0.8092026479560955,0.42337789149993044,0.9724257019093233,-0.23083650700129255,7595
HILIC_685.0602982_80.88548722,0.46938294778152184,0.6414468642794511,0.9955023063019077,0.35029261155163144,7596
HILIC_685.5587551_81.55528817,-0.3632404838600786,0.7184147089197332,1,-0.28454514037523704,7597
HILIC_685.9059725_28.31082237,0.7811633655067327,0.43948983557907906,0.9745124110909839,0.5021094400533423,7598
HILIC_686.2843716_250.7489431,-0.11937417015599056,0.9056004635065993,1,-0.07675132640820977,7599
HILIC_686.4933853_47.56536848,-1.0718766399990145,0.29045733714801397,0.9329553806164996,-0.2364777937171872,7600
HILIC_686.5367279_47.23947289,0.23794192350055623,0.8131895852108204,1,0.038756743298507666,7601
HILIC_686.567087_44.03916412,-0.20972316917494643,0.8349910429217988,1,-0.09391177845781282,7602
HILIC_686.5827438_47.41434143,1.0293236708009994,0.3097593694985145,0.9421850854569164,0.21234991180432125,7603
HILIC_686.708938_50.15445357,-1.350045462631843,0.18489561112331093,0.8467345678477594,-0.9510183036767806,7604
HILIC_686.7913223_249.9596283,-0.42281226336179323,0.6747876057504474,0.9996367449012522,-0.2600524861346764,7605
HILIC_687.0427654_269.4331543,-1.3896585591238455,0.17262716485159701,0.8326851500809265,-0.887339748510914,7606
HILIC_687.0741887_80.5168978,-1.003893665607638,0.32170605401660274,0.9495488307541496,-0.9761824746257342,7607
HILIC_688.0589505_80.51067868,-0.28802306968637753,0.774875957131241,1,-0.23136355915282517,7608
HILIC_688.2389837_92.1043868,1.371035913475079,0.17831363704127795,0.8406428444874736,0.29957733341303217,7609
HILIC_688.490561_47.56948896,-0.9480700342610088,0.34901468331248664,0.9574386235069654,-0.26420789702708347,7610
HILIC_688.533742_47.13619699,0.024182197811287335,0.980832345171163,1,0.003384711925429616,7611
HILIC_688.57984_47.46580611,0.9596519837340224,0.3432264046681509,0.9561851813631342,0.2376346574413423,7612
HILIC_688.7052551_50.08396642,-1.7097894191941463,0.0953645897034142,0.7128280646827104,-1.3603103887988224,7613
HILIC_689.0070248_108.9854805,1.3558641571836576,0.18305259143219493,0.8460463584863603,0.5039554752140339,7614
HILIC_689.0165906_105.7265107,0.35475121675337185,0.72471441601119,1,0.11207368353436813,7615
HILIC_689.2231925_75.08233434,0.44927101989857005,0.6557584427986491,0.9965858111391217,0.08333333333333313,7616
HILIC_689.5538565_28.61104383,-1.159229053911355,0.2535114446231708,0.9060345787272268,-0.9003588717757,7617
HILIC_690.0214184_110.4491517,1.4546979681633845,0.1538684692145521,0.8098035215536038,0.9443509002652105,7618
HILIC_690.5308511_47.20022135,0.1722115704915515,0.8641744497505706,1,0.023115964510190642,7619
HILIC_690.5769711_47.39665491,-0.3946237474837625,0.6953010912303677,0.9999159889500627,-0.18544932949965234,7620
HILIC_690.5902826_43.60696508,1.6836464305345715,0.10035317481546457,0.718134185467518,0.7718494100151473,7621
HILIC_690.6202405_47.14845152,0.5338714992029394,0.5965036569794874,0.9924074341965825,0.21588927923764892,7622
HILIC_690.8996068_49.84357605,-2.6137130074574113,0.012717495278985455,0.3258016514067845,-1.6322752300596317,7623
HILIC_690.9529351_62.02619815,0.327665819833152,0.7449418440631155,1,0.20089903720261812,7624
HILIC_691.0115597_102.5053387,-1.178088701934716,0.24600131426576077,0.9002284293303288,-0.4494513722460893,7625
HILIC_691.9314124_60.12088365,1.3672179885220241,0.17949715398294763,0.8428280108876985,0.8825191386527622,7626
HILIC_692.0142841_103.6133399,1.656535546274985,0.10575286053009686,0.7270102455490702,0.7045837545417171,7627
HILIC_692.1076346_42.32050163,-0.9092285293878479,0.3688938128108117,0.9637531830220828,-0.6721690190836183,7628
HILIC_692.408124_27.09952351,0.7552799606521039,0.45468294929428277,0.9753792522951469,0.5260015721659548,7629
HILIC_692.4810928_45.94685218,-0.5315611970101152,0.5980877889535474,0.9926487049255592,-0.39298573333191716,7630
HILIC_692.5278704_47.15746862,0.18605687418095573,0.8533782876568724,1,0.026165989858496195,7631
HILIC_692.5942759_43.71852764,0.8464664906845555,0.40253017142596503,0.9669701703160376,0.2909431540868858,7632
HILIC_692.6170662_47.26266012,0.32157693514510416,0.7495149156271561,1,0.10696331947098976,7633
HILIC_692.7064247_46.71620639,-0.5060563142156441,0.6157064281868296,0.9931667617408494,-0.2658637115162672,7634
HILIC_692.8344337_58.80265904,-0.7745255326414868,0.4433569951264599,0.9745894987688215,-0.1525141680392096,7635
HILIC_692.904892_53.00116357,-1.6683495815603209,0.10337108563604942,0.7228916721315264,-1.6020412121516274,7636
HILIC_693.0156203_109.563235,1.0191039172672753,0.3145233920272337,0.9432451997699547,0.3890648130205227,7637
HILIC_693.0424321_81.51293273,-0.6926940234012408,0.4926643525718798,0.9781047779839798,-0.42653176625237915,7638
HILIC_693.051679_79.00369381,-4.759960405605067,2.7379265546934075e-5,0.02395189232850786,-3.9610875248176933,7639
HILIC_693.1946225_88.37780279,-1.757333502062096,0.08682143817536922,0.6962067550962847,-1.2456577767850046,7640
HILIC_693.7084785_46.64822833,1.5719376278166601,0.12415869499796033,0.7633864733503855,0.8439540377814881,7641
HILIC_693.8377454_58.71818043,-0.2864906055827018,0.776040464839769,1,-0.06683384177757064,7642
HILIC_694.0196663_277.013087,1.221574688863096,0.2293055319431113,0.885876489596682,0.8325460937746758,7643
HILIC_694.0444958_80.13597314,-1.4884830413677081,0.14478014641449077,0.791955466633583,-0.9287042360964212,7644
HILIC_694.1329339_42.68087096,-1.1539486158846157,0.25564361503575544,0.9080174524557355,-1.0951805912873742,7645
HILIC_694.4227066_28.59300004,0.4267986435274883,0.6719063374253607,0.9996367449012522,0.44789673496093096,7646
HILIC_694.4778671_46.62055131,-0.3718353216278668,0.7120568649046617,1,-0.13919155467485425,7647
HILIC_694.5249559_47.24272798,0.2792239876674043,0.7815693958677368,1,0.03833679785132333,7648
HILIC_694.597161_43.77489505,-1.2343290494034236,0.22457126961351997,0.8802431750569857,-0.9356888903518832,7649
HILIC_694.6142283_47.32267992,0.38290742580556986,0.7038971406494686,0.9999159889500627,0.15735396533289284,7650
HILIC_694.6410364_49.85916844,0.6724252874238625,0.5053340426333641,0.9781047779839798,0.4137920997844462,7651
HILIC_694.7074633_46.79236408,1.144078945865186,0.2596635236794394,0.9110155930665823,0.5409573503227793,7652
HILIC_694.8325722_58.91001931,-0.7387059977623196,0.4645711043367503,0.977038339924947,-0.1388191029417915,7653
HILIC_694.9249833_28.82305169,0.1675563158476449,0.8678105188036601,1,0.1372322348158738,7654
HILIC_695.0235729_262.3896154,1.4979108755115416,0.1423217709179642,0.787557245903916,0.6532182030336622,7655
HILIC_695.1353583_42.41238492,-1.543138104340042,0.13098845338765547,0.7695694101421344,-1.1688630734417917,7656
HILIC_695.1927674_70.16517999,1.3411564949053463,0.18773861758606147,0.8489710044879274,1.0354139619130516,7657
HILIC_695.4283089_28.96460813,0.6918326987961979,0.49319913087355416,0.9781047779839798,0.3656191991490469,7658
HILIC_695.8366919_58.36846528,0.8562875978502347,0.39714389278896345,0.9669701703160376,0.3768055275916855,7659
HILIC_696.0191928_264.7882066,1.058666873063593,0.29635721701310286,0.9388006206599299,0.5308388270263631,7660
HILIC_696.0487785_81.00406183,-1.5790732827449565,0.12251188046853824,0.7610366319338615,-1.2806791526692618,7661
HILIC_696.1302224_42.46891916,-0.6465982818658549,0.5217332280887863,0.9824083431236167,-0.5165854546027273,7662
HILIC_696.1963905_69.62839628,0.027492820640937485,0.9782088672829959,1,0.022415574264747055,7663
HILIC_696.4387275_26.84263503,-0.04872824208720237,0.9613881086419415,1,-0.05587216037558484,7664
HILIC_696.4628381_44.44431554,-3.3751553561825935,0.0016970113897526763,0.12282648482768792,-1.7269365364958742,7665
HILIC_696.4753844_46.80214671,-0.45334895756353927,0.6528457293418289,0.9965858111391217,-0.15252205482858047,7666
HILIC_696.5221888_47.26060836,0.7789077530265582,0.4408016784779757,0.9745894987688215,0.12538070245834634,7667
HILIC_696.5616372_47.04501737,-0.2615845300839215,0.7950379697505932,1,-0.13451632406930475,7668
HILIC_696.6114148_47.28985949,1.7618141214510814,0.08605048797631373,0.6962067550962847,1.158082660243164,7669
HILIC_696.6356466_49.87301823,1.4273675954505112,0.16154540126616918,0.8218381018016443,0.9116938645672931,7670
HILIC_697.0269558_259.6990955,0.0115791524879286,0.9908212518562962,1,0.0046780419369457146,7671
HILIC_697.1218867_70.63936942,0.18166846282571786,0.8567972573358208,1,0.06965567627484509,7672
HILIC_697.1490056_83.99610075,-0.9930619851922659,0.3268883993956282,0.9506069103298993,-0.8784775546073075,7673
HILIC_697.2090382_39.45660363,-1.956006066290686,0.05775796718896455,0.6143382969117354,-1.3006125477135928,7674
HILIC_697.849109_59.02302273,-0.6266220864373677,0.5346099466744862,0.9833164118236528,-0.26143840567175397,7675
HILIC_698.029733_258.6898737,-0.4903436842343673,0.6266773095941278,0.9947980550876518,-0.23476586466525315,7676
HILIC_698.4603961_44.56867207,-2.3479282283732363,0.02412117809938349,0.4411451780457679,-1.0764185787171618,7677
HILIC_698.4727485_47.11489553,-0.704875345203809,0.4851359284673895,0.9781047779839798,-0.20385894074654168,7678
HILIC_698.5156991_100.5578941,-1.5043347761767263,0.14066585675046273,0.7852222195474602,-1.4297728212975251,7679
HILIC_698.5628371_47.04223959,0.9403862157833086,0.3528901610906896,0.9588212436414275,0.16712696852385567,7680
HILIC_698.6140701_47.28352133,1.003570100556101,0.3218600494423044,0.9495488307541496,0.3032336795588092,7681
HILIC_698.6338346_49.8262409,1.894411749094578,0.06570982448344659,0.6415887934966203,0.9185190408519502,7682
HILIC_699.0209375_258.0404414,-0.6611679485278067,0.5124471771310215,0.9809364143692394,-0.3748300357723104,7683
HILIC_699.0341994_174.5264404,-5.131353364228206e-15,0.999999999999996,1,-1.6833027356842267e-15,7684
HILIC_699.0379134_176.845464,-0.27019284938371074,0.7884568874003067,1,-0.18277972987362073,7685
HILIC_699.0505624_79.88722155,-2.3812507139797994,0.02230619331758437,0.4244273204202801,-1.2180621828763651,7686
HILIC_700.0080388_102.5619683,-0.6168470897609202,0.5409711617955788,0.9844101439284977,-0.4266188414655118,7687
HILIC_700.0213464_258.6622471,-0.4870511557189029,0.6289872544493776,0.9947980550876518,-0.323303722933157,7688
HILIC_700.0524972_83.09624777,-0.1553671124430822,0.8773446915729772,1,-0.10442208865664357,7689
HILIC_700.165981_92.6372298,0.4503935025272844,0.6549561513659453,0.9965858111391217,0.2679914014885474,7690
HILIC_700.4698214_46.83089536,-0.0355081382758918,0.9718582621328763,1,-0.014168049922482105,7691
HILIC_700.5591412_47.04502196,1.0629715193491018,0.2944255430273456,0.9374595218807457,0.20219450769777692,7692
HILIC_700.6496312_47.20260327,0.8005639096165497,0.4283032095688728,0.9742203846590763,0.5328066642059786,7693
HILIC_700.8130157_40.46884876,-2.8077366692584156,0.007795352313129034,0.2619554217640756,-1.774676157028081,7694
HILIC_700.9572327_59.19843708,-0.3609143016286807,0.7201389642203408,1,-0.2809424799509396,7695
HILIC_701.019422_258.2162774,0.021103011933208096,0.9832726166512331,1,0.0110842942061328,7696
HILIC_701.5481856_28.48820674,1.0549219408188226,0.298044878656586,0.9388638086478203,0.6151661370307773,7697
HILIC_701.5594589_27.87129596,-0.7351005517049767,0.4667385013363865,0.9775312433001775,-0.2333785659365129,7698
HILIC_701.7497422_287.1272537,-0.15230173258631666,0.8797453476392111,1,-0.07108302178639625,7699
HILIC_702.0017418_113.9151101,0.21309419602550123,0.832379321051719,1,0.10894830232975244,7700
HILIC_702.0193047_259.4449459,0.20542373390906987,0.8383247973172167,1,0.12891282059230807,7701
HILIC_702.3039132_292.3112299,-0.3269140849694286,0.745505934864608,1,-0.19704060512066324,7702
HILIC_702.4671157_46.41302347,-0.06670355595880052,0.9471633463447124,1,-0.04315924353616582,7703
HILIC_702.5462862_46.66606035,0.37478400508044496,0.7098803978979896,1,0.09244167169017942,7704
HILIC_702.5589426_37.87318926,-0.5122003598469531,0.6114405016873599,0.9928201179984223,-0.17540567038597418,7705
HILIC_702.6536855_47.14783471,-0.01041730705223346,0.9917422060268033,1,-0.003597034823223182,7706
HILIC_702.8086794_293.2488932,-0.652336639344538,0.5180651460231841,0.9824083431236167,-0.2611517987792381,7707
HILIC_702.863044_59.01139296,-0.5113200627696508,0.6120508729830816,0.9928201179984223,-0.2004430809924051,7708
HILIC_703.0168861_258.8236841,1.54671337381346,0.1301244564541464,0.7695072627505222,0.9512546975118243,7709
HILIC_703.1388777_77.14974886,-1.5131049568860095,0.13843003403878815,0.7814358012035076,-0.7782561023975129,7710
HILIC_703.3589199_59.73091615,0.07198121364519405,0.9429899836538695,1,0.036044704994272224,7711
HILIC_703.5742993_27.95030291,-1.74936122544476,0.08820750252479051,0.6987283714390797,-0.4904655880403838,7712
HILIC_703.8667653_58.98073015,-0.3595356978898327,0.721161537481412,1,-0.1607412827298869,7713
HILIC_704.0332373_79.9204899,-0.21822727950003085,0.8284061370453636,1,-0.16624743139914158,7714
HILIC_704.1210255_84.99502623,-0.5710386788476229,0.5712961942108994,0.9913379189285378,-0.3036003687564577,7715
HILIC_704.2663274_288.2409257,-1.318461145999006,0.19514940340336637,0.8539824867595781,-0.7000943272768941,7716
HILIC_704.3563712_43.53903593,1.3980602464754057,0.17010827109248436,0.8323231239234016,0.6929813470922791,7717
HILIC_704.5066756_46.16641811,0.0681079520281831,0.9460526534590303,1,0.03222420543570785,7718
HILIC_704.55736_47.24459508,0.5925914987604952,0.5569238584943894,0.9878934493313638,0.10565906344549503,7719
HILIC_704.5780335_28.17009424,-0.8929726832040823,0.3774268539734198,0.9637531830220828,-0.29869405260330806,7720
HILIC_704.6427867_47.15504377,0.5994656668865147,0.5523786710267121,0.9858134543858914,0.4003557796768494,7721
HILIC_704.8681716_58.90852102,0.0027649595532355108,0.9978081801682731,1,0.0014085149741433981,7722
HILIC_705.432008_69.98065876,-0.6745962205294745,0.5039685444779809,0.9781047779839798,-0.6677901748546872,7723
HILIC_705.5827625_28.45507177,-0.9723335817539628,0.33696208250203363,0.9540620942988052,-0.5243036302055251,7724
HILIC_705.7761986_232.257853,0.017480498865627237,0.9861436843752234,1,0.006088674257762659,7725
HILIC_706.0155061_95.90459999,-1.1577482726386505,0.25410806184462514,0.906563406245264,-1.1427786567774805,7726
HILIC_706.0255395_92.96727301,-1.1848243055286045,0.24335878607405073,0.8982469518214177,-0.8001164666656004,7727
HILIC_706.0381521_115.5630969,-0.01676037463700884,0.986714451233357,1,-0.015988659915744607,7728
HILIC_706.2118793_98.7659481,0.6647778438137372,0.5101603099503332,0.9802142331323181,0.5428367694156795,7729
HILIC_706.3532763_43.58398793,-1.2370790776960285,0.22356007282587315,0.8799075082512211,-0.6016080121479277,7730
HILIC_706.3981081_44.22227655,-1.7079187531203048,0.09571456204415497,0.7129804503146869,-0.4554328563740134,7731
HILIC_706.428462_71.10564864,-1.4998705220922806,0.14181498404570486,0.7872485510099023,-0.7880052802544618,7732
HILIC_706.5039899_46.64832034,0.23471984512662575,0.8156716778710941,1,0.06528568757396576,7733
HILIC_706.5420084_26.53484145,-1.3080432508609983,0.1986249834011938,0.8593515168411124,-1.0863283346451436,7734
HILIC_706.5897933_46.53412897,0.33744306224769627,0.7376181969176969,1,0.2393102663141635,7735
HILIC_706.6376819_47.01650729,-0.08248981126083714,0.9346851598371823,1,-0.028313557939917775,7736
HILIC_706.767334_283.8227659,-1.1098250439239177,0.27396734943376316,0.9220194108972039,-0.585911933628768,7737
HILIC_706.913237_61.9428758,-2.8336974279276244,0.00729148043375645,0.25569008396052195,-1.7752340542430916,7738
HILIC_707.0378118_79.70981795,-0.3967692029336939,0.6937313695305809,0.9999159889500627,-0.33287115860224126,7739
HILIC_707.1168889_100.6263449,2.3194518919478972,0.02577649849382593,0.4520171679135469,1.0425461945047756,7740
HILIC_707.2254228_79.8390731,0.6305963096538857,0.5320349255570075,0.9833164118236528,0.3620794263298661,7741
HILIC_707.2685207_287.5287472,-1.1964045503668015,0.23886416988148418,0.8949573357591502,-0.526350768727368,7742
HILIC_707.5391869_80.06815652,0.2552907185339231,0.7998592473611653,1,0.22940867702620374,7743
HILIC_707.9278666_31.03941324,0.2833633639569387,0.7784184533256739,1,0.24368840775528575,7744
HILIC_708.0377151_105.0942878,1.5194020932083436,0.13684229584935906,0.7779226785502213,0.6003192318020331,7745
HILIC_708.3502297_43.69902445,-1.1406075497782269,0.2610881798116346,0.9127047852338184,-0.4925192788047124,7746
HILIC_708.5011685_46.6197655,0.1108863091035009,0.9122833017879322,1,0.03619203445471155,7747
HILIC_708.5955744_47.13519534,-0.4002875405910907,0.6911601361122853,0.9999159889500627,-0.15599174849901418,7748
HILIC_708.808378_58.84425351,0.5989672649791348,0.5527075762578167,0.9858134543858914,0.32971995677431165,7749
HILIC_708.8753885_50.93637621,-0.8672578131418709,0.3911810970459023,0.9669701703160376,-0.8870775237308225,7750
HILIC_709.036285_113.4826685,1.757840266830136,0.08673395288596093,0.6962067550962847,1.1600191951260688,7751
HILIC_710.3479727_43.59046208,-1.1096932038306782,0.27402346463902255,0.9220194108972039,-0.5308879978746218,7752
HILIC_710.5844738_47.32631214,0.8992909880918425,0.37409532147453295,0.9637531830220828,0.33259061328529177,7753
HILIC_710.6536576_41.63485869,-1.554816882405063,0.1281831833641679,0.7671458326289821,-1.1906610114032226,7754
HILIC_710.846271_60.03845243,0.3872259002147911,0.7007241043095684,0.9999159889500627,0.22466629407599728,7755
HILIC_710.9980983_112.4798393,-1.5175825851410052,0.1372995532377398,0.7784967967874279,-1.2495549634204095,7756
HILIC_711.162262_70.220687,1.0355934169185226,0.3068613154544847,0.9414175050708642,0.7237114342233784,7757
HILIC_712.3450767_43.5856839,-0.9572995541183267,0.34439688469604,0.9564212583657042,-0.4976927561689384,7758
HILIC_712.5817692_46.96697513,3.328497117472391,0.001932726216329083,0.12699856034871324,1.2454270047181375,7759
HILIC_712.6613916_41.97741241,-0.27754402224177144,0.7828492728873966,1,-0.2188799933310491,7760
HILIC_712.6788937_47.37781595,0.32667348831691023,0.7456865050393577,1,0.2062932651127185,7761
HILIC_712.9802515_116.897887,0.4279182843514384,0.6710979835881068,0.9996367449012522,0.2870206880240359,7762
HILIC_712.9927915_105.1524002,0.07892900107704348,0.9374984469907967,1,0.02900712111039788,7763
HILIC_713.0958486_70.91551942,0.8788938201150243,0.384918509956233,0.965060611460648,0.6481773567086815,7764
HILIC_713.996539_119.416797,0.6126134269410825,0.5437384290977328,0.9844101439284977,0.2916484394897013,7765
HILIC_714.3427035_43.5630332,-0.701191775771582,0.48740563365783596,0.9781047779839798,-0.37656771777643533,7766
HILIC_714.3884783_43.75801298,-0.2788596807123533,0.7818468900443135,1,-0.10693707549930005,7767
HILIC_714.5337609_45.95423288,-0.06502622946758221,0.94849003104687,1,-0.024703562601470382,7768
HILIC_714.587475_46.6615015,1.4214949465931974,0.16323359957375774,0.825362037110954,1.058260413263961,7769
HILIC_714.6572736_41.67257121,1.1427914017180691,0.2601912759861305,0.911112589206785,0.7374881739754687,7770
HILIC_714.6772693_46.74732884,-0.457721161061436,0.6497289330538367,0.9965858111391217,-0.26078600983583633,7771
HILIC_715.015935_78.83195074,-2.002729796436503,0.052293654799931165,0.5951460072669303,-1.2145471963472754,7772
HILIC_715.0299453_76.67121632,-1.9820421850337697,0.054655095367902556,0.6038196541700064,-0.9805068063659521,7773
HILIC_715.2749689_290.255545,-0.26648066572274576,0.7912929682682256,1,-0.14679957942925775,7774
HILIC_715.390545_291.1793765,0.8841900144167979,0.3820892719193585,0.9638726330536317,0.6484045258863745,7775
HILIC_715.4992225_291.5540949,0.2885793179133586,0.7744533983803203,1,0.22017953290034764,7776
HILIC_715.6011333_290.8870273,0.43999554331719226,0.6624037984290133,0.9975425300344899,0.31491201309987593,7777
HILIC_715.721877_291.0484283,1.6300059946409111,0.11126642280859085,0.736040478094709,1.2024918874325516,7778
HILIC_715.8323906_291.5928469,-0.9893158582105739,0.32869375564941195,0.9506069103298993,-0.754539366237725,7779
HILIC_715.9456291_291.0880851,1.1000597732838253,0.27814585553128623,0.9253857243533475,0.6866195129236534,7780
HILIC_716.0047608_269.3009332,0.41326793240699666,0.6817061371840417,0.9999159889500627,0.20735000611904275,7781
HILIC_716.0279784_79.45662045,-0.04945839874543581,0.9608100182858222,1,-0.04551882757958414,7782
HILIC_716.0545611_291.4111606,0.9457162355136753,0.35019887008099593,0.9578247927857968,0.8898426349648365,7783
HILIC_716.3404525_43.50136116,0.4005072761108106,0.6909996737672697,0.9999159889500627,0.1786701736313828,7784
HILIC_716.3830001_43.76260594,-1.7236146648100872,0.09281099669714624,0.7109023686553717,-0.688543244513015,7785
HILIC_716.4268651_28.71830672,-0.44473855715669197,0.6590022012634614,0.9966234676404485,-0.26436154191115074,7786
HILIC_716.4378548_34.80948823,-0.6224257229706859,0.5373359768961496,0.9833164118236528,-0.5336661569558313,7787
HILIC_716.5169403_23.54282232,0.5451496355116078,0.5887991055434116,0.9913379189285378,0.2936935169721848,7788
HILIC_716.5319992_43.22130031,0.0791070608810648,0.9373577478180622,1,0.03300328046766151,7789
HILIC_716.9385334_49.8614996,-1.028362469364922,0.3102053199542941,0.9421850854569164,-0.708936724506831,7790
HILIC_717.2715666_287.6556898,0.26258602253556357,0.7942715362576304,1,0.1671267034892171,7791
HILIC_717.4394666_29.14175328,0.6339284241287069,0.5298809896781522,0.9824083431236167,0.3266308568004487,7792
HILIC_718.2754886_287.2792861,-0.28281459818911175,0.7788359640119521,1,-0.11535471006403783,7793
HILIC_718.3804528_44.29498432,-1.4905102732215387,0.1442486965379537,0.7912074889195481,-0.5542183087449916,7794
HILIC_718.4408522_45.51619019,-0.30757228454801544,0.760067694865787,1,-0.23893771229872132,7795
HILIC_718.4925714_47.84428013,-0.7446542320523497,0.46100810428620065,0.9755657681934743,-0.19494641631670695,7796
HILIC_718.5260977_46.14787266,0.1866561631706546,0.8529116078183163,1,0.05462025892825615,7797
HILIC_718.6218611_46.99512279,0.45711801803403684,0.6501585163453303,0.9965858111391217,0.2511975695876836,7798
HILIC_718.7769837_286.5448541,-1.6345678038120985,0.11030190078672007,0.7342554497285476,-0.7937429782070562,7799
HILIC_718.8372931_58.93680738,-0.11158478670865259,0.9117331115993756,1,-0.07525888997895216,7800
HILIC_719.0090878_259.3617246,0.9738070765460807,0.3362392059581203,0.9539608391559061,0.7445130782886012,7801
HILIC_719.1080648_78.81512761,-0.15789232700599537,0.8753679460840368,1,-0.10297091210505452,7802
HILIC_720.3783364_44.55002852,-0.8599924255332548,0.39512381103811145,0.9669701703160376,-0.34660793415959634,7803
HILIC_720.4891491_47.89986475,-0.5287303945988792,0.6000315208443162,0.9927179766037689,-0.12167984965980698,7804
HILIC_720.6142218_46.84341589,0.6493832170178482,0.519951304686772,0.9824083431236167,0.334166317015531,7805
HILIC_720.9596768_62.59100031,1.3128134978930588,0.1970277553912605,0.85846412404072,0.7637652389674655,7806
HILIC_721.0049408_259.0247479,-1.0842621106538797,0.28500068088443997,0.9295944216943315,-0.6100656732533258,7807
HILIC_721.9919908_90.70921997,-0.19731316268154245,0.8446218527146918,1,-0.21910175655560143,7808
HILIC_722.3755301_44.20785172,-0.9952487891007391,0.32583762155814333,0.9506069103298993,-0.43425087618496744,7809
HILIC_722.4661899_44.25507803,0.80768851738654035,0.4242386643767072,0.9724257019093233,0.21445584497653122,7810
HILIC_722.4851718_47.74399359,-0.7243915578597291,0.4732104307364794,0.9781047779839798,-0.1642048924164457,7811
HILIC_722.6149465_45.51724129,-0.18598957384717885,0.8534306992777954,1,-0.1043795083052884,7812
HILIC_722.6694181_50.07881787,-1.7765781393507603,0.0835507086125383,0.6948552844377854,-1.4105696476481835,7813
HILIC_722.6983868_46.8720979,0.4567022501086608,0.650454713767088,0.9965858111391217,0.4348262594773583,7814
HILIC_724.372942_43.87974072,-1.1545124338631256,0.2554153370160814,0.9079932673140159,-0.45055941754995177,7815
HILIC_724.4171864_43.76428169,-0.673322106174891,0.504769705973052,0.9781047779839798,-0.12748055802996855,7816
HILIC_724.4680023_44.64005546,-0.4803808033150718,0.6336785522975752,0.9947980550876518,-0.20283419745310538,7817
HILIC_724.4835406_47.86539674,-0.8965096431919868,0.3755595404730502,0.9637531830220828,-0.1969239606745556,7818
HILIC_724.5220449_23.35317554,0.01209594123512129,0.9904116155313669,1,0.010212728634472657,7819
HILIC_724.6665505_50.45353589,-0.20566800975710925,0.83813530593852,1,-0.1603065592686664,7820
HILIC_725.2342415_137.4581547,0.5268916713007854,0.6012956445810654,0.9928201179984223,0.4193388928756921,7821
HILIC_725.5278918_113.35775,-0.5010040478097979,0.6192244619307818,0.9946591876861559,-0.3878111281720532,7822
HILIC_725.5283024_22.90407612,-1.064451005866471,0.29376366580756974,0.9363719106185321,-1.2029535111131147,7823
HILIC_726.0291024_116.5522618,-0.2948381723328898,0.769703620694044,1,-0.20762564118471302,7824
HILIC_726.4131346_43.9081213,-1.1320351487235107,0.26463032262513875,0.9153716740091526,-0.4417155571832853,7825
HILIC_726.4805629_47.91210915,-0.5520548823969009,0.5841055384886085,0.9913379189285378,-0.11950590575577101,7826
HILIC_726.5623973_46.47567641,2.560082996960867,0.014513156265738123,0.3456114252342856,1.1466346521741018,7827
HILIC_726.6647706_49.78599076,-0.9616004321398579,0.34225893283601583,0.9550137755006265,-0.8032279983312801,7828
HILIC_726.7123947_145.6938077,-0.19449175653059086,0.8468148394421113,1,-0.12469199303594426,7829
HILIC_726.7332872_140.8183718,-0.05193899287641034,0.9588462077209136,1,-0.03223601479979768,7830
HILIC_727.2120706_146.8192608,1.5225775614589105,0.13604720040680518,0.7761420841359271,1.3001204960627677,7831
HILIC_727.2226239_136.6075324,-0.4022265287737825,0.6897446843260787,0.9999159889500627,-0.2973535915758578,7832
HILIC_727.4067173_58.73181569,-0.6782949221238764,0.5016467619512893,0.9781047779839798,-0.46650175259773785,7833
HILIC_727.422452_62.58058555,-1.0133273396835876,0.31723823031551585,0.9452895703994642,-0.6828334482546015,7834
HILIC_727.7202406_152.513087,-0.4380067792318907,0.6638322635694416,0.9978767801948073,-0.2921105705137607,7835
HILIC_727.7333881_134.4205356,0.545453755178361,0.5885920117389134,0.9913379189285378,0.4230088852000633,7836
HILIC_728.4114082_44.96959965,-1.185158661581531,0.2432281528470951,0.8982469518214177,-0.32341392155139065,7837
HILIC_728.4774424_47.98535237,-0.8732195479125324,0.3879644500655921,0.966178069551278,-0.19001575218615713,7838
HILIC_728.5210107_47.64341884,0.3967276537358983,0.6937617560463579,0.9999159889500627,0.04898668221308838,7839
HILIC_728.6486289_47.51594437,-0.3671013024626462,0.7155562130470179,1,-0.41741292008595876,7840
HILIC_728.6755746_49.59141795,-0.7514243535370159,0.4569721749474358,0.9755657681934743,-0.5945171459702502,7841
HILIC_728.9654366_108.6929798,0.8665540319710784,0.3915619291615422,0.9669701703160376,0.5227806395506527,7842
HILIC_729.1001305_105.3529311,0.46239294292972605,0.6464056056108967,0.9965858111391217,0.2884107503852974,7843
HILIC_729.5905856_28.05392834,-1.1309539810182105,0.26507949812192666,0.9153716740091526,-0.6827366691833652,7844
HILIC_729.9334529_30.86419722,1.3328222554150668,0.19043455082275304,0.8507713974810356,0.8296519894960944,7845
HILIC_730.4090248_43.70851349,-0.6384050801618979,0.5269944698979916,0.9824083431236167,-0.20322418004614998,7846
HILIC_730.4748934_47.71949238,-1.2522546669789298,0.21804077244973596,0.8743686367820893,-0.2847883489138066,7847
HILIC_730.5257602_39.43759037,-0.07649396483212513,0.9394227638709272,1,-0.009620917612117733,7848
HILIC_730.5983024_28.13101768,-0.2030214982390887,0.8401887938924022,1,-0.12250262139992395,7849
HILIC_730.6790792_49.43159331,1.196625496386959,0.2387790102327202,0.8949573357591502,0.78574149624777,7850
HILIC_730.9905286_115.3504509,0.8110148613203463,0.4223490585487708,0.9720647144923827,0.5476366996759371,7851
HILIC_731.0728128_109.6898567,0.8431503722942281,0.4043590945796066,0.9669701703160376,0.3691938171267581,7852
HILIC_731.0814788_121.4083288,1.030628117888889,0.3091548741168653,0.9421850854569164,0.5782159723118107,7853
HILIC_731.1097454_35.46713791,-0.32442648939596913,0.7473735998630757,1,-0.23364371074432155,7854
HILIC_731.282185_288.7871528,0.7471525363285509,0.4595163631389363,0.9755657681934743,0.4039033855222917,7855
HILIC_731.5416924_26.08488228,0.19778168900669743,0.844257803180805,1,0.15023483464368945,7856
HILIC_731.8427717_59.14897601,-0.14357615136130544,0.886585014368617,1,-0.06943566452806853,7857
HILIC_732.0847707_109.2204132,1.4469871808927548,0.1560046245888049,0.8149393093751928,0.9213346011879942,7858
HILIC_732.3419902_59.20711729,-0.5749010277276981,0.5687071696467512,0.9913379189285378,-0.32364667672597935,7859
HILIC_732.4068443_44.02400025,-0.783874460258329,0.43791617522069837,0.9745124110909839,-0.3239488521850792,7860
HILIC_732.4725666_47.97283444,-0.5575756037172559,0.5803661164431713,0.9913379189285378,-0.33601851420045625,7861
HILIC_732.4993673_44.72420617,-0.3151312659582394,0.7543659413092874,1,-0.17910693370785996,7862
HILIC_732.5150663_47.44462867,0.4862583562088476,0.6295440256071381,0.9947980550876518,0.05935174664225696,7863
HILIC_732.5533351_26.19558569,1.539841664985808,0.131789159757256,0.7699545183289296,0.35839362880100956,7864
HILIC_732.6882377_49.33325047,-1.4398383156942913,0.15800593526898896,0.8181520247448307,-0.9434652540990114,7865
HILIC_732.7389857_288.095577,0.47876931369810505,0.6348142315652134,0.9950046471006189,0.32241158525330427,7866
HILIC_732.8416135_59.02679646,-1.2329079862299015,0.2250951298806543,0.8806395883158146,-0.694542035693107,7867
HILIC_732.9159873_63.22996291,-1.88699029165691,0.06672853213859921,0.6468300924586318,-1.449226263603128,7868
HILIC_733.2477193_286.8779893,-0.1489564656583018,0.8823665085640512,1,-0.07325069067734484,7869
HILIC_733.5568329_26.11406686,1.4433269076104172,0.15702679987645307,0.8165809420917173,0.500410379324853,7870
HILIC_734.4055759_44.05203378,0.4121869122171628,0.6824915220292758,0.9999159889500627,0.10007916884739526,7871
HILIC_734.4404536_43.74900291,0.8695152127808475,0.3899611445177852,0.9669701703160376,0.2433504839867367,7872
HILIC_734.4669913_47.84007753,-1.246699354098952,0.22004929097632137,0.8778528260192604,-0.31480108211409835,7873
HILIC_734.5123319_47.57115059,0.4223965681071425,0.6750883476329816,0.9996367449012522,0.051183728225132924,7874
HILIC_734.5711862_26.52520622,1.0076206087688562,0.31993588195520006,0.9483800637817349,0.5497670600950508,7875
HILIC_734.6832665_49.17904652,-1.938521942455167,0.05992606147836511,0.6241315702727834,-1.657223712632102,7876
HILIC_734.974657_257.7532855,1.792046624093929,0.08099749997758444,0.6939617698381066,0.5492591293002368,7877
HILIC_735.5715242_26.43871738,-1.7558521250215817,0.08707760020037031,0.6965321278756709,-1.402676006985531,7878
HILIC_735.8740935_60.16533269,0.2094525251211786,0.8352008083888013,1,0.09606324167077714,7879
HILIC_735.9731177_258.1371492,0.8733893839585674,0.3878730612769846,0.9661464710102153,0.4959928196268182,7880
HILIC_736.4319214_39.28789479,-0.47112089287295383,0.6402165228349407,0.9955023063019077,-0.27177516560062426,7881
HILIC_736.4424489_42.87749984,-0.8678551463136712,0.3908580498434666,0.9669701703160376,-0.38265992717296904,7882
HILIC_736.452753_45.30962004,-1.178906324876945,0.24567943185832672,0.9002001515555613,-0.2176237785778762,7883
HILIC_736.5094903_47.70911439,0.7744437744137669,0.443404752627807,0.9745894987688215,0.09064526977024424,7884
HILIC_736.6193808_49.05147643,0.06845003680944517,0.9457821257355247,1,0.040494347813051446,7885
HILIC_736.8571871_59.15649293,-0.17269696835736728,0.8637954917889178,1,-0.10561823681560702,7886
HILIC_736.9710371_257.6473323,3.009959281554637,0.004595885891262884,0.2100369120652223,1.0061147711620912,7887
HILIC_737.2852668_291.5022569,2.2669498543980398,0.029098019348715785,0.4786700355689266,1.2523702726743098,7888
HILIC_737.4034933_292.0923891,0.18002920606793657,0.8580751073374429,1,0.15599998748900185,7889
HILIC_737.5028963_292.2218292,-0.2654526266703581,0.7920788923578128,1,-0.18402782406704585,7890
HILIC_737.5163318_291.9801533,-0.3333299382852543,0.7406961633629934,1,-0.23491179253110955,7891
HILIC_737.6131234_292.4151993,0.8951087360985065,0.3762984292870214,0.9637531830220828,0.45415823897174296,7892
HILIC_737.6292166_292.0256281,0.14414313317865177,0.8861403051485562,1,0.102055284502628,7893
HILIC_737.7207118_292.2048894,0.3785901058549782,0.7070746939833111,0.9999159889500627,0.23887577311132624,7894
HILIC_737.739509_292.0153482,0.7953518014051429,0.43129155033056676,0.9742203846590763,0.5371148012943926,7895
HILIC_737.8444026_292.1421989,0.4532165779954602,0.6529401969440369,0.9965858111391217,0.359271543171017,7896
HILIC_737.960087_292.3854302,0.9111162969823209,0.36791102656854424,0.9637531830220828,0.5524442923405177,7897
HILIC_738.0596416_292.373745,0.9935754618207452,0.32664146423219786,0.9506069103298993,0.6879136127003939,7898
HILIC_738.1780372_291.6638197,-0.28774337090097135,0.7750884589173899,1,-0.2033814076402632,7899
HILIC_738.2884187_291.7707132,0.6422970456246364,0.5244917497264651,0.9824083431236167,0.36016215257207623,7900
HILIC_738.4502184_44.1829694,-0.9850069030287848,0.33077864757082764,0.9506069103298993,-0.1952828185991708,7901
HILIC_738.5064775_47.55603988,0.9087872264751965,0.3691238030429217,0.9637531830220828,0.11304962741344593,7902
HILIC_738.549887_47.3950701,1.4147439283286625,0.1651913471833776,0.8269835071898608,0.5709704800071518,7903
HILIC_738.6197827_49.14707674,1.1259714535817154,0.2671565642392154,0.9171830472460827,0.692172360306081,7904
HILIC_738.9488059_28.84950574,1.0178509211144375,0.3151109146683794,0.9434080661828157,0.6495872381044266,7905
HILIC_738.9647417_258.0325636,-1.5452791827933374,0.13047048828561697,0.7695072627505222,-0.7688406450589295,7906
HILIC_739.4559699_29.11332883,-0.2308429461189583,0.8186607524019847,1,-0.14795574050904758,7907
HILIC_740.0038557_111.5218081,1.6993784805505536,0.0973259145531438,0.7172506587165337,0.9343633007143818,7908
HILIC_740.4257696_43.68909049,0.2137726724489713,0.8318538990628076,1,0.05068798937129604,7909
HILIC_740.4487765_45.77468995,-1.1390673541134546,0.2617220700655756,0.9128151645652964,-0.21117853245336923,7910
HILIC_740.50215_110.6317803,-0.1291142004939436,0.8979403234780623,1,-0.11082018540496971,7911
HILIC_740.5041484_46.14013731,-1.4842808560944163,0.14588673715551215,0.7946881555870652,-0.40329576848506177,7912
HILIC_740.5230964_23.70249259,0.9279054511112756,0.35924513712774775,0.9598199156933532,0.6007427648190621,7913
HILIC_740.547275_47.49031562,0.9165876999268645,0.36507215643175905,0.9637531830220828,0.16848612069757343,7914
HILIC_740.6254178_49.07335303,1.6110541193924195,0.11534781927537614,0.7445326702257378,0.9984935744749204,7915
HILIC_740.6408363_50.71091522,-1.0839052527027502,0.2851568866783856,0.9295944216943315,-0.8282955575390317,7916
HILIC_741.5221097_23.44530173,0.7661111352890062,0.44828810517554973,0.9745894987688215,0.7725605574582026,7917
HILIC_741.7222177_292.3423069,0.1077104122183388,0.9147855000839311,1,0.06476477676368911,7918
HILIC_741.8280553_289.9727071,1.162034244528741,0.2523839942158798,0.9054022050039036,0.4308395493311328,7919
HILIC_742.3987693_44.70357059,0.07696466133667022,0.9390507612258864,1,0.057151589693620726,7920
HILIC_742.4308093_43.73434705,-0.3415756775193059,0.7345300428467532,1,-0.06764073028322498,7921
HILIC_742.45087_46.97036317,-0.9509524772009854,0.34756814250658374,0.9574386235069654,-0.18117913987949413,7922
HILIC_742.5312401_41.28040942,4.799757229071703,2.4187275115318084e-5,0.02395189232850786,2.05939524539759,7923
HILIC_742.5444822_47.34919269,1.1569605593972143,0.2544258505887493,0.906563406245264,0.1910185019122377,7924
HILIC_742.5750048_25.85219301,0.15967090496308678,0.873976154152345,1,0.0679630505128472,7925
HILIC_743.5768346_25.80702768,1.165531209775585,0.250983601125314,0.9053010394091442,0.9037540479414714,7926
HILIC_744.4525228_47.69414115,-0.3148861626537177,0.7545506070156491,1,-0.06456454661923777,7927
HILIC_744.4685725_43.7575043,0.10409256016247767,0.9176369706582954,1,0.024171607009004403,7928
HILIC_744.4982342_47.43115571,-0.0921518395297516,0.9270558615103146,1,-0.044983661636875796,7929
HILIC_744.5447319_41.31996461,1.0996056009024167,0.27834128500537003,0.9258398448940003,0.2662321826786985,7930
HILIC_744.5820175_26.29942596,0.07358876065730575,0.941719116767401,1,0.03763393775406645,7931
HILIC_745.3494492_60.35263755,0.04749249909221934,0.9623665371528254,1,0.020691349384681968,7932
HILIC_745.5599891_25.45540476,0.5198479645880553,0.6061497205736106,0.9928201179984223,0.36447858523846266,7933
HILIC_745.5939493_26.18947246,-0.8245895541111808,0.4146909500952274,0.9702967640516138,-0.5494135305143429,7934
HILIC_745.9015846_60.52386352,-0.38768323277464206,0.700388391662592,0.9999159889500627,-0.1726203059795343,7935
HILIC_746.459576_45.32972268,-0.8311943173928007,0.4109959528307411,0.969442209135757,-0.18515667068564332,7936
HILIC_746.476246_43.82218161,-0.26795605419194013,0.7901654361129125,1,-0.055255819445394275,7937
HILIC_746.4920921_47.33936147,-0.28110523539537957,0.7801369021016954,1,-0.039018572638639996,7938
HILIC_746.538593_47.54460224,0.5518430813542263,0.5842492323814588,0.9913379189285378,0.1316275577150427,7939
HILIC_746.5693451_26.92116058,0.8470776871150109,0.40219364455242934,0.9669701703160376,0.4097263030196404,7940
HILIC_746.6102985_26.76774987,-0.487928911775143,0.6283710752736388,0.9947980550876518,-0.30168782734208366,7941
HILIC_746.6622228_49.98434103,-0.4235398671508463,0.6742613382229116,0.9996367449012522,-0.3243827624277287,7942
HILIC_747.5776843_25.98446337,0.5275512856466575,0.6008420154666276,0.9928144482048423,0.41037887214064594,7943
HILIC_747.6078821_26.74979198,-0.19520795988039813,0.8462580404752285,1,-0.17245607673033733,7944
HILIC_748.389686_44.67938864,0.02530987058018593,0.9799387037800728,1,0.020722161141293792,7945
HILIC_748.4619262_43.65485888,1.91065041734036,0.06352720775237305,0.6364623835971484,0.5837728553411771,7946
HILIC_748.4798642_45.72215448,-0.019991205590426317,0.9841537704174572,1,-0.0024781889438477696,7947
HILIC_748.5197997_23.08610919,-1.0658750454374448,0.2931275742742519,0.9356022332077402,-0.5400402044464773,7948
HILIC_748.5441307_47.36173125,-0.1617700609007334,0.872334021772166,1,-0.03223542590219789,7949
HILIC_748.5771532_47.12919327,0.6435054531348805,0.5237159752366962,0.9824083431236167,0.255053150513268,7950
HILIC_749.0723525_127.6753097,0.3908339295863223,0.6980772259678649,0.9999159889500627,0.08333333333333413,7951
HILIC_749.5241001_22.93228399,-0.8499004322388367,0.40064170794251,0.9669701703160376,-0.41005951468597046,7952
HILIC_749.5926617_117.642058,-0.09398729879672901,0.9256073174556327,1,-0.04819438643395821,7953
HILIC_750.4693799_44.05948304,1.3682830161869737,0.1791663977111816,0.8419695208024717,0.19744290761326158,7954
HILIC_750.4785269_46.09105625,0.20123734020267053,0.8415738015204289,1,0.025015689190698055,7955
HILIC_750.5329867_23.45219417,0.9955575936361701,0.32568942248001476,0.9506069103298993,0.5878758972454313,7956
HILIC_750.5755106_47.38721444,1.2515452390096016,0.21829650015700278,0.8744105092979381,0.4442038369741908,7957
HILIC_750.7930251_58.63320812,0.4505962389882952,0.6548112901287877,0.9965858111391217,0.175381512982216,7958
HILIC_751.5384792_23.06677884,-0.19880462126140802,0.8434630950800099,1,-0.15386800253124733,7959
HILIC_752.4370207_48.82389516,-0.5585626014442915,0.5796988107291827,0.9913379189285378,-0.24298272869358092,7960
HILIC_752.4573311_41.71148461,3.504809033346559,0.0011776703688028858,0.09946882523598569,1.5992893053472592,7961
HILIC_752.4691311_44.40255945,-0.7801698155153061,0.44006738757824393,0.9745894987688215,-0.21715120367107468,7962
HILIC_752.4834802_47.29480676,0.09491062458193768,0.9248787255333157,1,0.01259203189176213,7963
HILIC_752.5698465_41.94106943,-0.6950430214527726,0.4912075525354582,0.9781047779839798,-0.2617592583473499,7964
HILIC_752.584362_47.40351492,1.7848716390254158,0.08217349293848303,0.6948552844377854,0.5372944720791639,7965
HILIC_752.7901238_58.42607644,0.6328375747230226,0.5305856259958659,0.9824083431236167,0.2874065785649431,7966
HILIC_752.8253374_59.98215736,-0.037399976278235374,0.9703595975307389,1,-0.02023542434265998,7967
HILIC_753.0681921_115.4913343,1.3114659956787431,0.19747794773563587,0.858908792615404,0.8159143250939991,7968
HILIC_753.1503575_69.83568972,0.6236902832452496,0.536513733020854,0.9833164118236528,0.5171341687948379,7969
HILIC_753.5554934_23.16178764,-0.5174344368659571,0.607817152998427,0.9928201179984223,-0.3678567684206545,7970
HILIC_754.0107894_115.5559763,0.7201586154640641,0.4757826762536964,0.9781047779839798,0.5731482179464151,7971
HILIC_754.4340072_49.26544623,-0.20935716953519268,0.8352747176238499,1,-0.04680973111103935,7972
HILIC_754.4806349_47.33020986,0.8869493516943624,0.38062049362608397,0.9638726330536317,0.13205105315205087,7973
HILIC_754.4920073_44.07901414,-1.0616814355905504,0.29500353463496615,0.9383489631737838,-0.5629362077481884,7974
HILIC_754.5278457_37.43128583,-0.37008363307442943,0.7133509690350174,1,-0.23404776099602131,7975
HILIC_754.54176_25.50710668,0.4919418375224236,0.6255574589613566,0.9947980550876518,0.3051213727694286,7976
HILIC_754.5890053_49.82047488,2.3659406557736364,0.02312419787076314,0.4309384917552656,1.546559773232129,7977
HILIC_755.2149846_73.88680597,0.5094657747687941,0.6133374958543691,0.9931667617408494,0.5789708042754932,7978
HILIC_755.2521165_96.72602916,-0.40632525936760394,0.6867563472748456,0.9999159889500627,-0.3854783617009732,7979
HILIC_755.5470083_25.26844588,-1.0399764914518235,0.3048464539595719,0.9402374180413365,-0.6148378158705774,7980
HILIC_756.2194955_74.42467298,0.9902926229063465,0.3282223809194166,0.9506069103298993,0.6127562342059586,7981
HILIC_756.4311265_49.1586146,-1.0349276074955513,0.30716818266768436,0.9414175050708642,-0.22284166211185374,7982
HILIC_756.5013547_43.74684906,-0.4977582927911582,0.6214893708450575,0.9947980550876518,-0.09882978804002912,7983
HILIC_756.5206722_47.10199181,0.9638598254158014,0.3411393380496849,0.9549164034006683,0.2163873000588725,7984
HILIC_756.5583403_32.61388739,-0.33575170437132423,0.7388833616162154,1,-0.09651485200654479,7985
HILIC_756.5681047_47.39841566,0.508598691358563,0.6139395588847278,0.9931667617408494,0.21861564255810478,7986
HILIC_757.5571713_25.73123095,1.8018868396680634,0.07940778851617208,0.6911349530212022,0.5699160237747296,7987
HILIC_758.0476874_131.2181716,0.427176400966281,0.6716335614648299,0.9996367449012522,0.20862865526158458,7988
HILIC_758.4283795_49.27283109,0.48258976043997914,0.6321232712956244,0.9947980550876518,0.12831512046839683,7989
HILIC_758.5046217_44.10994898,0.67261413736337,0.5052151772727195,0.9781047779839798,0.15471076724225838,7990
HILIC_758.5173599_47.13065302,0.6283725145315595,0.53347498562237,0.9833164118236528,0.11433042269057107,7991
HILIC_758.5689752_26.23015803,0.15825955224285349,0.8750805480669278,1,0.03569681625851879,7992
HILIC_758.6082825_46.89137382,-0.08576470382710309,0.9320985147952922,1,-0.0635742083655721,7993
HILIC_759.572587_26.2305356,0.4356568773262592,0.6655217600505815,0.9978767801948073,0.09232602890620115,7994
HILIC_760.0264379_115.3168293,2.8646853907243925,0.006729820732019193,0.2453027464037622,0.9246043451127194,7995
HILIC_760.0360317_120.3045206,0.8819323095968682,0.3832937180582864,0.9639097663991802,0.33473802002856073,7996
HILIC_760.4255299_49.39031574,-1.7532519131249626,0.08752876583716308,0.6965941799907964,-0.7559463105550012,7997
HILIC_760.4666856_29.42590623,-0.2822638981624186,0.7792550130173134,1,-0.18259825776695918,7998
HILIC_760.5019958_41.85411745,0.03214450266371329,0.9745230978886565,1,0.017063158775577483,7999
HILIC_760.5148536_46.65662054,0.30278299181173157,0.763687315864825,1,0.05900646665836579,8000
HILIC_760.5269987_46.31212097,-0.4341170219854165,0.6666298203484866,0.9980954332927549,-0.19425215835301876,8001
HILIC_760.5831102_27.47734467,-0.14309258418367898,0.8869643270920801,1,-0.03462279945309009,8002
HILIC_760.6004036_47.34554563,-0.2696445999244048,0.7888755635718074,1,-0.1304941788450866,8003
HILIC_760.8216892_58.84534577,-0.5821833510415749,0.5638415650739794,0.990786345850868,-0.1175021251892164,8004
HILIC_760.9667499_28.97160686,1.0236548287062046,0.31239579595859945,0.9421850854569164,0.8395606572753206,8005
HILIC_761.0369704_112.0401784,0.2827422724522481,0.7788909956608396,1,0.09333700285400329,8006
HILIC_761.0454023_109.5328504,-0.9307369918149622,0.3577968503810093,0.9588670540445742,-0.5073664141734703,8007
HILIC_761.3102574_27.0888697,-1.5977756557626943,0.1182796871798816,0.7519256305282664,-1.2198253024526433,8008
HILIC_761.4629015_29.11708514,0.8441476400306525,0.40380853356085566,0.9669701703160376,0.6798709603502311,8009
HILIC_761.5869398_26.6914348,-0.5432921757602737,0.5900647225784557,0.9917669560968972,-0.15358741210369894,8010
HILIC_761.8245039_58.98693657,-0.8408583670916725,0.40562620865900134,0.9672616821631036,-0.2438775483508139,8011
HILIC_762.2979716_26.64859065,-1.0282835514324278,0.3102419535773292,0.9421850854569164,-1.0431734258763115,8012
HILIC_762.5154974_46.80380406,-1.6846313595593767,0.10016138551616027,0.718134185467518,-0.4109813564320313,8013
HILIC_762.5921835_30.33239946,0.7630187645870656,0.4501084405467827,0.9745894987688215,0.17265734525794638,8014
HILIC_762.6059949_47.08794693,0.3048862482974237,0.7620970635012245,1,0.13065712843024382,8015
HILIC_762.8197984_58.91394438,-0.49505637172523953,0.6233776371483533,0.9947980550876518,-0.10046250791514467,8016
HILIC_763.514589_45.56481423,-0.33318635362691745,0.7408036901179648,1,-0.2704990080495832,8017
HILIC_763.601883_26.04483055,-0.28911863135869426,0.7740437705797908,1,-0.16673474122463813,8018
HILIC_764.060947_117.1542526,0.9013007249614952,0.3730395973626399,0.9637531830220828,0.7751756431494492,8019
HILIC_764.2073759_92.34762918,-1.0975438075042199,0.279229691830197,0.9271752830202422,-0.4715551100129592,8020
HILIC_764.3630683_44.44063083,-0.23227752798825194,0.8175543732694984,1,-0.1813455504896917,8021
HILIC_764.4625101_46.6071868,-0.8932051138607584,0.3773039615059822,0.9637531830220828,-0.24684793432741545,8022
HILIC_764.5032124_46.29247121,-0.150614947147302,0.8810668475092744,1,-0.1055786028300484,8023
HILIC_764.5120533_27.67366164,1.8502831449722328,0.07196803115228784,0.666637835732572,0.6808853762235025,8024
HILIC_764.5318607_24.85573698,-0.27973247640507776,0.7811821261367389,1,-0.16534149532358042,8025
HILIC_764.5571448_32.30491679,-0.17728891482869377,0.8602121085907402,1,-0.17144770934424255,8026
HILIC_764.5968619_46.97909978,-0.5382481813927922,0.5935081031370284,0.9921034274533279,-0.21759604191745824,8027
HILIC_764.6541694_49.26940917,-1.3498697970291493,0.18495147275988544,0.8467345678477594,-1.0765127802913397,8028
HILIC_765.15061_76.45470853,0.2792650452302415,0.7815381239568245,1,0.1636123255958751,8029
HILIC_765.2195997_92.71236552,-0.03746291291503579,0.9703097426118916,1,-0.03009955991724494,8030
HILIC_765.3380121_27.23926489,-1.0929734251928038,0.2812061652807487,0.9295944216943315,-0.6768529898145034,8031
HILIC_765.5343133_23.20470178,0.7327316259836353,0.46816573888044144,0.9777549229263227,0.5262823915833332,8032
HILIC_765.8362435_59.15692856,0.15476334086932741,0.8778174440552805,1,0.06519560180894868,8033
HILIC_766.3376721_48.24876431,0.3292280947832959,0.7437699908826627,1,0.21390693199395314,8034
HILIC_766.4598588_46.88989187,-0.8630391410434171,0.39346741610438984,0.9669701703160376,-0.2282569607541523,8035
HILIC_766.5190166_43.64445985,1.0068122454637238,0.3203192638736401,0.9484654282771583,0.4895905827888694,8036
HILIC_766.5275279_37.27814215,1.564073608077917,0.1259943504786707,0.7651222443061139,0.8065297028173746,8037
HILIC_766.5471488_46.25044442,0.06677158632237665,0.9471095407816699,1,0.0438644581928918,8038
HILIC_766.5528224_47.1206236,0.8735510591035838,0.3877860765395751,0.9661464710102153,0.42811328277125615,8039
HILIC_766.5616313_25.27573219,1.2760171457955931,0.20960392925326146,0.8683661493536527,0.6251538417090863,8040
HILIC_766.5749769_25.33541463,0.26744489800618026,0.7905560240749758,1,0.07227307333580728,8041
HILIC_766.5900433_46.49215464,0.7231239479062622,0.4739798881230697,0.9781047779839798,0.4731218343234888,8042
HILIC_766.8358099_58.83554904,-1.5946160437058505,0.11898620079382918,0.7539741926189859,-0.7217780876010723,8043
HILIC_767.3424683_27.97604848,-1.0355016733778268,0.30690358691109765,0.9414175050708642,-1.1125411848245284,8044
HILIC_767.5396386_23.18734436,0.4000538802763073,0.6913307828905482,0.9999159889500627,0.2704805076842248,8045
HILIC_767.5777359_25.25094634,1.1560820625506276,0.25478060320459306,0.906591908571723,0.495662665593494,8046
HILIC_768.3477233_27.14275142,-1.5433839564376992,0.1309288932738476,0.7695072627505222,-0.6256220122939069,8047
HILIC_768.4090832_46.84750815,0.5371224385554078,0.5942779167377452,0.9921034274533279,0.4349154762427959,8048
HILIC_768.4577971_46.69359221,-1.6413909953047496,0.10887206728544957,0.7320503961946185,-0.7101881532408687,8049
HILIC_768.5363118_45.95989319,1.697202932553709,0.09773997333296569,0.7177897439971538,0.7117817378134721,8050
HILIC_768.5421426_42.44374356,-0.6126066430907999,0.5437428691229542,0.9844101439284977,-0.2654763973438981,8051
HILIC_768.5522968_31.27280515,1.810877812380421,0.0779784030556721,0.6875549024823854,0.8814935862266765,8052
HILIC_768.5898103_25.82924151,1.2589175017527916,0.2156499318557418,0.87223789657115125,0.32521333523266777,8053
HILIC_768.633599_46.43566592,0.09982213488520908,0.9210041924584131,1,0.06877558792011962,8054
HILIC_768.9448099_59.60806263,-0.6319907212942034,0.5311329933488023,0.9824083431236167,-0.541291963840929,8055
HILIC_769.0713911_35.48760984,0.7701351571797538,0.4459258685810973,0.9745894987688215,0.4164633600626608,8056
HILIC_769.3720046_27.06934005,-1.9086174607510966,0.06379700158566863,0.637062688796978,-1.399856220557844,8057
HILIC_769.4318996_296.4531938,0.4415646292113619,0.6612776745283188,0.9968021749030789,0.2536188009502656,8058
HILIC_769.5582577_23.92180477,0.4401239503145341,0.6623116116080621,0.9974993210969855,0.28019243876626493,8059
HILIC_769.59379_25.78153508,1.1705363041599484,0.24898908319479013,0.9042113955132115,0.4100572165211712,8060
HILIC_770.3706671_27.00202194,-0.9075985139014993,0.3697437756226998,0.9637531830220828,-0.8220854884716868,8061
HILIC_770.4067605_49.06935446,-0.44164267337156327,0.6612216834520155,0.9968021749030789,-0.22838642749173746,8062
HILIC_770.5389464_46.52577714,-0.3648818978747576,0.7171989256182911,1,-0.18332599580615136,8063
HILIC_770.5648772_27.11654671,-0.25008843893671795,0.8038503763574927,1,-0.19034049028300787,8064
HILIC_770.6046719_25.97754892,0.13646923355532892,0.892162390495565,1,0.06586172099795806,8065
HILIC_770.6411584_47.62230172,-0.9107734430552658,0.36808939290009013,0.9637531830220828,-0.4343164651855966,8066
HILIC_770.8503573_59.02822815,-0.45200788254110474,0.653803003459114,0.9965858111391217,-0.18416557911989626,8067
HILIC_771.6137922_26.05264576,-0.5686160174824685,0.5729231316962826,0.9913379189285378,-0.404884398318753,8068
HILIC_771.8537711_59.05336768,-0.2538965193759541,0.8009283329850827,1,-0.1195417759219913,8069
HILIC_772.4043777_49.38316663,0.42190985164675243,0.6754405395692886,0.9996367449012522,0.22493880151276563,8070
HILIC_772.4889573_45.94747034,-0.8642953137071483,0.39278575247210346,0.9669701703160376,-0.367542741356621,8071
HILIC_772.5408109_46.67743211,-0.6720207913755346,0.5055886908242172,0.9781047779839798,-0.39655447117555465,8072
HILIC_772.5852549_26.74720499,-1.0600587353935358,0.2957316684933483,0.9385474409597132,-0.48682747323681413,8073
HILIC_772.5984241_49.06918985,0.3091207013104499,0.7588986051790786,1,0.25834011089270814,8074
HILIC_772.6157801_26.37171788,0.014393395109902297,0.9885905555218959,1,0.013113318297544353,8075
HILIC_772.6331068_46.73339234,1.3501915545391172,0.1848491638006768,0.8467345678477594,0.7467016262132676,8076
HILIC_772.8550217_59.09317097,-0.05948851188299795,0.9528711330973607,1,-0.03234153144266437,8077
HILIC_772.9906154_77.9471691,-0.4537889477116905,0.6525317888253788,0.9965858111391217,-0.3771193092440537,8078
HILIC_773.5909117_25.9125465,-0.8680121590365999,0.39077316284806207,0.9669701703160376,-0.43891636526112826,8079
HILIC_774.4013551_48.93814009,0.2612612283985206,0.7952854336773061,1,0.17064155076057277,8080
HILIC_774.4839574_46.00093538,-0.09702304476389664,0.9232120722921668,1,-0.027382638263566485,8081
HILIC_774.5479845_22.99319156,0.49409641010618166,0.6240491374670659,0.9947980550876518,0.2861830194598381,8082
HILIC_774.5621873_27.71279429,0.48730398878310927,0.6288097396790668,0.9947980550876518,0.29895180261852194,8083
HILIC_774.5982335_37.88230814,-1.5716489163576908,0.12422570181944924,0.7633864733503855,-0.9598856950817368,8084
HILIC_775.491724_53.26920951,0.697719101819556,0.48955083736624816,0.9781047779839798,0.49136076293524183,8085
HILIC_776.3355853_41.19719446,-0.2806935556894119,0.7804503133694433,1,-0.08036495547969734,8086
HILIC_776.3987266_46.82163959,-1.6896931919734792,0.09918051117871336,0.718134185467518,-1.3028704390054597,8087
HILIC_776.4512374_47.93330372,-1.0481009167361781,0.3011359063953954,0.9396681966123791,-0.2429316171781204,8088
HILIC_776.4835796_46.4329827,1.7789215895238328,0.08315960059920688,0.6948552844377854,0.4900707028971279,8089
HILIC_776.5595825_25.31751104,0.28263916738426564,0.7789694488674552,1,0.18252121634899388,8090
HILIC_776.5825463_44.33007297,0.6553268731199399,0.5161592314969952,0.9824083431236167,0.5745887641961495,8091
HILIC_776.7960859_59.42172836,-0.17032942227170997,0.8656441796148031,1,-0.1267444268887438,8092
HILIC_777.4838223_55.79689062,-0.24044974853453058,0.8112590571708603,1,-0.13961758959257187,8093
HILIC_778.3388581_44.22572416,-0.4342030348099399,0.666567906646431,0.9980954332927549,-0.2959128789908653,8094
HILIC_778.447942_48.11082231,-0.9071857313265931,0.3699592194681999,0.9637531830220828,-0.19257728155191584,8095
HILIC_778.5757698_43.39039653,0.2581630909179423,0.7976579145995044,1,0.125800678020999,8096
HILIC_778.7935358_59.34669319,-0.5811617021169785,0.5645229099778502,0.9910218924742459,-0.416308159847939,8097
HILIC_779.1749296_73.76524359,1.2251505929191582,0.22797081217090223,0.8840833026918968,1.107911602962328,8098
HILIC_779.2134508_125.2780423,0.05991434986388275,0.9525341819293893,1,0.05477695334233938,8099
HILIC_779.3460127_59.89157777,-0.28901940680874355,0.7741191302601309,1,-0.2295537767839755,8100
HILIC_779.4777265_55.84661795,-0.2876688914917282,0.7751450477701677,1,-0.0879888104481677,8101
HILIC_779.8427935_59.91024046,-1.6511485753003015,0.10685382698629999,0.7284723313794826,-0.9074648307982042,8102
HILIC_780.2858411_43.51666348,0.6583521182254509,0.5142348540753516,0.9824083431236167,0.23301100745935063,8103
HILIC_780.333927_44.10955899,0.34217541885235675,0.7340822469506267,1,0.20838030612608516,8104
HILIC_780.4276585_44.74000688,-1.4625818260365488,0.15170832722867872,0.8054538089768647,-0.45693876256183086,8105
HILIC_780.4448558_47.43554574,-0.903232569836704,0.37202659981411446,0.9637531830220828,-0.20037711301129313,8106
HILIC_780.5536868_26.89293386,-0.7633668344674197,0.449903330736359,0.9745894987688215,-0.21340640907742245,8107
HILIC_780.5770341_46.51622446,1.0948637345248362,0.2803875024200648,0.9294972912047307,0.7648348793275624,8108
HILIC_780.5917294_24.67603956,-0.09281603921022802,0.9265316459863115,1,-0.058152756371158916,8109
HILIC_781.4354608_47.94092915,1.9958195026948973,0.05307239686092252,0.597129438335422,1.3409384779993254,8110
HILIC_781.5572282_25.47728414,0.2382493108409792,0.8129528941872566,1,0.06307265518616803,8111
HILIC_782.0162382_117.5437158,-1.0210631958867582,0.31360619890661,0.9421850854569164,-0.381228722839184,8112
HILIC_782.2830123_43.53798381,-0.4574970743038593,0.6498885227464246,0.9965858111391217,-0.2663000501853216,8113
HILIC_782.4418472_48.06421087,-0.9311605605128256,0.3575805307625707,0.9588670540445742,-0.20330276888895915,8114
HILIC_782.4713674_28.91889226,-0.039130241637217504,0.9689890216629538,1,-0.030357638836768255,8115
HILIC_782.5690674_25.52576011,0.5130241770371404,0.6108695458071285,0.9928201179984223,0.15356019827483636,8116
HILIC_782.6251952_49.97459187,-2.21168251579563,0.03300319909936717,0.4996956656890978,-1.6424339817091493,8117
HILIC_782.982816_28.86721632,0.2321169001261677,0.8176782340551426,1,0.17692542656291319,8118
HILIC_783.2577863_90.50975597,1.070227259755047,0.2911894808887619,0.9340589136386561,0.9534162839713597,8119
HILIC_783.4412311_47.86731711,-0.386951814596203,0.7009253305873491,0.9999159889500627,-0.24991309355485702,8120
HILIC_783.572592_25.43124408,0.5223195778100717,0.604444366367257,0.9928201179984223,0.15547519438460072,8121
HILIC_784.1690352_74.74868078,0.6735519770588164,0.5046251118808478,0.9781047779839798,0.496528846092557,8122
HILIC_784.1983907_94.56037511,1.048050490559392,0.3011588399619662,0.9396681966123791,0.9224289530189395,8123
HILIC_784.2418686_78.35128928,0.15095910920712205,0.8807971881480172,1,0.10830062244466043,8124
HILIC_784.28039_43.57208226,-1.1883756197332105,0.241973900899119,0.8965589582842357,-0.6524334638652648,8125
HILIC_784.3802797_45.41415892,-0.19310192787281877,0.8478955624553571,1,-0.12086783977361354,8126
HILIC_784.4390538_48.16565344,-0.9108224681778019,0.36806388464158957,0.9637531830220828,-0.19863696321003807,8127
HILIC_784.5673875_24.70497287,-0.0197862722930867,0.9843161909894504,1,-0.007654689408811574,8128
HILIC_784.5823249_25.91531002,-0.16737060232668557,0.8679556344967377,1,-0.03939568075005443,8129
HILIC_784.8648962_59.85470487,0.6349703072650024,0.5292084450057659,0.9824083431236167,0.3268953790757305,8130
HILIC_784.9278891_61.27165582,-1.2513713727917548,0.2183592079272282,0.8744387347786783,-1.1170456646816926,8131
HILIC_785.2194495_91.91023135,1.0059723029812535,0.3207179533925293,0.9487521488093467,0.7209096057084928,8132
HILIC_785.4378681_47.93513928,-1.1958796525549424,0.23906657155670713,0.8952886386545575,-0.8238118488452132,8133
HILIC_785.5739127_25.65299043,-2.8225374241924763,0.007504246426628461,0.2584514400413996,-1.0715017382117407,8134
HILIC_785.5868931_25.86999901,-1.146317477736163,0.25874780524474805,0.9097375345216011,-0.23111709595206634,8135
HILIC_785.6567972_28.50739517,-0.5106797267736345,0.6124950385034458,0.9929351559041135,-0.3610797720987058,8136
HILIC_786.2659483_43.5695521,-0.6219117569563863,0.5376703564971876,0.9833164118236528,-0.21607588590463736,8137
HILIC_786.2782002_43.55580682,-0.3432018804487203,0.7333160592300152,1,-0.2051030899632698,8138
HILIC_786.3690943_44.29555729,-0.5701672793488598,0.5718811190955264,0.9913379189285378,-0.22768362729722913,8139
HILIC_786.4360033_48.06666878,-0.613280833324291,0.543301703768655,0.9844101439284977,-0.13288422513306147,8140
HILIC_786.4798619_47.65618916,1.5664443754174553,0.12543865564531057,0.7644475925677792,0.20127370003491588,8141
HILIC_786.5994025_26.67905845,-0.4451757164889316,0.6586890464156072,0.9966192045168055,-0.11259980001007902,8142
HILIC_786.6418044_50.34791766,-0.3853910409659873,0.7020716239262013,0.9999159889500627,-0.25792600034269225,8143
HILIC_786.6504358_47.65877934,-1.9487470412035062,0.05864974932014196,0.6206361280685585,-1.834698030633553,8144
HILIC_786.9911147_105.5900818,2.283140878482987,0.02803499532348702,0.4690412955612152,1.6706504780073466,8145
HILIC_787.1335117_76.18662249,1.1619518902007526,0.25241704188416425,0.9054022050039036,0.9436636155615352,8146
HILIC_787.6032843_26.6801745,-0.2620404730863379,0.7946890149758522,1,-0.08851130984139345,8147
HILIC_788.1287152_27.37331796,-0.1996133396911544,0.8428349252256957,1,-0.2238223531710692,8148
HILIC_788.1819766_103.8747906,0.14877877825167696,0.8825057720388467,1,0.11361719876649366,8149
HILIC_788.2752112_43.46910355,-0.4154321925846081,0.6801348323387038,0.9999159889500627,-0.16892963260535276,8150
HILIC_788.3770261_46.95058667,0.21737204194381501,0.829067806760664,1,0.19532327149790701,8151
HILIC_788.4329599_48.00256171,-1.0606195728132102,0.2954798696704411,0.938511025914046,-0.2330863826992526,8152
HILIC_788.4773651_47.76269579,0.4668021660859668,0.6432757631156386,0.9955023063019077,0.05596056466607997,8153
HILIC_788.6107667_27.36720768,1.110914487125083,0.2735039612139284,0.9212133579231264,0.4150587153031156,8154
HILIC_788.6399121_49.57756238,-0.6674169823619797,0.508491934107906,0.9794015470612311,-0.5051512722701483,8155
HILIC_788.8253657_59.8336394,0.2736602216015817,0.7858104698031498,1,0.24952887518702827,8156
HILIC_788.9979682_110.0104067,1.3668314151662926,0.17961732529930075,0.8428280108876985,0.6109212629764246,8157
HILIC_789.283758_286.5988505,0.9071163162923112,0.3699954572583437,0.9637531830220828,0.7450322855277665,8158
HILIC_789.43548_47.87738358,-2.1534464636496704,0.03761613858742299,0.5220805529735174,-1.0396958896177961,8159
HILIC_789.6194609_27.11433094,-1.390232929233174,0.1724540458214084,0.8326851500809265,-0.5622146037742953,8160
HILIC_789.9864387_109.9921614,1.6701072614023356,0.1030205436232449,0.7222851642405752,1.0919057755075257,8161
HILIC_790.0012521_103.7841306,1.878128964051261,0.06796255840900686,0.6496083797137918,0.8601455535242392,8162
HILIC_790.2668641_44.4483077,0.4531542918608839,0.65298464705658,0.9965858111391217,0.14211688377763423,8163
HILIC_790.316772_43.66248705,-0.6812807838516837,0.4997767516128687,0.9781047779839798,-0.3542097562664687,8164
HILIC_790.3741479_46.22949269,0.43363067659864823,0.6669799456018833,0.9982142464900055,0.4153623118782234,8165
HILIC_790.4296051_47.88499326,-1.1946198454446326,0.23955286878990717,0.8959441681474125,-0.28114043965728336,8166
HILIC_790.4739541_47.71222832,0.400868673764938,0.6907357937199622,0.9999159889500627,0.049090277397606574,8167
HILIC_790.5768265_25.6368582,1.6322232260751774,0.11079676371797213,0.7359903416529988,0.6822056852559947,8168
HILIC_790.6513321_49.59269142,-1.6756037124067278,0.10193069629750019,0.7221704866666782,-1.1325041105049956,8169
HILIC_790.9856812_100.8636828,2.344721828479587,0.024302658491192244,0.44186977315186204,2.1210444672609543,8170
HILIC_791.4276629_47.97969659,0.7831980018234412,0.4383085111566333,0.9745124110909839,0.328386429983088,8171
HILIC_791.4636803_55.8536879,-0.5217632759741636,0.6048280061687792,0.9928201179984223,-0.2431075365074647,8172
HILIC_791.5742228_24.5453139,-0.9408993976689597,0.35263044960334256,0.9584471216727528,-0.5807002012526137,8173
HILIC_792.3042686_43.73774605,0.13061848577701113,0.8967581257131408,1,0.03219115180546991,8174
HILIC_792.3733132_50.00083861,-0.12766554259406065,0.8990790270576366,1,-0.06125572219802104,8175
HILIC_792.4253927_47.90541264,-1.0020257422593581,0.3225957501143948,0.9503055005244969,-0.23558129951024118,8176
HILIC_792.4710331_47.69755559,0.3474203330293835,0.7301701612145882,1,0.04185846198511745,8177
HILIC_792.5586409_23.57302752,-0.2228800002343624,0.824808705932587,1,-0.1407651036276212,8178
HILIC_792.5870106_25.27206735,0.4339799836228536,0.6667284681001504,0.9980954332927549,0.15185545030787534,8179
HILIC_792.6513528_50.13906766,-0.8630111174304532,0.3934826316396556,0.9669701703160376,-0.6859201737328738,8180
HILIC_793.1666485_90.75133518,-0.6401744325397011,0.5258559066460895,0.9824083431236167,-0.28961196105403675,8181
HILIC_793.4576609_55.72856632,0.22638850553286632,0.8220984919298635,1,0.18131800756712435,8182
HILIC_793.5568698_23.43487268,1.0434683034810133,0.30324784279435413,0.9402374180413365,0.6635242640606839,8183
HILIC_793.586657_25.15793467,0.5632302139075683,0.5765481323452799,0.9913379189285378,0.2362363362257753,8184
HILIC_794.1720047_89.11529564,1.1049880174878994,0.276031482814305,0.9227236778686373,0.5661750542006965,8185
HILIC_794.3105594_43.75645108,-0.6024116368268451,0.5504366090679709,0.9858134543858914,-0.27090276740155844,8186
HILIC_794.4214723_48.03686239,-0.4968566595987522,0.622119199694378,0.9947980550876518,-0.10467888697079228,8187
HILIC_794.4682555_47.75581678,0.675468504214744,0.5034204560391082,0.9781047779839798,0.08371464042299255,8188
HILIC_794.5656927_24.58998848,1.0226404127075264,0.312869189914707,0.9421850854569164,0.706263281509183,8189
HILIC_794.5805803_48.99856838,2.3215399969904884,0.025651734782433707,0.45178111371304214,1.8568340597182134,8190
HILIC_794.5927814_26.69629914,0.20772017871382006,0.8365437693609857,1,0.08393972235396654,8191
HILIC_794.6078238_28.03543792,0.09972244944845014,0.9210828120580155,1,0.025417192590565487,8192
HILIC_794.6232618_41.64718639,-0.49016528585207914,0.6268023716680606,0.9947980550876518,-0.38444515973890664,8193
HILIC_794.8182022_58.78817947,-1.0786679541518216,0.28745630868712135,0.930014439641605,-0.21320946786622888,8194
HILIC_795.4592368_55.79058228,0.22030361531233403,0.826800270427869,1,0.1546139636557443,8195
HILIC_795.6107219_25.73285317,1.5577629517426745,0.1274832503291249,0.767062863320257,0.44835019878039295,8196
HILIC_795.8175942_58.5369798,1.2458484047211593,0.22035816576180428,0.8778528260192604,0.3745980581933213,8197
HILIC_796.3085775_43.75766929,-0.1894967932138098,0.8507002759371262,1,-0.08431237586452826,8198
HILIC_796.4023328_45.32450424,-0.21166332832722276,0.8334876607076221,1,-0.06603417168167329,8199
HILIC_796.4184414_48.00277251,-1.3454442509131765,0.1863630814625658,0.84811141863714,-0.27087918879240447,8200
HILIC_796.4653516_47.67801402,0.1927674630814312,0.8481556848769521,1,0.023712821802444203,8201
HILIC_796.505018_47.49771679,-0.9003383063650373,0.37354492082387636,0.9637531830220828,-0.327000244000726,8202
HILIC_796.5156725_42.58474643,-0.15070837602280313,0.8809936422896849,1,-0.0550249824486195,8203
HILIC_796.5824877_33.73726771,-0.2935722313041474,0.7706636121829034,1,-0.0868823261558711,8204
HILIC_796.5895205_29.0253674,-1.5683191466308022,0.12500062655758887,0.7639334341671284,-0.5101800077107658,8205
HILIC_796.6117465_31.7198473,0.1631893492794471,0.8712240611745538,1,0.09779528623813581,8206
HILIC_796.6228578_26.5454202,1.3102640599109814,0.19788016703947867,0.8592309077363763,0.4886455289033736,8207
HILIC_797.5282248_37.3111841,-0.03640359138509994,0.9711488943807741,1,-0.02500652347975446,8208
HILIC_797.5892323_25.20763525,0.41539114574563163,0.6801646199301465,0.9999159889500627,0.22355800659960098,8209
HILIC_797.6255445_26.06800118,-0.5461415187536302,0.5881238001766207,0.9913379189285378,-0.26078150576372355,8210
HILIC_798.3003273_43.67239285,-0.6192108903606068,0.5394292885254313,0.983683589406213,-0.2379894977161144,8211
HILIC_798.399912_44.69784755,0.8920504938844218,0.37791469345233364,0.9638051678792469,0.26062508527361944,8212
HILIC_798.4156524_48.07273923,-1.0413895744659984,0.3041988214745918,0.9402374180413365,-0.2150987143013317,8213
HILIC_798.4627506_47.7548958,1.1925219973844816,0.24036426566855937,0.8961162212635817,0.17420407912511826,8214
HILIC_798.5057573_47.31620149,0.8429619114472671,0.4044631904685688,0.9669701703160376,0.19940876815610592,8215
HILIC_798.5179929_47.58884504,-1.5737890539391843,0.12372969522911006,0.7633864733503855,-0.7113069166545107,8216
HILIC_798.5425841_37.51908024,-1.4980501455353914,0.1422857064643427,0.787557245903916,-0.933261854071688,8217
HILIC_798.5726403_47.28345595,0.7460426147001922,0.4601787518950148,0.9755657681934743,0.570369825558918,8218
HILIC_798.5940116_30.12175655,-2.1206943517775225,0.04045360938139798,0.5347244144365793,-1.420615382191228,8219
HILIC_798.6127273_41.60106606,-1.5666166382946836,0.12539835565270765,0.7644475925677792,-1.3596134014193282,8220
HILIC_798.6846522_49.00089042,-2.379157223680028,0.02241648213859841,0.4244273204202801,-1.308695237821228,8221
HILIC_799.3212501_134.8912004,0.46409085898625685,0.6451995827748241,0.9962085044382889,0.44056883349217657,8222
HILIC_799.8304948_59.12176611,0.04925496478108747,0.9609710818738761,1,0.022319072305308937,8223
HILIC_800.3290992_59.21141155,0.044644776199166354,0.9646215103546278,1,0.014466622984371767,8224
HILIC_800.3440323_47.47638889,-0.7636144449372824,0.4497574529381232,0.9745894987688215,-0.334805409115599,8225
HILIC_800.4132159_48.12280077,-1.0649060697559707,0.29356029283463936,0.9363518859752049,-0.21708138946849273,8226
HILIC_800.5025567_47.5386745,0.46481683296436,0.6446842220649609,0.9962085044382889,0.08417102433950881,8227
HILIC_800.5752818_49.09634092,-0.7069938887793742,0.48383324469497013,0.9781047779839798,-0.3744267660836882,8228
HILIC_800.8064734_140.4358335,0.28953279272897564,0.7737292446249422,1,0.1827839289732683,8229
HILIC_800.8306869_59.27736387,-0.5410590746328457,0.5915880124262932,0.9919344024228657,-0.1492229043019793,8230
HILIC_801.1565443_73.76471459,-0.2408505336958584,0.810950642252039,1,-0.1792230466278481,8231
HILIC_801.5436059_20.84253216,-1.0861246072506072,0.28418639506103527,0.9295944216943315,-0.7379991134978353,8232
HILIC_802.3356482_43.68694472,-0.5457172976211564,0.5884125777489824,0.9913379189285378,-0.11356855057692056,8233
HILIC_802.4101971_48.12281639,-0.9445079067285177,0.35080780334027595,0.9578247927857968,-0.18501445428744018,8234
HILIC_802.4544264_47.34610924,-0.8895813232964945,0.37922287496256446,0.9638726330536317,-0.2912275519701822,8235
HILIC_802.5001441_47.55095386,0.15836210892813515,0.875000288154942,1,0.027987286311406658,8236
HILIC_802.5585934_20.99479579,-0.6892128178023269,0.4948277445917215,0.9781047779839798,-0.5106823038250301,8237
HILIC_803.8658203_59.56055022,0.37535466318978944,0.7094594699847996,0.999964854966912,0.1525079877832281,8238
HILIC_804.3281455_43.69314242,0.6242360840709924,0.5361590451427023,0.9833164118236528,0.16597118648513323,8239
HILIC_804.3423197_44.37669052,-1.0504275972925838,0.3000790587264712,0.9396681966123791,-0.39466512917040275,8240
HILIC_804.4069623_48.04626944,-0.7372451908426828,0.46544855947616126,0.977038339924947,-0.1547256988555799,8241
HILIC_804.4381773_46.70967572,0.5974389466978304,0.5537167657394441,0.9864924461064489,0.19033827286130273,8242
HILIC_804.4514228_47.55448619,-0.814578931483646,0.42033010591360964,0.9716822081080376,-0.11185834378154298,8243
HILIC_804.4811273_29.01963769,0.4227977042261063,0.6747981378957095,0.9996367449012522,0.3073049274557554,8244
HILIC_804.4964073_46.11481558,1.4034543562135773,0.1685062245422063,0.8314976732916184,0.44059564869936024,8245
HILIC_804.5526574_33.65294901,1.114253809713773,0.27208707079777994,0.920680740314505,0.8982574707360879,8246
HILIC_804.6157473_49.93680952,0.2528669372017457,0.8017180757002467,1,0.18024188336406888,8247
HILIC_804.6800004_291.7903473,0.9013027519545753,0.3730385335427293,0.9637531830220828,0.6270675637553679,8248
HILIC_804.8117076_291.0716414,0.3655695253498212,0.7166898260454704,1,0.23924765911724918,8249
HILIC_804.8444931_59.10607744,0.007291719768012026,0.9942198027594011,1,0.004405990455205483,8250
HILIC_804.9373581_292.1195475,0.283066783082116,0.7786440890457297,1,0.2721329530973613,8251
HILIC_804.9928133_28.85524527,0.41273834309063595,0.6820908506972636,0.9999159889500627,0.3794444992457649,8252
HILIC_805.0599543_291.1974915,0.6676388628386406,0.5083518042508615,0.9793502623019853,0.4569943182712293,8253
HILIC_805.1825725_290.7543425,-0.08265688210219285,0.934553182811393,1,-0.05557740895101269,8254
HILIC_805.3114183_290.5971047,1.4122882048815435,0.16590802898817214,0.8274419139233609,0.8640772653845397,8255
HILIC_805.4372554_290.1853514,1.1426987358640037,0.26022928859569355,0.911112589206785,0.8016708317358223,8256
HILIC_805.55694_24.78235036,-0.49288246491040105,0.6248987662075602,0.9947980550876518,-0.3933099694000571,8257
HILIC_806.3340325_43.80576217,0.2946046785369558,0.7698806567385607,1,0.06500672822976425,8258
HILIC_806.4046866_47.89938729,-0.8860416656028506,0.38110325103861764,0.9638726330536317,-0.2753272107144249,8259
HILIC_806.4476738_47.54990654,-0.6315192645188411,0.5314378504173162,0.9825689808233538,-0.08610583130494921,8260
HILIC_806.4967154_47.59268867,0.8997256677744007,0.3738668195475896,0.9637531830220828,0.24932114160008326,8261
HILIC_806.5366721_46.71196066,0.39794727193790863,0.692870015834129,0.9999159889500627,0.1834797250140962,8262
HILIC_806.5691497_25.06365128,0.04827882653034722,0.9617439370404646,1,0.015895758746314496,8263
HILIC_806.6134536_49.93523441,-0.2458507143279651,0.807105448317309,1,-0.2304637200412168,8264
HILIC_806.9100229_62.16566347,-0.9540056981618633,0.3460402265097594,0.9572455292742392,-0.7124714877592653,8265
HILIC_807.5585611_24.80085609,-2.3555635083921107,0.023693931769924813,0.43556851625430787,-0.9859067560225587,8266
HILIC_807.5735436_25.04242786,-0.14139180716309388,0.8882986390532263,1,-0.04051775439494459,8267
HILIC_807.8170353_59.42760681,0.25746520141851653,0.7981926110832458,1,0.21727747723767366,8268
HILIC_808.1593296_115.3691576,1.5446937918539827,0.13061194049374197,0.7695072627505222,0.8282424020382066,8269
HILIC_808.1685344_119.3832156,2.5713743508252134,0.014116820618670041,0.3416577542585483,1.3677437261004348,8270
HILIC_808.19324_76.30680653,1.213005684372357,0.23252744674828668,0.8879258919320564,0.8957379266541265,8271
HILIC_808.3321157_43.80030851,-0.3263159397325963,0.7459548756218153,1,-0.07003809298072063,8272
HILIC_808.3966199_47.16157264,-1.3857797374240655,0.17379980606991768,0.834217828707121,-0.6183429349452464,8273
HILIC_808.430706_46.18952306,-3.1088589689303596,0.0035270158763465163,0.17590291878540879,-1.0206429936933292,8274
HILIC_808.44546_47.55683319,-0.9849101925127449,0.3308255428652124,0.9506069103298993,-0.12962919931115469,8275
HILIC_808.4893638_47.44779866,0.48838176839543196,0.6280532779877126,0.9947980550876518,0.2789158339318628,8276
HILIC_808.538585_47.54296526,0.9142339781764824,0.36629165198846125,0.9637531830220828,0.30196506819131913,8277
HILIC_808.5696866_25.02833451,-1.252351608289385,0.21800584537402773,0.8743686367820893,-0.5615624075665332,8278
HILIC_808.5841368_25.32997296,0.3872887656021352,0.7006779533123393,0.9999159889500627,0.11520737314781197,8279
HILIC_809.1254632_75.32336665,0.7991529359775892,0.42911094701749297,0.9742203846590763,0.38304556883288904,8280
HILIC_809.5735234_25.12664653,1.67427735262674,0.10219281270615825,0.7221864286159657,0.8957086086591778,8281
HILIC_809.5884136_25.21900445,-0.4214925658445303,0.6757425497415832,0.9996367449012522,-0.09147618187111904,8282
HILIC_810.3002448_138.4242657,0.2851724169181032,0.7770425652494696,1,0.13215474666298108,8283
HILIC_810.3717151_43.84587622,0.6809192162692158,0.5000029923333545,0.9781047779839798,0.1416071454890105,8284
HILIC_810.3880589_47.29867711,-1.6399926526247335,0.10916384914882822,0.7327631664038863,-0.2999030271162178,8285
HILIC_810.4418958_47.67614146,-0.5598482748519863,0.5788301328518795,0.9913379189285378,-0.07490477761884923,8286
HILIC_810.5201392_47.00061485,1.9163167205695693,0.06278039705304571,0.6325395237806185,1.0901221086800414,8287
HILIC_810.5327305_47.43072941,0.508072868305922,0.6143047981978873,0.9931667617408494,0.18062307941867528,8288
HILIC_810.5854853_25.48567144,0.11742228576481233,0.9071366645654876,1,0.04984470372866883,8289
HILIC_810.6005805_25.9659487,0.0660095713573018,0.9477122365870783,1,0.021934430427956092,8290
HILIC_810.8081829_140.570231,0.2365903249935927,0.8142305384111175,1,0.1416545801362544,8291
HILIC_810.9662105_108.8517645,0.37038105432854335,0.7131311810104367,1,0.20278166142153806,8292
HILIC_811.6035052_25.90358018,0.5585952028848832,0.5796767753928086,0.9913379189285378,0.17416351780077013,8293
HILIC_811.6674732_28.34131207,0.6046572538980666,0.5489585886276946,0.9857989553982086,0.28350161342170704,8294
HILIC_812.2106271_88.05271823,0.9842127172421209,0.3311638836383737,0.9506069103298993,0.6224245377675405,8295
HILIC_812.3661746_43.88837388,0.141731095845124,0.8880324302311255,1,0.029952909570249514,8296
HILIC_812.384305_46.99390202,-1.0556128535307205,0.29773301637781857,0.9388638086478203,-0.17979992995945807,8297
HILIC_812.4399182_47.57276313,0.48984924106668853,0.6270239549547592,0.9947980550876518,0.06267978055609548,8298
HILIC_812.5399582_47.3183543,0.8140957371721099,0.4206034771279924,0.9716822081080376,0.36067025555792764,8299
HILIC_812.5524004_49.9111095,0.6384002144215202,0.5269976027629014,0.9824083431236167,0.534292088005311,8300
HILIC_812.5991414_25.39944175,0.8807671965806333,0.38391623001799025,0.9641462546882261,0.4692607883529338,8301
HILIC_812.6134149_26.31684955,0.27649744305540475,0.7836469155520813,1,0.1174098535064435,8302
HILIC_812.6770574_28.33809882,0.3992804643446917,0.6918957401586365,0.9999159889500627,0.24186660572727284,8303
HILIC_813.3332367_59.65594357,0.2700786295409011,0.7885441072900101,1,0.30509669897726927,8304
HILIC_813.6042013_25.41200015,-1.0686942727021351,0.29187111438906194,0.9340589136386561,-0.6152237730813356,8305
HILIC_813.6184589_26.36478677,-0.0946977476999944,0.9250466998676944,1,-0.030475870507173243,8306
HILIC_813.6915743_28.98773915,-1.08609444182083,0.2841995703718964,0.9295944216943315,-0.8772946602787027,8307
HILIC_813.8220287_59.85612086,-1.6214792262537996,0.11308781984829418,0.7395628592474927,-1.1436037824386485,8308
HILIC_813.8907544_60.16170335,1.6191310907835843,0.1135936696781936,0.7398432349432608,0.7315985739929317,8309
HILIC_814.1870521_87.72644142,0.8641464701810193,0.3928664837189043,0.9669701703160376,0.5818507918296242,8310
HILIC_814.3586731_43.67556207,0.6624617851015266,0.5116268939357609,0.980797573128938,0.18405782339337792,8311
HILIC_814.3839211_47.52340513,-1.0278494558144582,0.31044351339178433,0.9421850854569164,-0.16661876570190162,8312
HILIC_814.4394847_47.5880188,1.9582320709920813,0.05748685631672497,0.6133199145431344,0.4145779254019291,8313
HILIC_814.4831431_47.22739988,0.6186563723831653,0.5397907871722405,0.9840001469570548,0.12307192603146082,8314
HILIC_814.5330944_47.33087788,-0.14885801481536162,0.8824436694829243,1,-0.053086602294179136,8315
HILIC_814.5487593_50.2503864,0.2741997555466416,0.7853989092827511,1,0.1971286339431971,8316
HILIC_814.6267779_26.02209257,-0.4222593689540743,0.6751876185604905,0.9996367449012522,-0.33942907639762937,8317
HILIC_814.8856816_59.66798212,0.006728394322066665,0.9946663475756271,1,0.004754063048888843,8318
HILIC_816.3616119_43.80526208,0.9444422328418001,0.3508409194552523,0.9578247927857968,0.18834958873999236,8319
HILIC_816.3848457_48.45643634,-0.7081653839549176,0.4831137448219489,0.9781047779839798,-0.1202500207746107,8320
HILIC_816.474046_47.240915,1.1114177728423533,0.27329007977665637,0.9212133579231264,0.23801169830440755,8321
HILIC_816.5148411_47.1088925,0.8462482920288712,0.4026503548529391,0.9669701703160376,0.48951419711173644,8322
HILIC_817.122612_104.9955552,-1.2442844966848543,0.22092667058932675,0.8784165641675598,-0.9000822180972806,8323
HILIC_818.3844036_49.08607092,-1.346111888049286,0.1861495979266508,0.8476551256312127,-0.2738933945424655,8324
HILIC_818.4034717_43.74932817,-0.709143881884039,0.482513241651082,0.9781047779839798,-0.3217787316901216,8325
HILIC_818.4738116_47.27509172,1.4543262405568946,0.1539709178154433,0.8098035215536038,0.400589905803234,8326
HILIC_818.5602789_46.88774268,-0.4750553380621767,0.6374350151133603,0.9953856535986481,-0.29934339733472476,8327
HILIC_818.6042943_25.11647272,-0.6193851085576392,0.5393157390749519,0.983683589406213,-0.2826617569531719,8328
HILIC_818.771051_58.59018262,-0.8878175158207643,0.38015912163642274,0.9638726330536317,-0.26463669785385396,8329
HILIC_819.6048152_24.76817356,0.03144353270408793,0.9750784786395927,1,0.016358830440922272,8330
HILIC_820.3234314_49.4421656,-0.16274943132859698,0.8715680728243999,1,-0.10979105648111288,8331
HILIC_820.3845007_47.72845058,0.6335476324319023,0.530126906656057,0.9824083431236167,0.29274057917768376,8332
HILIC_820.3992389_43.70003697,-0.9388265140150241,0.3536802679325105,0.9588670540445742,-0.20763825160920274,8333
HILIC_820.4682878_47.29281578,-0.853805924004795,0.3985006564919612,0.9669701703160376,-0.20925107845230645,8334
HILIC_820.5222842_38.16994699,-0.8186858931784341,0.41801094039559195,0.9715863106398505,-0.39984888108330885,8335
HILIC_820.5661324_46.88269775,-1.211005908754681,0.23328413795316735,0.8879258919320564,-0.708558221452919,8336
HILIC_820.5850368_24.75044606,1.1824263879189432,0.24429715653335662,0.8993813650047175,1.1334684611978383,8337
HILIC_820.6260918_25.29319961,-0.8525780416983557,0.3991730275840887,0.9669701703160376,-0.5138352804251867,8338
HILIC_820.7744467_58.36464192,0.30120407332880617,0.764881802963727,1,0.11684157659706021,8339
HILIC_820.8185332_59.72788442,-0.15943339687629401,0.8741619881859799,1,-0.11410812381439436,8340
HILIC_821.4753739_79.38997714,-0.9100054716969049,0.36848912533881717,0.9637531830220828,-0.4970006470861847,8341
HILIC_821.5324702_36.30814648,0.2480525301431234,0.8054137569060318,1,0.2151128096646736,8342
HILIC_821.623972_25.1633062,0.900581370784811,0.37341725689352245,0.9637531830220828,0.6779388280664087,8343
HILIC_822.4110667_45.53219007,-0.1609757176283041,0.8729553555546704,1,-0.03147794567485332,8344
HILIC_822.4621235_46.27310891,0.40653100411884785,0.6866064747092055,0.9999159889500627,0.2252002949250711,8345
HILIC_822.471502_49.54186384,-0.42553370971672844,0.6728200639503525,0.9996367449012522,-0.2602934441914826,8346
HILIC_822.5635572_46.76980051,0.6828319369363693,0.49880680250865694,0.9781047779839798,0.3991947352950174,8347
HILIC_822.6148031_42.93017227,-1.2545617753643745,0.21721067578273315,0.8734015143452106,-1.4181051677858847,8348
HILIC_822.6332082_25.64089856,-0.6653880881506363,0.5097742693681644,0.9802142331323181,-0.4518687976840315,8349
HILIC_822.8012772_284.3486679,-0.060239009654139565,0.9522772955579175,1,-0.026576220782787166,8350
HILIC_822.8138776_285.2876339,0.15608080817389028,0.8767859272501809,1,0.071942086236785,8351
HILIC_823.1052253_109.3780288,0.9872791195060812,0.32967812759326187,0.9506069103298993,0.32201767735969716,8352
HILIC_823.1340383_72.9408646,0.8080107853673353,0.4240553681907613,0.9724257019093233,0.6560413871254315,8353
HILIC_823.3146094_285.2982492,0.31154531891667575,0.7570691152503097,1,0.22792811523889803,8354
HILIC_824.1046183_84.83435061,0.939331086761464,0.35342453661608175,0.9588670540445742,0.6628567962853309,8355
HILIC_824.403287_43.7635717,-1.0553867057249458,0.29783506939200666,0.9388638086478203,-0.15632061788014492,8356
HILIC_824.4157961_45.7550019,-0.9496834779505333,0.3482044949397658,0.9574386235069654,-0.20859185266327085,8357
HILIC_824.5046739_46.64944496,0.20629199652391048,0.8376513068545346,1,0.128009961475424,8358
HILIC_824.5589111_39.93178075,-0.3355564335336343,0.7390294749535868,1,-0.1869458914200921,8359
HILIC_825.8643369_281.5939377,0.3570618420895813,0.722997807823017,1,0.1469636535607331,8360
HILIC_826.3681147_50.35964101,0.8200171182561985,0.4172608932934312,0.9713818483750211,0.25970484569215685,8361
HILIC_826.4019529_43.97384105,-1.3321827349829816,0.19064263877986207,0.8507713974810356,-0.36038796049995403,8362
HILIC_826.4157289_46.7569695,-1.028458770551817,0.31016062106390985,0.9421850854569164,-0.35284091801061673,8363
HILIC_826.494261_40.65947797,0.10780926715210364,0.914707601736594,1,0.07544883253804255,8364
HILIC_826.5052407_44.66158878,0.8855837593174466,0.3813469390087425,0.9638726330536317,0.34195475018080884,8365
HILIC_826.5133055_46.71477728,0.6861882708432235,0.49671162293731763,0.9781047779839798,0.30799118528998054,8366
HILIC_826.6070285_49.28301444,-0.9718950912941638,0.33717740035169974,0.9540637516661264,-0.8539198076889264,8367
HILIC_828.3659989_49.99669154,0.27358144548430835,0.7858705660224611,1,0.12714912258914254,8368
HILIC_828.4132485_46.35085291,-3.187027504991227,0.002853276816639812,0.15621492648755803,-1.2852376853711875,8369
HILIC_828.4972976_46.93713537,0.7326568284632424,0.4682108439963486,0.9777549229263227,0.36510093001431765,8370
HILIC_828.6002884_47.99862501,-1.2336716362125908,0.22481350553742246,0.8805614407583051,-0.7850148862952103,8371
HILIC_828.8087189_58.8715019,-0.5271307279867824,0.6011312222644858,0.9928201179984223,-0.10795017470144946,8372
HILIC_829.3202951_292.0255303,0.7050923712780238,0.4850023893190357,0.9781047779839798,0.3557182715738736,8373
HILIC_829.4453105_292.4705805,0.7307748953298138,0.4693465281803597,0.9777549229263227,0.45257237825284663,8374
HILIC_829.5607458_291.1581135,0.536170540891015,0.5949292202922691,0.9921034274533279,0.32602971655220225,8375
HILIC_829.5831803_291.1818841,0.25487155774783404,0.8001806230971849,1,0.1840250913562016,8376
HILIC_829.6858196_292.98905,-0.29459210599620317,0.7698901896492116,1,-0.1733776833974506,8377
HILIC_829.7050712_291.1901823,-0.580153809548931,0.5651954839719122,0.9911473761431051,-0.41428456082348614,8378
HILIC_829.8117636_58.65878638,-0.8592710884153804,0.3955166179363647,0.9669701703160376,-0.2670538785376369,8379
HILIC_829.8301733_292.147443,0.13076098951094117,0.8966461462361524,1,0.10751181191792565,8380
HILIC_829.9488678_291.8437996,0.5658565569687979,0.5747790260080752,0.9913379189285378,0.3114881626878935,8381
HILIC_830.0676397_293.4938112,0.31883460413246095,0.7515775548024053,1,0.22234072152938164,8382
HILIC_830.1834718_76.28536086,1.0550387081738877,0.2979921566080939,0.9388638086478203,0.5977860003781024,8383
HILIC_830.1896383_291.1114763,0.546900313430235,0.5876074401996874,0.9913379189285378,0.3450182804505439,8384
HILIC_830.3212525_292.4177269,0.8480729542398997,0.40164602248496906,0.9669701703160376,0.4311651231846847,8385
HILIC_830.3631612_50.24656624,-0.03274329868694764,0.9740486800332508,1,-0.012646931476296313,8386
HILIC_830.4341962_43.78659606,-0.7540620685491963,0.45540533324701127,0.9753792522951469,-0.20519079643662155,8387
HILIC_830.4465194_292.2610957,1.5537079325761791,0.1284474529402337,0.7675729983817857,0.8643799672940852,8388
HILIC_830.5044841_46.90424906,-0.0019462071624888606,0.9984572149476558,1,-0.001332077787266708,8389
HILIC_830.5655774_24.42301701,-1.1664517599001103,0.2506158969162284,0.9053010394091442,-0.7986761294085278,8390
HILIC_830.8070896_58.97995976,0.08356390538829973,0.9338367156680161,1,0.017386665320891195,8391
HILIC_831.5688027_24.31756491,-0.7010048081270829,0.48752099622668965,0.9781047779839798,-0.47195450022160246,8392
HILIC_832.0873301_80.82919158,-0.01166852019727716,0.9907504137144216,1,-0.007438639018275252,8393
HILIC_832.360572_50.33954216,0.047972146557430574,0.9619867579383846,1,0.020892329650549695,8394
HILIC_832.4386028_44.08894269,-2.1518296161493815,0.03775197378599082,0.5220805529735174,-0.5705551405187925,8395
HILIC_832.4509665_46.76066095,-0.10097351849966064,0.9200961811807657,1,-0.03454597012677116,8396
HILIC_832.5878853_27.78367485,0.4019439913819591,0.689950865159064,0.9999159889500627,0.17766800924748088,8397
HILIC_833.5903612_24.83584436,-0.2091869722316722,0.8354066397414749,1,-0.08237205376822977,8398
HILIC_833.8100651_59.40422171,-0.7228107981287604,0.47417008456544363,0.9781047779839798,-0.2284488256114214,8399
HILIC_833.8234315_59.05772251,0.17888826374374497,0.8589647346473426,1,0.07998386743330133,8400
HILIC_834.3110337_290.1914657,0.2115902117853543,0.8335443055048422,1,0.14262700283128824,8401
HILIC_834.3206948_59.35087645,-0.0236695222575927,0.9812386310278822,1,-0.006946783409650084,8402
HILIC_834.3577523_50.12104647,-0.21336155783178518,0.8321722628807311,1,-0.0936600891777423,8403
HILIC_834.4181234_44.61752178,-1.6842875153550991,0.10022830569278057,0.718134185467518,-0.5861193580834053,8404
HILIC_834.4338301_289.9147229,0.48319241637361293,0.6316992468969849,0.9947980550876518,0.14660417198252162,8405
HILIC_834.5600116_290.0096347,0.966961651560308,0.33960626753966794,0.954330731898445,0.45633096264033707,8406
HILIC_834.600723_25.42148237,0.7985187993806722,0.429474269611416,0.9742203846590763,0.23882867929044344,8407
HILIC_834.6150302_25.55507698,1.4769541964005972,0.1478321994010969,0.7998776866875578,1.1315118697241389,8408
HILIC_834.823513_59.18663461,0.4855437885322709,0.6300460433136954,0.9947980550876518,0.22697603774234906,8409
HILIC_835.0945853_80.95042849,1.2292681933558953,0.22644103851869796,0.8835412928192641,0.7341476297453817,8410
HILIC_835.6064244_25.31619302,1.7992557714312443,0.07983024067774122,0.6911349530212022,0.5583053071138261,8411
HILIC_836.1706742_102.2361042,2.7225276078824,0.009685924396176554,0.28495481697365854,1.5732631322894999,8412
HILIC_836.3557995_46.51106035,0.1277690207136527,0.8989976818870695,1,0.11416717048309619,8413
HILIC_836.4063238_47.78560142,-0.9655856868544683,0.340285767432148,0.954346097572737,-0.3510455541006303,8414
HILIC_836.5406921_46.47096334,-0.3351216899870605,0.7393548112863213,1,-0.20374100223140562,8415
HILIC_836.6218946_25.86150856,1.6705247278180473,0.10293743094531874,0.7222851642405752,0.5236415225660203,8416
HILIC_836.9321672_59.72471201,-0.2511396079192294,0.8030434992074348,1,-0.23878305425458138,8417
HILIC_837.1166749_108.9071067,0.4297983686735467,0.6697414975882213,0.9994663226129565,0.17778519819628338,8418
HILIC_837.6198243_25.58102608,0.543338922736395,0.5900328546261936,0.9917669560968972,0.31479410982150546,8419
HILIC_837.7892131_284.5495123,-0.07942550675911915,0.9371061235467606,1,-0.05218444032464157,8420
HILIC_837.8859062_59.95213797,0.8402692552264225,0.4059522916661801,0.9672616821631036,0.763356754680001,8421
HILIC_838.1146141_109.4419771,-0.38545561083016583,0.7020241872917827,0.9999159889500627,-0.2102858820937571,8422
HILIC_838.4026735_47.79679221,-0.7821839531876864,0.43889703772373634,0.9745124110909839,-0.19724940894533932,8423
HILIC_838.5347515_46.42547731,-0.08237600063526801,0.9347750652107799,1,-0.05647134264861697,8424
HILIC_838.6293809_26.92110077,-1.6405925400293317,0.1090385964430959,0.7323626977858215,-0.8823464626223211,8425
HILIC_838.7924203_284.7691586,0.22374142060583668,0.8241430823411683,1,0.0909756046049683,8426
HILIC_838.8377538_58.94059527,-0.3596992167611704,0.7210402209458371,1,-0.15244703792948086,8427
HILIC_839.284986_285.6584623,0.1279792051570696,0.8988324572191848,1,0.06122899326185184,8428
HILIC_839.3731095_59.42976791,-1.5540544941084282,0.128364817952908,0.7675729983817857,-1.1033694598876884,8429
HILIC_839.7910243_284.3065628,0.5405178338678388,0.5919574974817747,0.9919344024228657,0.28942960214720304,8430
HILIC_839.8408526_59.0704976,0.019067095544356615,0.9848861822334083,1,0.010680233344539198,8431
HILIC_840.3365958_59.69830309,2.4396312873817494,0.019421561631313006,0.4041228254674534,1.4660831329794743,8432
HILIC_840.3998164_47.79330283,-0.5361734248417042,0.5949272465356363,0.9921034274533279,-0.13272958406006521,8433
HILIC_840.4612518_43.80153155,0.7744907781782131,0.4433772959066028,0.9745894987688215,0.31173151185856274,8434
HILIC_840.8424209_59.00910077,-0.34669079330460423,0.7307138776178121,1,-0.19927608539121372,8435
HILIC_841.8106618_59.48394812,0.519090616673223,0.6066727200588276,0.9928201179984223,0.42612476888607814,8436
HILIC_842.3428779_46.52511291,-0.8942636164531678,0.3767446264406249,0.9637531830220828,-0.9308615345745592,8437
HILIC_842.397075_47.83849343,-0.7277851990040135,0.47115396212205185,0.9781047779839798,-0.17644924797895323,8438
HILIC_842.459592_43.83423058,-1.8740219826876445,0.06854107894261181,0.6511567144338838,-0.7720934011262475,8439
HILIC_842.5936434_51.25691669,-0.3784456816085463,0.7071810825557261,0.9999159889500627,-0.3359032947005284,8440
HILIC_842.8036969_59.62705354,-0.3881417297376622,0.7000518853250961,0.9999159889500627,-0.26788679802217646,8441
HILIC_843.0865265_80.52551128,1.5749101365540925,0.12347051065476569,0.7633694302976659,0.9491021287730559,8442
HILIC_843.2278122_86.97252848,1.7825414173695893,0.08255850280795655,0.6948552844377854,1.0438706557100461,8443
HILIC_844.3388729_47.81256365,-0.4357844915666709,0.6654299644809278,0.9978767801948073,-0.36516910077869935,8444
HILIC_844.3946278_47.91666676,-1.1901748688686753,0.24127446178802445,0.8965589582842357,-0.31266153068816965,8445
HILIC_844.5916264_51.49780876,0.13576272537933273,0.892717152836082,1,0.06593037670741345,8446
HILIC_844.6095185_49.05053409,-0.688305036278426,0.4953927509239183,0.9781047779839798,-0.5850971136571058,8447
HILIC_844.7831145_59.16882396,0.11022836690807157,0.9128016022529177,1,0.09553943733334946,8448
HILIC_845.1189885_72.61499407,0.13048276852631274,0.8968647743569458,1,0.11521228750215051,8449
HILIC_846.084068_99.88812721,0.5477349879008889,0.5870396959298221,0.9913379189285378,0.3321128480916158,8450
HILIC_846.3367676_48.63631744,0.6022583051619955,0.5505376031394684,0.9858134543858914,0.4300969680577512,8451
HILIC_846.391992_47.96805492,0.0889921169170334,0.929550099895065,1,0.02857415194175239,8452
HILIC_846.4375869_47.71542235,1.0260087916937766,0.3112991708209061,0.9421850854569164,0.16055426572792242,8453
HILIC_846.6061561_49.22644713,-1.709578426193665,0.09540400982759903,0.7128280646827104,-1.380357929426839,8454
HILIC_847.3140169_59.91975962,-0.9097980394470712,0.3685971428746885,0.9637531830220828,-0.6052044718249395,8455
HILIC_848.3337304_48.54933275,0.1660000142477306,0.8690267484134879,1,0.10872704007939729,8456
HILIC_848.3943266_48.12105611,1.3793723617356417,0.175750411617117,0.8365744600905479,0.8396224713752133,8457
HILIC_848.4308865_47.5473133,-0.15120855879892056,0.8806017472912394,1,-0.022319738151792553,8458
HILIC_848.5571032_34.45860712,0.0822659922931597,0.9348619677699999,1,0.05494012252710771,8459
HILIC_848.6123242_49.722964,-1.2129481002130722,0.23254921056573885,0.8879258919320564,-0.9870233721937272,8460
HILIC_849.0315524_112.1647307,0.8010585151588001,0.4280202814642484,0.9742203846590763,0.3824671883256486,8461
HILIC_849.5331889_111.0103697,-0.12195851755469704,0.903567057747225,1,-0.07301452138736528,8462
HILIC_850.3317413_46.49883869,-0.7321473100025562,0.4685181652361008,0.9777549229263227,-0.5540765233073998,8463
HILIC_850.4292925_47.57928135,-0.1123965756924482,0.9110937214188206,1,-0.015561848970202158,8464
HILIC_850.5974999_49.45290849,-1.3292092307704608,0.19161244695313848,0.8508285872339756,-1.3201519760586953,8465
HILIC_852.3803592_47.82003145,0.7395378619788039,0.46407186064201944,0.977038339924947,0.38398062262002386,8466
HILIC_852.427695_47.6817984,0.008874439273670237,0.9929652007208661,1,0.0013895501637412743,8467
HILIC_852.538462_49.07527174,0.2578950174349466,0.7978632906851957,1,0.17156119987129873,8468
HILIC_852.6078387_50.91863111,-0.4474935915911814,0.6570296994496938,0.9965858111391217,-0.44939891951775124,8469
HILIC_852.8491668_59.80707335,1.060964769561541,0.2953249611136452,0.938511025914046,0.5613784084144767,8470
HILIC_852.9156329_61.55163307,-1.2825376132409179,0.20733235372571165,0.8678275884790382,-0.9947783789885585,8471
HILIC_854.0775755_81.51036235,0.7085276973164589,0.4828913443200529,0.9781047779839798,0.48562562092661565,8472
HILIC_854.3620319_45.00084523,0.4942666707369957,0.6239300151764031,0.9947980550876518,0.21774315743878092,8473
HILIC_854.3772656_47.9448948,-0.43109567688579553,0.6688061382591126,0.9990662606386967,-0.1239801705674748,8474
HILIC_854.4225046_47.69775977,0.22721428363364723,0.821460922719021,1,0.04063440936219989,8475
HILIC_854.5364883_49.0334814,-0.4895372624925215,0.6272427216743865,0.9947980550876518,-0.29281460852062796,8476
HILIC_854.6149505_50.15063782,-0.9940196760786197,0.32642793956039873,0.9506069103298993,-1.2336314699066584,8477
HILIC_855.321355_57.62039857,-0.4121920201940061,0.6824878101308542,0.9999159889500627,-0.18736397875591476,8478
HILIC_856.2053571_43.5253994,-1.3236678345994422,0.19342983038772993,0.8516767475872302,-0.6153740823079935,8479
HILIC_856.3741754_48.09339562,-0.8790033952266381,0.3848598401481701,0.965060611460648,-0.22271361761712405,8480
HILIC_856.4675085_47.47435202,1.36128381619934,0.1813487210005774,0.8445430532671083,0.3093297654607847,8481
HILIC_856.5426343_48.97439923,-1.2640750520259632,0.2138127523450984,0.8700201576306809,-0.9242887099699499,8482
HILIC_857.1272962_77.34643071,-1.0904382022104997,0.28230677520454855,0.9295944216943315,-0.69273294432186,8483
HILIC_858.2128588_43.5252825,-0.1289667684367286,0.8980562010831972,1,-0.06798213071403716,8484
HILIC_858.371374_48.00365726,-0.11720952476691097,0.907304136823154,1,-0.03164515918104367,8485
HILIC_858.4692075_47.63158566,-0.33998667595488424,0.7357169216148284,1,-0.060377914465353906,8486
HILIC_858.5265538_49.05670804,-0.7448769496644356,0.46087500514900825,0.9755657681934743,-0.6715566994047554,8487
HILIC_858.5671801_52.95902755,-1.1501002889191079,0.25720565764813874,0.909076957469324,-0.6961578501391923,8488
HILIC_860.2101736_39.31158264,-0.03451835936464077,0.972642380613051,1,-0.01931249947687822,8489
HILIC_860.3049588_44.7966143,-0.06582087322357599,0.9478614872586387,1,-0.03543472687726391,8490
HILIC_860.3683442_49.05589767,0.3962677370114646,0.694098144897145,0.9999159889500627,0.12302942806490268,8491
HILIC_860.4542134_47.44022203,0.5906749955492084,0.5581944155039915,0.9885282682412024,0.10792570861729005,8492
HILIC_860.5654099_52.69963175,0.6812210788476113,0.49981410644233437,0.9781047779839798,0.31960841501056164,8493
HILIC_862.2083901_43.58032546,0.43569266572186727,0.6654960161896342,0.9978767801948073,0.1289369823623894,8494
HILIC_862.3168372_48.00057735,-1.1294973413175375,0.26568552789141214,0.9155069968358608,-0.8655216322556012,8495
HILIC_862.3712572_47.92637286,-1.1620002325313668,0.25239764238644025,0.9054022050039036,-0.5421168807718989,8496
HILIC_862.4563436_47.49936754,1.1498533798856094,0.2573061129776395,0.909076957469324,0.1907140908223184,8497
HILIC_862.5626838_52.56967968,-0.26899074799355144,0.7893749669938602,1,-0.11564450375600603,8498
HILIC_862.5788107_49.70968483,-0.06624139339567393,0.9475288797012658,1,-0.05644342892276985,8499
HILIC_862.8020501_58.8923629,0.3360717522167781,0.7386439038430492,1,0.14075328635555906,8500
HILIC_863.2493354_69.94821239,0.011509147271281231,0.9908767421917015,1,0.007777747025486329,8501
HILIC_863.5111675_113.8088618,0.5517849933513173,0.5842886444824107,0.9913379189285378,0.3454070233783925,8502
HILIC_863.8040984_58.72097588,0.16775381360819114,0.8676562000395516,1,0.05379471159542706,8503
HILIC_864.012074_110.4878583,-0.88171855802784,0.38340787591420866,0.9640023294868427,-0.44064878210109487,8504
HILIC_864.2473559_45.04313549,1.1374727641455329,0.2623795110426564,0.9131550993531528,0.6109303707942907,8505
HILIC_864.3071196_47.49702507,0.5953805409042645,0.555077467047934,0.9865304209500617,0.3246496211758125,8506
HILIC_864.404045_47.18642487,0.7271198463057406,0.4715567462986804,0.9781047779839798,0.20250652388914317,8507
HILIC_864.4586866_47.43766308,1.3032074678425418,0.20025417814752675,0.8618721518192737,0.4907508939241603,8508
HILIC_864.5601321_52.49694717,-1.3449039221575558,0.18653599452561515,0.84811141863714,-0.7531198956852296,8509
HILIC_864.5849342_50.82762848,-2.3304172138532016,0.0251273613213998,0.44858050722635323,-1.2856217641576861,8510
HILIC_865.1275533_103.9048008,-0.4540042330146297,0.6523782023718564,0.9965858111391217,-0.3155837301232269,8511
HILIC_865.1723424_70.53235505,0.3387723164823714,0.73662441002304,1,0.21527903021752692,8512
HILIC_865.21652_91.10061529,0.8352153636427362,0.4087563835230905,0.9676316311691489,0.4716581592065241,8513
HILIC_866.2476609_43.60287798,-0.030887395057395576,0.9755191172323538,1,-0.009660131495265848,8514
HILIC_866.307017_48.12010368,-0.40253588814195185,0.6895189576902001,0.9999159889500627,-0.2981030828416748,8515
HILIC_866.4028408_47.21845927,0.8560328669214886,0.39728302402380866,0.9669701703160376,0.1522796747671716,8516
HILIC_866.4850569_47.12002353,-0.24611668257786984,0.8069010505399659,1,-0.082568715668997,8517
HILIC_866.5742291_52.59866303,-0.25833481368171785,0.797526362241874,1,-0.18617963724922393,8518
HILIC_867.8174719_59.05769349,0.15501423778488085,0.8776209865341036,1,0.06540633938759875,8519
HILIC_868.2304022_43.79540916,0.06850071096666623,0.9457420521152748,1,0.020189768889169943,8520
HILIC_868.2451001_43.73338349,-0.4850064753290684,0.6304236483646198,0.9947980550876518,-0.20619073472615418,8521
HILIC_868.3192486_59.29277523,0.03483181658146004,0.9723940518456355,1,0.01146106944061128,8522
HILIC_868.4017588_47.32867022,0.19979050145772126,0.8426973291654677,1,0.06343960254980861,8523
HILIC_868.5013479_46.75664639,2.2678785639228853,0.02903608360467287,0.4786535922659085,1.2542942336087481,8524
HILIC_868.5805003_52.62109204,-3.46533179254404,0.0013170166590607995,0.10832634405154533,-2.5768985330860703,8525
HILIC_868.8172037_59.23897831,-0.16396054743742616,0.8706210526975393,1,-0.08053873969322883,8526
HILIC_869.0408081_281.8270505,0.05078361125271686,0.9597608565014876,1,0.020380872186526393,8527
HILIC_870.235485_43.76094539,-2.030135686647861,0.04930220359615912,0.5775821167007157,-0.5535441640758593,8528
HILIC_870.34173_45.81003427,0.0025420153266519944,0.997984910583501,1,0.0014153027061628812,8529
HILIC_870.4971744_47.41028439,1.569857466711513,0.1246421336818616,0.7639334341671284,0.5677056718366246,8530
HILIC_870.5108675_49.9000839,1.9070671371833374,0.06400340558670689,0.637285146605545,1.0665192983475047,8531
HILIC_870.5765385_42.90902213,-0.26301551191469175,0.7939429149524672,1,-0.17458853483798892,8532
HILIC_871.622375_28.64920015,-0.3851319920539417,0.7022619478768701,0.9999159889500627,-0.21276927119669004,8533
HILIC_871.8500528_59.1114824,-0.5539179026656422,0.5828423319002037,0.9913379189285378,-0.28425977691863735,8534
HILIC_872.188951_85.81172808,1.2742981036125856,0.21020591150167475,0.8683661493536527,0.7684204150714814,8535
HILIC_872.2337179_43.79405637,1.184935226976151,0.24331544328030705,0.8982469518214177,0.3351417264694235,8536
HILIC_872.3461042_47.5880006,-0.007376753359575599,0.9941523972840887,1,-0.0029336533358250132,8537
HILIC_872.4757141_47.07978848,-1.0066391418842173,0.32040140215575297,0.9484654282771583,-0.5657422923046719,8538
HILIC_872.5101559_49.89804942,-0.4363444158742483,0.665027260931937,0.9978767801948073,-0.30481210288918337,8539
HILIC_872.6317163_28.82940009,-0.7373578728239579,0.4653808413304402,0.977038339924947,-0.359315795892406,8540
HILIC_873.1923805_86.31086676,0.33894362030679587,0.7364963718479325,1,0.17182453252167826,8541
HILIC_873.3665142_59.17837175,-1.779332073703199,0.08309125210174896,0.6948552844377854,-1.8615981059340088,8542
HILIC_873.6463336_28.9265965,-0.13422366764363552,0.8939258359183715,1,-0.09871144337383106,8543
HILIC_874.2772676_43.84550905,-0.5506342007472311,0.5850697101722346,0.9913379189285378,-0.12703335256434492,8544
HILIC_874.3438507_48.70133005,-0.5689740274835863,0.572682566348061,0.9913379189285378,-0.20275774327397508,8545
HILIC_874.44008_47.28175562,0.7737762960986901,0.4437947615585195,0.9745894987688215,0.2073554128660833,8546
HILIC_875.8044055_59.53400867,-0.8955308442979386,0.37607569613799763,0.9637531830220828,-0.720650166091332,8547
HILIC_876.2651725_43.67828234,-0.6796694521374728,0.5007854318761739,0.9781047779839798,-0.22104619557866645,8548
HILIC_876.3423006_45.99020045,-0.8428684339310029,0.4045148287280076,0.9669701703160376,-0.5873669139714999,8549
HILIC_876.4250607_47.07126719,-0.019797678223570977,0.9843071511631764,1,-0.00582182196838685,8550
HILIC_876.5331078_53.10584128,-0.4357131933244862,0.6654812501427259,0.9978767801948073,-0.29580745180382956,8551
HILIC_876.8044913_56.87607463,0.43381670852161036,0.6668460103196976,0.9981088816808736,0.3297905165149088,8552
HILIC_878.2668137_43.77525738,0.5839402775424946,0.5626708221647239,0.9905058655954281,0.18404725997692606,8553
HILIC_878.2912504_51.17894767,0.6061839891370835,0.5479548855807452,0.9857989553982086,0.4572553151340151,8554
HILIC_878.4343596_47.34659762,-2.0786524332237732,0.04437121419971241,0.5517606452510946,-1.1260019663931062,8555
HILIC_878.5077947_46.56569303,-0.43746407483015554,0.6642222915684739,0.9978767801948073,-0.24595745645852582,8556
HILIC_878.5287689_50.56673809,1.452410392258966,0.15449978278790055,0.812041347473375,0.7923474764426595,8557
HILIC_878.567725_41.67070808,-2.4054466093463183,0.02106663324644459,0.4141280600040436,-1.863363034702722,8558
HILIC_879.1091627_73.50697912,-1.0031399890461372,0.32206483130427516,0.9496974147336515,-0.9211680899278093,8559
HILIC_880.2648934_43.78920174,-0.524982554645231,0.6026094845092678,0.9928201179984223,-0.11217610731736731,8560
HILIC_880.5241225_47.4370567,-0.31940023192691214,0.7511519673068252,1,-0.23371380614757525,8561
HILIC_880.5722136_43.70394634,-1.2787917678392917,0.20863503762132626,0.8683661493536527,-0.89808914079776625,8562
HILIC_881.3065149_59.89006856,-0.4251310657234002,0.6731110198131838,0.9996367449012522,-0.23937282491993092,8563
HILIC_881.8087466_59.88386585,-0.2553587216476,0.7998071118558621,1,-0.16925736617774523,8564
HILIC_881.8544701_282.4946896,0.4481268626843386,0.656576651174131,0.9965858111391217,0.1929455071578267,8565
HILIC_881.8827209_59.93371121,-0.47218764213424136,0.6394618488443254,0.9955023063019077,-0.257703714556917,8566
HILIC_881.9493871_282.1212397,1.0868021175728144,0.2838905930647301,0.9295944216943315,0.5800802800282454,8567
HILIC_882.044285_280.1052712,-0.49401193796689147,0.6241082419138984,0.9947980550876518,-0.20716097019569346,8568
HILIC_882.2627811_44.54714728,3.0117752732944907,0.0045737668594085555,0.2100369120652223,1.6372103209509568,8569
HILIC_882.5676579_48.01513674,-0.3819643618509977,0.7045907808431879,0.9999159889500627,-0.2929418717535399,8570
HILIC_883.7871272_60.2373516,-0.6161323276060733,0.5414378412293268,0.9844101439284977,-0.3539610668134833,8571
HILIC_884.3062394_43.84396108,-0.91387935180083,0.3664756174720889,0.9637531830220828,-0.16552300477422688,8572
HILIC_884.4683002_46.87618659,1.739026784894956,0.09003180391587765,0.7027255382467117,1.009824122391016,8573
HILIC_884.5637152_49.86199565,-0.47656254229101325,0.636370878955553,0.9953585489094753,-0.42681905856053165,8574
HILIC_886.2965672_43.71820426,0.1543974349440313,0.8781039700501725,1,0.03465314823480715,8575
HILIC_886.4556866_46.78096366,-0.44365637278833475,0.6597776808108085,0.9968021749030789,-0.20949388517453163,8576
HILIC_886.7640185_58.63501808,0.15160388443332257,0.8802920297368674,1,0.04471856295529169,8577
HILIC_888.3042194_43.97244117,-1.3818006415132482,0.17500917943882208,0.8351744255722645,-0.22202864605790576,8578
HILIC_888.5530352_47.16700069,-0.8887087219659069,0.3796858760810301,0.9638726330536317,-0.5939121887167034,8579
HILIC_888.7732555_57.9379707,0.3681996022124606,0.7147438019472789,1,0.17440120666079426,8580
HILIC_888.8058861_59.66494272,0.7204374205045092,0.4756130091018682,0.9781047779839798,0.8174696999786054,8581
HILIC_889.2997262_60.05830896,0.1320034737759676,0.895669892643758,1,0.038604997958920556,8582
HILIC_889.8123074_60.34140673,-1.3559305880795267,0.18303163202597345,0.8460463584863603,-0.6227954576473378,8583
HILIC_890.2975454_43.86995844,-0.7678280436528212,0.4472793196550139,0.9745894987688215,-0.14079540728398057,8584
HILIC_893.7011848_67.19200707,-0.8828750670883319,0.3827904797419376,0.9638726330536317,-0.279397689317056,8585
HILIC_894.1711357_88.08621495,0.4142445491965712,0.6809969117592561,0.9999159889500627,0.2698321603542165,8586
HILIC_894.3292531_43.85653029,-0.20135499172273183,0.8414824551578892,1,-0.07602073701290611,8587
HILIC_894.3655532_48.12117873,-0.4893143230538825,0.6273990729296983,0.9947980550876518,-0.1418630088379719,8588
HILIC_895.6265934_28.81090343,-1.4767546761587456,0.14788546523083684,0.7998776866875578,-0.78153834707322,8589
HILIC_896.1482931_89.8689691,-0.04493389575620382,0.9643925569151852,1,-0.03651813678326201,8590
HILIC_896.2526228_51.59573464,-0.24619061025159705,0.8068442392291153,1,-0.20289967911998666,8591
HILIC_896.3319151_43.77969733,-0.7101273916038179,0.4819100878525777,0.9781047779839798,-0.14707795505953253,8592
HILIC_896.3621147_48.0084836,-0.5874216386323862,0.5603545962624081,0.9897205143088817,-0.14198855330592847,8593
HILIC_896.7963727_58.94501544,-0.6033057094644957,0.5498479043441581,0.9857989553982086,-0.13389936672383143,8594
HILIC_897.7985404_59.03945747,0.6162834960728163,0.5413391235445287,0.9844101439284977,0.2221765440658283,8595
HILIC_898.3305629_43.87870896,0.16066366112424374,0.8731994678630157,1,0.037032805832314275,8596
HILIC_898.3590829_47.98088454,-0.9829549412328329,0.3317746104415089,0.9512822823444778,-0.23691669126313927,8597
HILIC_898.7943437_59.17697023,-0.6143069244526976,0.542630623040404,0.9844101439284977,-0.19311041723884986,8598
HILIC_899.661947_28.77252121,-0.9763044562083889,0.33501639560500995,0.9529111307364223,-0.5699301600263935,8599
HILIC_900.3357065_44.08143219,-1.9625399526001694,0.05696531037129667,0.6133199145431344,-0.8492619731771024,8600
HILIC_900.3565163_48.00708922,-0.8976154939739267,0.3749769332218973,0.9637531830220828,-0.2077676067870913,8601
HILIC_901.2349343_82.56540989,0.9533691634818943,0.34635839854026795,0.9572455292742392,0.563778366300687,8602
HILIC_901.2500597_82.54775928,0.3123656672560029,0.7564504427987803,1,0.17979457838989507,8603
HILIC_901.7948894_59.20839454,-1.0406804576121202,0.30452369923150563,0.9402374180413365,-0.6102287911790159,8604
HILIC_901.8112313_59.11595094,0.08476880677288956,0.9328850377620483,1,0.03503076767722679,8605
HILIC_902.2394609_83.50988045,-0.46071923489082994,0.6475953795261762,0.9965858111391217,-0.2704162505115752,8606
HILIC_902.3146519_59.37683154,-0.835024570709451,0.40886247698320244,0.9676316311691489,-0.21602635139277668,8607
HILIC_902.3533522_47.94173198,-0.856540299302802,0.39700590021854354,0.9669701703160376,-0.19591169319578816,8608
HILIC_902.8095898_59.33235158,0.12794349129881724,0.898860531337103,1,0.03720223315178058,8609
HILIC_904.289248_45.07092555,1.17350572845893,0.2478112317678412,0.9013193895014,1.0426233907700007,8610
HILIC_904.3509254_47.55140099,-1.1308035641527716,0.26514203265472,0.9153716740091526,-0.22026452563053273,8611
HILIC_904.3954657_47.78421307,1.1770196136414204,0.24642265716788705,0.9005362363839727,0.15928732279080293,8612
HILIC_904.5595985_49.1601141,-0.48800123742854684,0.6283203151168886,0.9947980550876518,-0.26044683465323476,8613
HILIC_904.9198263_60.08538192,-0.4307752907190006,0.6690370871088348,0.9991285755583671,-0.4521590990046834,8614
HILIC_906.3629788_44.06662003,-0.1097835283351705,0.9131520500939898,1,-0.02991794037479943,8615
HILIC_906.3908949_47.79782169,0.16614327121484004,0.8689147814346065,1,0.021154933706398853,8616
HILIC_906.5712655_49.24175441,-0.983737397770168,0.3313945912857238,0.9506069103298993,-0.6563394027514527,8617
HILIC_906.8254761_59.01708052,-0.32416593142416716,0.7475693139579509,1,-0.15393823721369193,8618
HILIC_907.3631307_59.16597056,-0.05498944857342743,0.9564316123201888,1,-0.05115578967270023,8619
HILIC_907.8288761_59.10386561,0.11185450331821781,0.9115206678215417,1,0.06355453396876351,8620
HILIC_907.8844811_58.96533669,0.37609992401013115,0.7089098906900949,0.9999159889500627,0.3056582244995868,8621
HILIC_908.3584793_43.83550543,0.20995047779962783,0.8348148744532438,1,0.07767504581651086,8622
HILIC_908.3728022_47.41845752,-1.4736906964375964,0.14870537013609553,0.8014900281899261,-0.47941984026851503,8623
HILIC_908.388975_47.80463344,0.6541457123859649,0.5169116276168335,0.9824083431236167,0.0855660177568501,8624
HILIC_908.8300883_59.34419857,-0.22625443605653023,0.822202016225613,1,-0.1541322703360496,8625
HILIC_909.7981531_59.31132575,0.06700520553198004,0.9469247720625932,1,0.055151283999720954,8626
HILIC_910.3397157_47.9521847,0.5524404609002851,0.5838439912577511,0.9913379189285378,0.23461882496568712,8627
HILIC_910.3712106_47.71097921,-1.5438338350697853,0.13081996222447703,0.7695072627505222,-0.4652880496605311,8628
HILIC_910.3864723_47.82350801,-0.15839846522975312,0.8749718363708767,1,-0.02109281989481685,8629
HILIC_910.7877273_59.79923923,0.9362760007310609,0.3549747978159876,0.9588670540445742,0.47606836122548646,8630
HILIC_912.336296_48.09634889,-0.5009648922553821,0.6192517626127987,0.9946591876861559,-0.13183693798225385,8631
HILIC_912.3689099_47.65221882,0.01954468208977174,0.9845076649824848,1,0.005901336958587605,8632
HILIC_912.3834681_47.69865209,0.4818064340581092,0.6326746021120071,0.9947980550876518,0.07146363845090674,8633
HILIC_914.3332636_48.20866422,-0.03300275672175377,0.9738431179531609,1,-0.008005258591051643,8634
HILIC_914.3731532_47.70445343,-1.1899478581605931,0.2413626281655054,0.8965589582842357,-0.2396779028086141,8635
HILIC_914.4177343_47.46246318,0.0733030531203005,0.9419449753484771,1,0.025907787142973798,8636
HILIC_915.8256642_59.99503872,-0.014229048817400291,0.9887208214737626,1,-0.00814837808745285,8637
HILIC_916.3301596_48.17189683,-0.6586420964046508,0.5140506010045405,0.9824083431236167,-0.15499504518271473,8638
HILIC_916.3956603_43.81449976,-0.027097173937124984,0.9785223821946988,1,-0.012317037550821619,8639
HILIC_916.4249887_47.62436531,0.5814691061850733,0.5643178567179958,0.9909487223302283,0.09078042041913721,8640
HILIC_917.7893535_60.48801207,-0.4621696588686458,0.6465642753322227,0.9965858111391217,-0.26913727360827006,8641
HILIC_918.3275393_48.28453674,-0.9131707061872506,0.3668434128638707,0.9637531830220828,-0.27512494763369494,8642
HILIC_918.4164818_47.5218239,0.7454470758674955,0.4605343915689185,0.9755657681934743,0.14174987888203364,8643
HILIC_919.4895087_290.9865381,1.3702162028399045,0.17856722869496683,0.8408671771068869,0.7857877859517716,8644
HILIC_919.6429761_291.2434347,0.36467290435454447,0.7173536842927455,1,0.23520856434817736,8645
HILIC_919.7852788_291.1188668,1.8917253150635074,0.06607702952804215,0.6431661300406085,1.387231242734436,8646
HILIC_919.931203_289.8300063,0.6102263760955594,0.5453019086883246,0.9849172979815777,0.47790938908069447,8647
HILIC_920.0698138_291.32637,0.5111246433890227,0.6121864088510959,0.9928201179984223,0.3768656996642284,8648
HILIC_920.3283138_48.03021827,-0.15175304453816582,0.8801751753140308,1,-0.049405690080833745,8649
HILIC_920.3657871_47.58100192,-1.3448624283496387,0.18654927823997594,0.84811141863714,-0.6700138241698693,8650
HILIC_920.4182435_47.64846698,0.5835721454596773,0.562916029079396,0.9905437112575736,0.11283574535949684,8651
HILIC_920.9028749_62.02647443,-1.0289144108092847,0.3099491922867459,0.9421850854569164,-0.808842228593283,8652
HILIC_922.365289_47.56869703,0.011509884040535536,0.990876158183941,1,0.001826516981604324,8653
HILIC_922.4152897_47.40331826,2.185691430501905,0.034995979811301314,0.5071603942130305,0.7037913185412691,8654
HILIC_923.2193302_85.49967318,0.8987970254832709,0.3743550961586727,0.9637531830220828,0.5149808996933903,8655
HILIC_923.3106049_60.43878997,-0.3680535642169376,0.7148518067501904,1,-0.12391908429689742,8656
HILIC_923.8022198_59.66420694,-0.7809460314508488,0.4396161335074349,0.9745124110909839,-0.77797527040718,8657
HILIC_924.3622776_47.60456049,-0.3922372039336301,0.6970488009209661,0.9999159889500627,-0.059799281009950446,8658
HILIC_924.4602846_47.37643469,1.0058584238056312,0.3207720335458422,0.9487521488093467,0.547512527801266,8659
HILIC_924.7924413_60.33594428,0.3240192682764793,0.7476794851564514,1,0.08875353086219046,8660
HILIC_925.2343192_73.00258957,-0.11715247719895706,0.9073490418579284,1,-0.04897571678522109,8661
HILIC_926.3597418_47.55578652,-0.07057646955706469,0.9441006457258634,1,-0.012285876575710562,8662
HILIC_926.4516055_47.21814944,0.7499956503167623,0.45782215844149377,0.9755657681934743,0.4163960673582563,8663
HILIC_928.3095119_48.24886741,1.0311996207388945,0.3088902887540869,0.9421850854569164,0.8467995189494327,8664
HILIC_928.36195_47.6152447,0.4099450168806625,0.6841214468973535,0.9999159889500627,0.09613882776596877,8665
HILIC_928.453153_47.39785644,0.5420716481197323,0.590897061837664,0.9919344024228657,0.17609554579753176,8666
HILIC_930.1758911_81.77487488,0.7457057657390362,0.4603798893545926,0.9755657681934743,0.34884442984483394,8667
HILIC_930.1916048_81.46586096,0.23888171901427183,0.8124659900656427,1,0.09952291759632471,8668
HILIC_930.3073315_49.37340285,-1.477653110355021,0.14764573081858762,0.7996535692222799,-0.49510732113921097,8669
HILIC_930.4459242_47.24606768,1.2853302902772583,0.20636514890512095,0.8673174277697767,0.5310033394557281,8670
HILIC_930.7964161_59.61522063,-0.38089536341178704,0.7053773569260947,0.9999159889500627,-0.0937965084470276,8671
HILIC_931.1932824_82.25085901,0.0323997079629768,0.9743209010835411,1,0.016457128790593648,8672
HILIC_931.7920432_58.87858738,-0.7890810940538745,0.4349034387646473,0.9745124110909839,-0.30772708022844114,8673
HILIC_932.3040198_49.41560122,-0.6075743425627012,0.547041663269741,0.9857989553982086,-0.2303158019848758,8674
HILIC_932.3878236_47.2418718,0.5584264083171472,0.5797908681749278,0.9913379189285378,0.2804958840794957,8675
HILIC_934.3012884_48.33346439,-0.7211345260671869,0.47518893562118236,0.9781047779839798,-0.39807132326931116,8676
HILIC_934.3932332_47.32135273,0.8835517601725575,0.3824295245823691,0.9638726330536317,0.28322286481712694,8677
HILIC_935.087372_100.3900144,0.7947264744389653,0.4316509213757972,0.9742203846590763,0.6609994759578816,8678
HILIC_935.3176916_34.60925515,-1.2241161299021757,0.22835633671196692,0.8847048211454995,-0.6462054810849689,8679
HILIC_935.8047594_59.15767275,0.2736443788243406,0.7858225557329217,1,0.11350214546314757,8680
HILIC_936.3070255_56.52986786,-0.9543276704194986,0.34587936231817296,0.9572455292742392,-0.4746026483968467,8681
HILIC_936.3859206_47.30825344,0.21675756752461614,0.8295432836545452,1,0.077527108048801,8682
HILIC_936.4744584_46.94860164,0.30868114397447105,0.7592304228250571,1,0.18110864244870953,8683
HILIC_936.8051993_59.40777728,0.037907154533104975,0.9699578424414763,1,0.011891550058461337,8684
HILIC_937.3248598_33.40796197,-1.2684527147807312,0.21226260686181836,0.8692358972709401,-0.6201938272322327,8685
HILIC_938.2503433_27.76618509,-0.4127619121391528,0.6820737274305098,0.9999159889500627,-0.2707248735155499,8686
HILIC_938.4776792_47.00678986,0.4165808649139642,0.6793014541798276,0.9998922079384405,0.21882261099298853,8687
HILIC_938.7670632_59.92135899,0.5126746726489371,0.6111117437922445,0.9928201179984223,0.42530441720968926,8688
HILIC_939.8335749_58.9928891,1.1649176349385386,0.2512289044866331,0.9053010394091442,0.8106318015582669,8689
HILIC_940.1776844_43.91761501,0.8457248283858935,0.4029387688273717,0.9669701703160376,0.294849674123894,8690
HILIC_941.354867_59.20396073,-1.6096835721247387,0.11564765943335492,0.7446629530930814,-0.8879764777680746,8691
HILIC_941.8084144_59.62615975,-0.050604369531169195,0.959902756766448,1,-0.0230720441490291,8692
HILIC_941.8354691_59.97100133,1.2286399392900744,0.2266739545766475,0.8838307314088665,0.5071300286988119,8693
HILIC_942.1694604_43.78895029,0.7449789350779537,0.4608140647037984,0.9755657681934743,0.23060055319443176,8694
HILIC_942.3284624_52.24706394,-0.30047726154141446,0.7654318479673105,1,-0.15045702721369866,8695
HILIC_943.7914732_59.40189389,0.6223761094784467,0.5373682500520927,0.9833164118236528,0.5389628891462945,8696
HILIC_944.1715514_43.93771337,-0.20714959808169303,0.8369862072701449,1,-0.04697566757504919,8697
HILIC_944.4129256_46.73840655,0.012069386906637454,0.990432663948144,1,0.005685107267869048,8698
HILIC_944.7906633_59.83606889,-1.2880533489017285,0.20542533838419644,0.8656738374505704,-0.9405054307347298,8699
HILIC_945.2004232_88.27850984,-0.038798352339584875,0.9692519101937382,1,-0.030900153142737512,8700
HILIC_946.1684253_44.14785168,-1.4102044246544887,0.16651806686331785,0.8274419139233609,-0.6681558826157116,8701
HILIC_946.2810631_45.74097865,0.9417582219399203,0.35219609644050553,0.9584471216727528,0.7833079101010185,8702
HILIC_947.8028843_291.5005762,1.7105279909369697,0.09522670805688344,0.7128280646827104,1.3666983214535697,8703
HILIC_947.9360545_291.231028,0.20100725232103012,0.8417524515254414,1,0.15462925347453124,8704
HILIC_948.0693019_291.8272201,1.286548986983774,0.20594413909740025,0.8669299102947905,0.7338177367368136,8705
HILIC_948.2182002_291.412066,0.11889316158170961,0.9059790001673675,1,0.07626050188194262,8706
HILIC_948.2779795_46.57361428,0.18195435750859493,0.8565744336716441,1,0.15526412080538057,8707
HILIC_948.3670997_291.6450554,1.2147081845721148,0.23188466880531322,0.8879258919320564,0.6891649092133953,8708
HILIC_948.5003613_291.6440352,0.26835139333120733,0.789863384584791,1,0.19394224711752364,8709
HILIC_948.6611704_291.2355169,0.5308984474993771,0.5985425904050984,0.9927179766037689,0.2641572152649356,8710
HILIC_949.1439716_81.99385778,-0.7325608120426451,0.4682687484025507,0.9777549229263227,-0.5026599299905485,8711
HILIC_949.7955074_59.91897901,-2.6253905790976986,0.012354630631060376,0.3216997248155867,-2.1580215780113567,8712
HILIC_949.8663589_59.25961361,0.57784262209655,0.5667392660636323,0.9913379189285378,0.35221626521778804,8713
HILIC_950.2084139_43.85511892,-2.027770285482892,0.04955438124173563,0.5784084227052847,-0.7823285732033032,8714
HILIC_951.77483_60.22400181,-0.04883611754043188,0.9613026985671957,1,-0.027311700731316026,8715
HILIC_952.1714383_83.00331901,1.5378549762448521,0.1322736280630648,0.7702105138753427,0.6710059854306588,8716
HILIC_952.208614_43.69619259,-0.610790794262662,0.5449320146763774,0.9848017888606798,-0.15776679021189038,8717
HILIC_952.323611_48.04135973,-0.5994734875939756,0.5523735107836507,0.9858134543858914,-0.2437289365042496,8718
HILIC_954.1398837_87.49766553,0.6857855146102395,0.4969627843870593,0.9781047779839798,0.5689694713422916,8719
HILIC_954.2071278_43.9648628,-1.672421032677887,0.10256059617625667,0.7222851642405752,-0.7177410543440568,8720
HILIC_954.3206444_47.96720151,-0.6732156301307552,0.5048366895540675,0.9781047779839798,-0.18364442538197664,8721
HILIC_954.7492319_58.35768757,-1.5400696698282517,0.13173365067636184,0.7699545183289296,-0.5937612292243842,8722
HILIC_956.2001917_43.88332477,1.2546953386314164,0.21716269221417764,0.8734015143452106,0.6236563168070322,8723
HILIC_956.3177393_47.99305401,-0.7695490060721184,0.446269499856215,0.9745894987688215,-0.2050862406596947,8724
HILIC_956.7557629_58.18787627,-0.6794167399378257,0.5009437293013929,0.9781047779839798,-0.4131301356974703,8725
HILIC_957.2956713_57.78241069,-0.9573363996633373,0.3443785313599158,0.9564212583657042,-0.7942414287385292,8726
HILIC_957.3199288_48.05875773,0.840057657719353,0.40606945403871963,0.9672616821631036,0.4458050537936519,8727
HILIC_958.314574_48.17848909,-0.5651181186147023,0.5752761687570755,0.9913379189285378,-0.1323152203266047,8728
HILIC_959.3147068_47.54654858,-2.205819240115513,0.03344371639151902,0.4996956656890978,-1.3039828705764742,8729
HILIC_960.2408444_43.92501705,-0.2954829179632733,0.769214836477539,1,-0.0636159803199516,8730
HILIC_960.3119315_48.02575853,-0.7151968665006975,0.47880791785153387,0.9781047779839798,-0.19061433672935013,8731
HILIC_962.2326855_43.82971823,0.7895564745035322,0.4346289882655261,0.9745124110909839,0.18944202378845965,8732
HILIC_962.3087666_48.01059215,-0.10062618150443067,0.9203700888842687,1,-0.02753225667677992,8733
HILIC_962.3606197_47.68813621,-1.2811291902194462,0.20782143636968223,0.8683661493536527,-0.4903909887514139,8734
HILIC_962.5377165_41.59371544,-0.40991126350904744,0.6841459983223499,0.9999159889500627,-0.24810295237371757,8735
HILIC_964.2388349_44.07832491,-0.5490881509852672,0.5861198379620068,0.9913379189285378,-0.13760215528070457,8736
HILIC_964.3053321_48.01273994,-0.6497503474382299,0.5197166421759013,0.9824083431236167,-0.26847926950205625,8737
HILIC_964.3490547_47.73581367,1.504999864477505,0.14049529744052952,0.7852222195474602,0.20554982344117667,8738
HILIC_964.5248012_41.57316444,0.4556191144472449,0.6512266203933263,0.9965858111391217,0.2805241513046144,8739
HILIC_964.7831843_58.98330791,-0.5144189776155975,0.6099034240309136,0.9928201179984223,-0.11659125975320801,8740
HILIC_965.2719027_281.6862162,0.2933129877233054,0.770860247518261,1,0.16634473730481092,8741
HILIC_965.2961677_48.02267328,-1.4279575962033109,0.16137655510148294,0.8218381018016443,-0.8182018785207528,8742
HILIC_965.3886851_280.6968349,-0.07794001723493882,0.9382799583557928,1,-0.04813065785374153,8743
HILIC_965.4934049_281.4308478,-1.175259827319266,0.2471173582757108,0.9009546759135337,-0.6078016593001894,8744
HILIC_965.6020436_281.9760794,-0.12820540144177206,0.8986546508359372,1,-0.08573538847397473,8745
HILIC_965.7188232_281.2859359,-0.11280072373901179,0.9107754241657039,1,-0.060236393066094414,8746
HILIC_965.7874494_59.21270252,-0.33626505016213415,0.7384992923034659,1,-0.07863838201919385,8747
HILIC_965.8155781_282.6132176,0.6578062492090816,0.5145817978347782,0.9824083431236167,0.3405554625621459,8748
HILIC_965.9404026_282.0526979,1.2068681875785194,0.2348555612992758,0.8884134042888568,0.9556074317689358,8749
HILIC_966.0572807_281.2476881,0.06669902296436335,0.9471669315221374,1,0.053592943816724616,8750
HILIC_966.1664301_80.31938672,0.8780847384042187,0.3853518925217615,0.9655308184237438,0.5111244518056454,8751
HILIC_966.1906128_82.63691604,-1.3633503079941829,0.18070227382523285,0.8437902588179388,-1.5173470053639215,8752
HILIC_966.3023769_48.0185447,-0.761257280717504,0.45114728792492886,0.9745894987688215,-0.41132954374808667,8753
HILIC_966.3315744_47.61942996,-1.417629631474458,0.16435227715751072,0.8264778495909016,-0.3874758047368407,8754
HILIC_966.3476443_47.74417778,0.052588694908016535,0.9583319008694371,1,0.006843147659500387,8755
HILIC_966.7831769_59.12802608,-0.6483913304487919,0.520585582887201,0.9824083431236167,-0.14848879253558314,8756
HILIC_967.1830131_82.45626034,-1.1107887479892735,0.27355741516548937,0.9212133579231264,-0.9337324695548422,8757
HILIC_967.299709_47.98249531,-0.08480219770331818,0.9328586657218183,1,-0.05297569202011132,8758
HILIC_968.2984114_48.01071824,-1.2567621385501337,0.21642118925518816,0.8728105295437921,-0.48505875968459833,8759
HILIC_968.3461324_47.78125076,-0.39221771550799284,0.6970630795499563,0.9999159889500627,-0.050437366131119814,8760
HILIC_969.7981506_59.17164108,0.16613925058369114,0.868917923847817,1,0.07290127662469838,8761
HILIC_970.2626445_43.85721901,-1.0077067634683234,0.3198950398242758,0.9483800637817349,-0.2975772537990434,8762
HILIC_970.2961331_51.79227441,-0.4014680018370971,0.6902982712303656,0.9999159889500627,-0.124577121167644,8763
HILIC_970.3412404_47.776089,0.3505534426519993,0.7278367011508511,1,0.043217741192586694,8764
HILIC_970.7978014_59.53314469,0.8803322254085133,0.3841487969484464,0.9641462546882261,0.3083029804800508,8765
HILIC_971.1309124_81.56343711,-0.27903136492211184,0.7817161138437938,1,-0.17443448617889024,8766
HILIC_972.0573279_278.3676422,0.08467574304847336,0.932958539570577,1,0.0464508096427834,8767
HILIC_972.1350242_80.90374436,-0.9282777428277325,0.35905449766075437,0.9598002651438575,-0.8233675787799435,8768
HILIC_972.2735779_44.02114547,-0.4215789635735582,0.6756800150185067,0.9996367449012522,-0.1366979950825765,8769
HILIC_972.2913582_48.10545695,0.06444950528456453,0.9489462266694015,1,0.016766836682274827,8770
HILIC_972.3341779_47.73769492,1.9472875797786067,0.058830474183146846,0.6207029881915628,0.441552434780981,8771
HILIC_972.3789519_47.487578,-1.635906795521186,0.1100200988749938,0.7336651855103924,-0.8261258245488003,8772
HILIC_974.2883894_48.0458262,-0.6380437690326681,0.5272271312423362,0.9824083431236167,-0.14863046861204837,8773
HILIC_974.3760861_47.43983847,0.17155757212398068,0.8646850881919919,1,0.03765596152401103,8774
HILIC_974.8121834_59.03846247,-0.19164071875594244,0.8490321111151289,1,-0.09474532015325095,8775
HILIC_975.8719902_58.99635182,1.7738313195016215,0.08401110626790823,0.6959761542836904,1.2513104987872503,8776
HILIC_976.2860269_48.01544626,-0.6373793469801244,0.527655118851528,0.9824083431236167,-0.18276630223214815,8777
HILIC_976.3793702_47.5373377,2.2554631349784264,0.02987389505859548,0.4828383656075463,0.5777203432695968,8778
HILIC_976.8298802_59.77324125,-0.6513396636838412,0.5187014380591161,0.9824083431236167,-0.32448486100796975,8779
HILIC_977.7850854_59.76443026,0.7712844264542447,0.445252563971805,0.9745894987688215,0.630712414910497,8780
HILIC_978.1015597_98.31048408,2.296603812106244,0.02717771439579443,0.4635851174353209,1.6685313739302923,8781
HILIC_978.2832435_48.08948714,-0.8697567722718649,0.38983074256417993,0.9669701703160376,-0.230081458300743,8782
HILIC_978.3806248_47.60323334,0.09078860466213808,0.9281318891128909,1,0.02971428742018248,8783
HILIC_978.7868492_59.886962,0.9304756788784196,0.3579303474888271,0.9588670540445742,0.6574682857756639,8784
HILIC_979.4986328_281.4280372,-0.15442637127907008,0.8780813105823861,1,-0.08326608266922696,8785
HILIC_979.6056105_280.3574917,-1.5030556334200746,0.14099435307391472,0.7856639509371739,-0.8074250223720343,8786
HILIC_979.7167277_282.1518929,-0.709416335622512,0.4823461121449977,0.9781047779839798,-0.3900277425487255,8787
HILIC_979.8278655_281.8372737,0.2562821167618921,0.7990992704038113,1,0.1482294034831282,8788
HILIC_979.951374_280.4584284,-0.7914961279293355,0.43351024975564034,0.9742203846590763,-0.4118268988239114,8789
HILIC_980.0502196_282.1417485,-0.3192662135692763,0.7512527977782814,1,-0.18875352919182942,8790
HILIC_980.1737341_280.9034581,-1.4089199579972094,0.16689497370011017,0.8286700588640427,-0.722006058666761,8791
HILIC_980.2810025_280.8113136,-0.9158453617270295,0.36545648720178703,0.9637531830220828,-0.7907385217243508,8792
HILIC_980.2845229_45.97534021,0.7520935450257897,0.4565743675624906,0.9755657681934743,0.2721032575978794,8793
HILIC_980.2979023_43.84524296,-0.43509891626892605,0.6659231741899988,0.9980954332927549,-0.12061900409480532,8794
HILIC_980.3757254_47.57429275,-0.6349404314543357,0.5292277238154208,0.9824083431236167,-0.25035446777610343,8795
HILIC_980.755_60.466847,1.4270346183573044,0.16164075369171538,0.8218381018016443,0.9246049953791735,8796
HILIC_982.2905571_43.82026075,1.7911567173481935,0.08114258166142203,0.6939617698381066,0.4648818955772375,8797
HILIC_982.3230746_47.53290875,-0.013430440546310995,0.9893538274601125,1,-0.0020377304247253,8798
HILIC_983.1047118_88.84734699,0.02502207336418984,0.9801667706087254,1,0.01853834539951121,8799
HILIC_983.2864627_59.87025366,0.36552325023667553,0.7167240827024416,1,0.24608106565884216,8800
HILIC_983.3025203_59.70200195,0.2706193118984777,0.7881312589516211,1,0.3038765530208422,8801
HILIC_983.8040831_59.98656075,0.3094015394728822,0.7586866272791173,1,0.26482380267797095,8802
HILIC_984.3136268_47.56413493,1.5503817361799535,0.1292427465980696,0.7690074549221807,0.27345541846610893,8803
HILIC_984.4007681_47.22769002,-0.7587081132372082,0.4526531718272695,0.9750316892785739,-0.33671924700348643,8804
HILIC_986.3145042_47.59840197,0.3838900578166039,0.7031746697627068,0.9999159889500627,0.09268873563963967,8805
HILIC_986.4142733_47.37012827,-0.15326265499513528,0.8789926752991899,1,-0.07009146954469982,8806
HILIC_987.1050849_81.78834069,0.9476496392983365,0.34922598823268813,0.9574386235069654,0.6028740517392779,8807
HILIC_988.1631517_83.07479176,0.004665742205108501,0.9963014136740069,1,0.004635861830967259,8808
HILIC_988.2671665_47.92564102,-1.5419651363426865,0.13127291723683332,0.7697661366590566,-0.5485533608906339,8809
HILIC_988.4006262_47.18272541,-0.6027103119350865,0.5502399097035675,0.9858134543858914,-0.2374565516332847,8810
HILIC_988.889923_62.24879022,-2.240779451400119,0.03089259740377145,0.4882619706104048,-1.6623639712106557,8811
HILIC_989.6656123_32.38302716,-1.481190406394196e-15,0.9999999999999989,1,-1.3694313869274666e-16,8812
HILIC_990.2548559_48.78389787,-0.1612806026196761,0.872716865444977,1,-0.05181605819018018,8813
HILIC_990.3594885_47.41833081,1.1067084286903217,0.27529606162248144,0.9227236778686373,0.5576025496787526,8814
HILIC_991.6742475_31.64671091,-1.0943580525589616,0.28060634019423436,0.9295944216943315,-0.7129699789242719,8815
HILIC_991.7748365_60.21032277,-0.1498122409438844,0.881695843028299,1,-0.057019205163903026,8816
HILIC_992.2569789_48.68759103,0.19497601940022527,0.846438349563777,1,0.08510718243121126,8817
HILIC_992.3534962_47.35421243,0.4890153338214097,0.6276087865133231,0.9947980550876518,0.217332523304917,8818
HILIC_992.6725211_31.77473373,-0.19146716789894302,0.849167123096222,1,-0.0829833985362865,8819
HILIC_992.7855644_60.27329889,0.8926027935332781,0.3776224776653174,0.9637531830220828,0.2750234762510805,8820
HILIC_993.1133478_81.92816933,-1.8736826331138585,0.06858906824429045,0.6511567144338838,-1.2545509818550753,8821
HILIC_993.6765687_31.90983339,1.0490470721080782,0.30070582394110823,0.9396681966123791,0.3514114823666887,8822
HILIC_994.1138798_80.68391772,-0.5552222968686378,0.5819586865744297,0.9913379189285378,-0.3407598634819833,8823
HILIC_994.3452313_47.28250343,0.7308615320595145,0.4692942110457914,0.9777549229263227,0.3855466063537855,8824
HILIC_998.7786193_59.95624317,1.3866793787454923,0.17352727801141937,0.8339288888220858,0.5066510040241864,8825
HILIC_999.7834505_58.54112792,-0.057704500295569304,0.9542828554994085,1,-0.02781971981264063,8826
HILIC_1003.774952_59.2972767,-0.7860569200936184,0.4366518129147198,0.9745124110909839,-0.2861661610809697,8827
HILIC_1003.792604_59.22075017,0.7257046673532868,0.47241410826694674,0.9781047779839798,0.35123785163125887,8828
HILIC_1004.080219_43.39271859,-0.3585101188767186,0.7219225925836418,1,-0.1901768084893819,8829
HILIC_1004.287251_59.18086662,0.6211614758049049,0.5381586745920167,0.983683589406213,0.24616473009877538,8830
HILIC_1004.795688_59.36826644,-0.1849646627122643,0.854228954421398,1,-0.07144782510667938,8831
HILIC_1006.079711_43.42614271,0.2683640619281611,0.7898537059209203,1,0.11613936833337483,8832
HILIC_1006.769409_60.58118569,0.6851191658754914,0.49737847828052195,0.9781047779839798,0.5317555791632698,8833
HILIC_1007.060927_107.1182423,0.446463885895063,0.6577666406295177,0.9965858111391217,0.27309152426001,8834
HILIC_1008.066896_110.1909887,0.6388362185515037,0.5267169155371274,0.9824083431236167,0.43080334069531073,8835
HILIC_1008.074882_43.49320949,-0.041368511705574804,0.9672161875132759,1,-0.02578494913885019,8836
HILIC_1008.787343_59.71651669,1.1048331418788333,0.2760977554890745,0.9227236778686373,0.5202523203443598,8837
HILIC_1009.092839_80.42612309,-0.28233642466633907,0.7791998209718074,1,-0.1958347158291924,8838
HILIC_1009.290613_59.70055143,0.7834103709412099,0.4381853175787558,0.9745124110909839,0.35720989392026525,8839
HILIC_1009.324911_59.68676254,-0.3640745235926424,0.7177968489838941,1,-0.1826423432741977,8840
HILIC_1009.807173_59.85384759,-0.18979594759798013,0.8504674653241463,1,-0.09707528270217987,8841
HILIC_1010.071362_43.48407446,-0.3758332068452239,0.7091065584272851,0.9999159889500627,-0.18417675558791785,8842
HILIC_1010.281132_48.13220325,-0.5563361117837006,0.5812046621222908,0.9913379189285378,-0.3413019363983831,8843
HILIC_1010.362982_27.81037429,1.5772330035569344,0.12293488594201124,0.7615564109420333,0.843232832194957,8844
HILIC_1012.06971_43.42324224,0.5710157596390221,0.5713115748867819,0.9913379189285378,0.33495618672848076,8845
HILIC_1012.262341_47.98943251,-0.8065766666934278,0.42487142061779726,0.9724257019093233,-0.3942182364859244,8846
HILIC_1012.279559_48.0257105,-0.018736218315901228,0.9851484252405915,1,-0.007393927226204364,8847
HILIC_1012.772094_59.87109441,-0.3720500899017796,0.7118982586357455,1,-0.27003202050200303,8848
HILIC_1013.651378_32.61887636,1.2207512002165711e-14,0.9999999999999903,1,1.1286428820961738e-15,8849
HILIC_1014.102026_43.70117472,-0.3023960977133688,0.7639799559454836,1,-0.07123543625488912,8850
HILIC_1014.276612_47.9630535,-0.4054848592286697,0.6873686606494748,0.9999159889500627,-0.1391223358628173,8851
HILIC_1015.095195_81.09746956,-1.771800706425729,0.08435283016821375,0.6959761542836904,-1.526528820453943,8852
HILIC_1015.681439_31.83675793,-0.8173485360911467,0.4187652729257113,0.9716822081080376,-0.46169433304709007,8853
HILIC_1016.111728_43.62218601,-1.6938433612704604,0.0983822530750527,0.718134185467518,-0.9121700681805375,8854
HILIC_1016.272938_47.91959218,-0.9350715242292503,0.3555872171785478,0.9588670540445742,-0.24258182871471007,8855
HILIC_1016.685665_31.77468011,-1.8496221059091071,0.07206551048984619,0.6668910463155405,-0.8479897309855391,8856
HILIC_1017.307872_59.80954739,0.284967355666868,0.7771984896086132,1,0.203327412202895,8857
HILIC_1017.700176_31.64025698,-1.0090023733525548,0.3192812759115693,0.9483800637817349,-0.6637529174758899,8858
HILIC_1017.804507_59.86190738,-0.09432347263397978,0.9253420367608857,1,-0.06623972231499886,8859
HILIC_1017.861326_59.17005271,0.3824258953093812,0.7042512828852954,0.9999159889500627,0.21602586292918616,8860
HILIC_1018.101281_43.58260402,0.8967032115794513,0.3754575188238225,0.9637531830220828,0.28405210771489603,8861
HILIC_1018.269912_47.9433799,-0.6029766725437095,0.5500645221528133,0.9857989553982086,-0.17292518969421383,8862
HILIC_1018.690025_31.54384033,-0.8477499482902516,0.4018236978290939,0.9669701703160376,-0.20548029908554988,8863
HILIC_1019.711852_31.46942739,0.06514143669388371,0.9483989028719718,1,0.018330956807766946,8864
HILIC_1020.105623_43.7482515,0.642779576621226,0.5241819006938739,0.9824083431236167,0.18936825301107144,8865
HILIC_1020.267124_47.98450839,-0.9029349742640173,0.3721825337977491,0.9637531830220828,-0.37496589937179414,8866
HILIC_1020.284418_48.22533853,0.020389506811435993,0.9838380974083495,1,0.007175594674360735,8867
HILIC_1020.713453_31.55169172,-0.5560268171675112,0.5814139990829226,0.9913379189285378,-0.08333333333333459,8868
HILIC_1022.259985_48.14380327,1.5613454654268095,0.1266362764998228,0.7654697590658777,0.6605665306715937,8869
HILIC_1022.308204_47.725874,-0.8434669191331007,0.4041842882018505,0.9669701703160376,-0.18524273467414273,8870
HILIC_1022.747058_58.22965599,-1.614144257573524,0.11467410818268707,0.7424511371086427,-0.7093952472273023,8871
HILIC_1024.144723_43.68788327,-1.1256807940781728,0.26727808958386745,0.9172073687974225,-0.23696833476410475,8872
HILIC_1024.315984_47.80993292,-0.7285721090293852,0.4706778455850177,0.9781047779839798,-0.12170455067141599,8873
HILIC_1024.791331_59.75377743,0.5248455105644558,0.6027038488997487,0.9928201179984223,0.2091071483982715,8874
HILIC_1026.131491_43.57805257,-0.7499113959395795,0.4578723129786859,0.9755657681934743,-0.29804011731282337,8875
HILIC_1026.304929_47.75745079,0.786494128309492,0.43639878855111947,0.9745124110909839,0.14322218732646627,8876
HILIC_1028.137234_43.56140438,-0.6866763900969651,0.4964073228365009,0.9781047779839798,-0.14691315688793682,8877
HILIC_1028.2475_48.03704925,0.18181622917043572,0.856682088134803,1,0.08759133511419645,8878
HILIC_1028.309484_47.78354165,-0.15402368682045992,0.8783966540860318,1,-0.03183243312411534,8879
HILIC_1030.131295_43.71588881,0.28859724140641474,0.7744397837987387,1,0.11121188827156721,8880
HILIC_1030.250106_48.00343496,-0.6624586697337632,0.5116288682008574,0.980797573128938,-0.2108856166206104,8881
HILIC_1030.303975_47.77101697,-0.28765864296016724,0.7751528346187231,1,-0.10910185687214859,8882
HILIC_1031.076872_79.6772156,-0.09052970794280038,0.9283362567909218,1,-0.0473200678565629,8883
HILIC_1032.247017_48.01747503,-0.3631306222526995,0.7184961091097914,1,-0.11006719022081202,8884
HILIC_1032.344291_46.96755025,3.4314554623131364,0.001449071833274363,0.11382459250370121,1.5219380501410118,8885
HILIC_1032.770388_58.98845187,-0.19609677324410854,0.8455671600417141,1,-0.061083568277577015,8886
HILIC_1033.774676_59.02213506,0.19920932993452273,0.8431487257464116,1,0.05441579777062535,8887
HILIC_1034.176684_43.79687463,0.223717400922973,0.8241616406843901,1,0.10114209935317363,8888
HILIC_1034.245099_48.13043294,-0.6917437710171274,0.4932543626591802,0.9781047779839798,-0.25959558361274926,8889
HILIC_1034.337042_47.45740049,2.336805388010348,0.024756001805468886,0.44396893648848884,0.7324300852558142,8890
HILIC_1034.770143_59.143469,0.06705738495378769,0.9468835039223225,1,0.017451534041076914,8891
HILIC_1036.01776_109.6136457,-0.2369204986813754,0.8139762188009749,1,-0.10784407048300337,8892
HILIC_1036.170299_43.71209698,-1.6164777414175966,0.11416749791335871,0.7411452033962254,-0.34794708987402184,8893
HILIC_1036.241376_48.02383604,0.36769669847943637,0.7151157576488756,1,0.1526152066538702,8894
HILIC_1036.335612_47.50585141,-0.19003825624757284,0.8502789036405014,1,-0.09414850881791757,8895
HILIC_1037.021029_110.8815963,-1.6786239329695352,0.10133591239784333,0.7210086883016842,-1.2138427155633857,8896
HILIC_1037.083937_78.22673583,-0.14469261307957343,0.8857093590238214,1,-0.08968049083914054,8897
HILIC_1037.785455_59.28191907,-0.2835390950295112,0.7782847680673876,1,-0.14655569124090137,8898
HILIC_1037.801103_59.61295223,-0.20855239388491995,0.8358985519768716,1,-0.08639888496426486,8899
HILIC_1038.156217_43.73780598,-0.7665921942720588,0.4480053191228096,0.9745894987688215,-0.19063437400605449,8900
HILIC_1038.286053_58.16259217,-0.49803438732539684,0.6212965647555557,0.9947980550876518,-0.16740756497605758,8901
HILIC_1038.335486_47.46240104,1.596594207542303,0.11854346682878962,0.7526359751416197,0.7507812912574596,8902
HILIC_1038.784548_59.38050887,-0.5791395556369228,0.5658727068535201,0.9913379189285378,-0.17955199924540025,8903
HILIC_1039.675128_32.24084835,-1.7067451511633072,0.095934669628912575,0.7130752058283747,-0.7437999430072091,8904
HILIC_1040.273588_47.61702372,2.2486985660166914,0.030339410162958658,0.48527792942845227,0.8246489763243948,8905
HILIC_1040.683596_31.59859248,1.111809799402079,0.27312356254234177,0.9212133579231264,0.33832530417388923,8906
HILIC_1041.684622_31.58311543,-0.31826680124507567,0.7520048578734557,1,-0.12113842071144025,8907
HILIC_1042.275847_47.58765906,-0.9704551616359346,0.33788511478372085,0.9541737438762358,-0.17566106844508966,8908
HILIC_1042.700677_31.56759617,-2.0280842989466974,0.04952083937494447,0.5784084227052847,-0.7319297264612684,8909
HILIC_1042.799765_59.20555401,-0.14220023148139385,0.8876643640010108,1,-0.09099461439997868,8910
HILIC_1043.288034_59.80536685,0.0022542220176324985,0.9982130477520206,1,9.170494043502886e-4,8911
HILIC_1043.713668_31.56785385,-2.768907709965899e-15,0.9999999999999978,1,-9.370436404481788e-16,8912
HILIC_1044.193741_43.85739922,-0.23813364452566813,0.8130419562102082,1,-0.10184606608116116,8913
HILIC_1044.274766_47.69834692,0.023520770684503763,0.9813565148390785,1,0.008056840371144102,8914
HILIC_1044.365426_47.20141513,0.4765416743651488,0.6363856070869942,0.9953585489094753,0.21428144587751272,8915
HILIC_1044.700915_31.01783372,1.3652354939580202e-15,0.9999999999999989,1,2.554246556869465e-16,8916
HILIC_1044.813887_59.56383728,0.5445115592605889,0.5892337245534633,0.991389936817313,0.26062813430145054,8917
HILIC_1045.716684_30.62412541,-8.26356119482249e-15,0.9999999999999934,1,-8.96153725238734e-16,8918
HILIC_1045.775266_60.04896112,0.039966881715433895,0.9683263371431062,1,0.027183074331646687,8919
HILIC_1046.202872_43.87507707,-1.3198847968859875,0.19467807178930382,0.8531731946205443,-0.5020523167854263,8920
HILIC_1047.611496_279.6000926,1.0644011745840831,0.29378594191207796,0.9363719106185321,0.48134309423495947,8921
HILIC_1047.720815_281.0941242,0.4404662056435099,0.6620659233283467,0.9974161541511629,0.2810439579471387,8922
HILIC_1047.829916_280.2759943,-0.7984502380428982,0.4295135623111608,0.9742203846590763,-0.41450598593387883,8923
HILIC_1048.750362_60.649212,0.9724580211110628,0.33690099411875385,0.9540620942988052,0.9007389661170501,8924
HILIC_1050.767924_59.81381668,-1.6153696017629786,0.11440785146376616,0.7411741635034088,-1.0331613274495919,8925
HILIC_1051.284562_59.71936011,-0.43911193860136905,0.6630383060302105,0.997828507302865,-0.25536851166795493,8926
HILIC_1051.787969_59.89495989,-0.3272391245297625,0.7452620125275504,1,-0.1711641021573892,8927
HILIC_1053.057545_78.7315885,0.3291288372468941,0.7438444250592541,1,0.26814730427363365,8928
HILIC_1058.753529_60.05582288,-1.360072679706414,0.18172842125927197,0.8448097971996803,-1.0310572022260067,8929
HILIC_1059.780833_60.07554298,-0.11670568627669747,0.9077007442926763,1,-0.05845048832850492,8930
HILIC_1063.676706_31.57210348,3.5835227489176185e-16,0.9999999999999998,1,3.313138207587307e-17,8931
HILIC_1066.765117_59.94880018,-1.7019124858498158,0.09684547107800881,0.7163791506558442,-0.8090866438028259,8932
HILIC_1070.233989_48.21379438,-1.4034634817937006,0.16850352425759282,0.8314976732916184,-0.8849114876026573,8933
HILIC_1071.772066_59.58680985,-0.09564167577245486,0.9243019029892208,1,-0.030076390850258868,8934
HILIC_1072.238546_47.98746686,-0.9790436615896417,0.3336786067211799,0.9523228101868886,-0.3888859515696964,8935
HILIC_1072.276388_59.06838491,0.6415651295413028,0.5249619232204072,0.9824083431236167,0.3027059763364238,8936
HILIC_1072.780512_59.33859979,-0.44281137420008954,0.6603834603878106,0.9968021749030789,-0.1672040633625099,8937
HILIC_1074.239172_48.08442581,-0.6950483973382381,0.49120422128271324,0.9781047779839798,-0.24868658275765076,8938
HILIC_1074.75888_60.17692972,-1.1682253264679605,0.24990856649066673,0.9047980485337274,-0.5971317063871951,8939
HILIC_1076.226737_48.08813427,0.05827897507694151,0.9538282461485688,1,0.016717066936125312,8940
HILIC_1076.772042_59.68609592,0.9087282369070183,0.3691545531753764,0.9637531830220828,0.46217836823182723,8941
HILIC_1077.298232_59.80739066,-0.8052975424416049,0.4256000810512518,0.9732405036444339,-0.43663176868062925,8942
HILIC_1077.806256_59.74139444,1.495211360137457,0.1430222617863062,0.7886555748202423,0.824482013222081,8943
HILIC_1078.22911_48.06198548,-0.40420852461909773,0.6882990024248765,0.9999159889500627,-0.1651853625384823,8944
HILIC_1079.760601_59.81443325,0.2398767291176056,0.8117000638423637,1,0.16198226445347533,8945
HILIC_1080.175032_278.2726697,0.04159078314844396,0.9670401452344992,1,0.024330883979589896,8946
HILIC_1082.260332_47.62162508,2.1236176423017796,0.04019289585334258,0.5347244144365793,0.7337873988916032,8947
HILIC_1084.255724_47.70068323,-0.9391228689036014,0.3535300524124819,0.9588670540445742,-0.208042538079217,8948
HILIC_1085.286483_59.99371499,-0.8801702066211923,0.38423544676519494,0.9641462546882261,-0.5667766024052531,8949
HILIC_1085.924971_281.1932638,-0.5450870903002344,0.5888417007631873,0.9913379189285378,-0.3462399382720782,8950
HILIC_1086.0595_280.7046801,-0.1620775107334636,0.8720935570547196,1,-0.08340979377831376,8951
HILIC_1086.189123_279.6401839,0.21914104993513409,0.8276993221620833,1,0.12231788287102055,8952
HILIC_1086.247195_47.55893358,1.880638135743302,0.06761116742278232,0.6493544748295632,0.6747160471892394,8953
HILIC_1086.299706_280.2382688,0.06728989477958222,0.9466996162185306,1,0.030441002946132598,8954
HILIC_1086.424764_281.3756945,0.597828761320938,0.5534592716140023,0.9862573907731371,0.3131802114288167,8955
HILIC_1090.197714_47.86089453,0.3655037786188597,0.7167384973776765,1,0.20055092353224868,8956
HILIC_1092.287848_47.48442424,0.42503634457322226,0.6731794739581574,0.9996367449012522,0.20933299158137825,8957
HILIC_1092.781946_60.36487191,0.2805169474672407,0.7805847763676437,1,0.13209928818234568,8958
HILIC_1100.73776_58.93074365,-0.7259423895059048,0.4722700260339915,0.9781047779839798,-0.337364495913078,8959
HILIC_1100.758204_59.03581294,-0.1683681984795159,0.8671761718659451,1,-0.052811538960805184,8960
HILIC_1101.762731_58.82077986,0.3419598977305796,0.7342431546360069,1,0.17341219680728487,8961
HILIC_1101.929573_280.1190357,0.3246432926004751,0.7472107643872563,1,0.1443591387543964,8962
HILIC_1102.062086_282.9005552,-0.4226349580891692,0.6749158737008196,0.9996367449012522,-0.31067757196249546,8963
HILIC_1102.184964_281.7709899,-0.4334062656284245,0.6671415268893417,0.9982644021852166,-0.24296744372379941,8964
HILIC_1102.302831_280.9143125,-1.1390112002351795,0.2617452018924309,0.9128151645652964,-0.6916549943792709,8965
HILIC_1102.43048_280.9634369,0.5089311112065696,0.6137087097490439,0.9931667617408494,0.26568732815860846,8966
HILIC_1102.558231_280.1074484,0.2838867479587726,0.7780203154604899,1,0.09307276571580875,8967
HILIC_1102.749942_58.92974739,-1.3287694087753825,0.19175621452488223,0.8508954511611063,-0.5627874380045035,8968
HILIC_1105.778705_59.58654402,-0.3526047956742435,0.726310323623577,1,-0.1560444384513867,8969
HILIC_1110.786124_59.10917376,0.03715460336476022,0.9705539695142604,1,0.02141268986889802,8970
HILIC_1111.301832_59.74738128,-0.08016370893618337,0.9365228483722698,1,-0.05887823796641434,8971
HILIC_1111.769429_59.64571959,-0.6150314542712688,0.5421570272169164,0.9844101439284977,-0.39816368955517367,8972
HILIC_1111.808886_59.98353442,-0.8117104160034543,0.4219545817437276,0.9720647144923827,-0.5218751237202018,8973
HILIC_1112.794937_59.6950451,0.9764966852592548,0.3349223966557261,0.9529111307364223,0.47549471608940097,8974
HILIC_1118.762449_59.78910018,-0.19358711943232781,0.8475182463175399,1,-0.12897366517082412,8975
HILIC_1119.284941_60.00894979,0.22495113098410513,0.8232085554268178,1,0.06399763801794285,8976
HILIC_1126.739945_59.94411093,-0.6448148169760649,0.5228760796871206,0.9824083431236167,-0.48296222254389665,8977
HILIC_1126.780489_60.1824122,-0.9675370195750714,0.33932239885093096,0.954330731898445,-0.6860334148251841,8978
HILIC_1130.184509_48.21884403,1.138100050612515,0.26212074283876075,0.9131550993531528,0.6175940525712512,8979
HILIC_1132.196303_48.10630905,1.1196240222235696,0.2698194310850421,0.9185780391297615,0.4302193544479869,8980
HILIC_1133.977689_106.3216891,0.3731767740470006,0.7110664153353932,1,0.1509221184635592,8981
HILIC_1134.198129_48.206628,0.3506634611358055,0.7277548096840403,1,0.20217491165153928,8982
HILIC_1136.179463_48.34359658,1.4949052921251258,0.1431018559107796,0.7886824144026365,0.747294385614997,8983
HILIC_1139.765232_59.36109544,0.7453148112747459,0.46061339808118995,0.9755657681934743,0.2606178972650184,8984
HILIC_1144.785908_59.75175944,-0.3513254504131131,0.7272621309718191,1,-0.18386297216220499,8985
HILIC_1145.290327_59.67589747,-0.8127513488261734,0.4213646468064768,0.9716822081080376,-0.4035669203173199,8986
HILIC_1152.77071_59.85193579,0.36399453650433344,0.71785609542633,1,0.25150131072874343,8987
HILIC_1168.746269_59.3156226,-0.78256296916371,0.43867701183292085,0.9745124110909839,-0.25423089593687276,8988
HILIC_1178.773711_59.17945683,0.1997441678813412,0.8427333145381792,1,0.11970289946055018,8989
HILIC_1179.279201_59.52952347,0.8594884012233377,0.395398253605048,0.9669701703160376,0.48365852994042247,8990
HILIC_1179.757728_59.72096261,0.8066115896863868,0.42485153716511215,0.9724257019093233,0.48756146635746545,8991
HILIC_1179.79539_59.81761778,0.1087473744560259,0.9139684094136031,1,0.061531189172087865,8992
HILIC_1186.749694_59.96267737,0.7717007114156285,0.4450088302281803,0.9745894987688215,0.32216676212109746,8993
HILIC_1194.729203_60.02511278,1.059250985603374,0.29609458573326675,0.9385474409597132,0.590781363757316,8994
HILIC_1194.762613_60.05788548,0.009871350772168653,0.9921749704694227,1,0.005185972565162774,8995
HILIC_1212.771868_59.62305388,0.19298125131472318,0.8479894139329887,1,0.11518680565020034,8996
HILIC_1236.724394_59.18463216,-0.5279395795481506,0.6005750536585015,0.9928144482048423,-0.22600785773890078,8997
HILIC_1246.736965_59.65749178,-0.07683288864214884,0.9391549029313678,1,-0.04032023913608909,8998
HILIC_1247.759626_59.73966321,0.06710652983411923,0.9468446359035417,1,0.03907582129034138,8999
C18_85.02936814_275.6147994,-0.8131459736693067,0.4212740412099192,0.9716822081080376,-0.19867418392901934,9000
C18_85.02941016_22.41042837,1.4300118328354938,0.16100403685198106,0.8218381018016443,0.31646187059870456,9001
C18_85.7986691_137.0386504,-0.3696686374138992,0.713711629618738,1,-0.29693120273154866,9002
C18_85.99924968_19.48123308,-0.22345707328024514,0.824394256452476,1,-0.14117149722826994,9003
C18_86.02461648_129.67628,1.715982304175729,0.09442822117267308,0.7121317722762723,0.5756380376222596,9004
C18_87.00871018_21.92258292,-2.125936700522805,0.04016327151020394,0.5347244144365793,-0.6254394306644897,9005
C18_87.02711652_111.3291945,0.039416801333694525,0.968767468014947,1,0.018749287328574588,9006
C18_87.04501582_117.7524739,-0.19369979858287817,0.8474577529892938,1,-0.07901725116208765,9007
C18_88.04026233_109.5286219,0.5654364401366747,0.5751491492016294,0.9913379189285378,0.20832206595499317,9008
C18_88.04031766_20.02304023,-1.2413537429399892,0.22219432740178582,0.8798719757146458,-0.24296187965949398,9009
C18_88.29091524_24.68784781,-0.417378264553499,0.6787849039494752,0.9996367449012522,-0.355827099623961,9010
C18_88.54174401_25.10135184,-0.15305737385525786,0.8791747543748845,1,-0.1038632215229308,9011
C18_89.01439792_237.3836269,-2.055091409508349,0.04689420141019971,0.564094873012433,-1.1383374316808745,9012
C18_89.02440436_21.71010103,-2.4672607312402586,0.018306170935343435,0.3918119147060563,-0.8879068244171494,9013
C18_89.04279022_193.1210213,-0.5967586513288679,0.5542592411932232,0.9865304209500617,-0.14505964878051966,9014
C18_89.04285055_22.66610495,-0.1702142246920877,0.8657578954026973,1,-0.028455402510169422,9015
C18_89.66171213_17.53801112,0.28162423885139154,0.7797820117200065,1,0.14220972382708455,9016
C18_90.00965549_242.7086581,-3.467730373139278,0.0013350550595027785,0.10867209836678057,-1.024167258721682,9017
C18_90.01869724_115.0626408,-0.36530340174521037,0.7169400859472392,1,-0.07557719955642024,9018
C18_90.01870336_255.9215331,-3.2894295897529817,0.0021914382237474507,0.1332811543492528,-1.0288117546331688,9019
C18_90.02768922_108.7587532,-0.6452625132631401,0.522690884449301,0.9824083431236167,-0.42256503405411666,9020
C18_90.02770619_21.29372111,-2.7648100948087175,0.008788070162667127,0.27106863387821756,-1.042701519428713,9021
C18_90.56764565_240.0165229,-0.1917484119488412,0.8489751801494901,1,-0.08932070445322818,9022
C18_91.02199025_276.0960538,-0.31631554964986036,0.7535193935495798,1,-0.059806318893688745,9023
C18_91.02862708_20.63120003,-1.078857872022412,0.2875509113604163,0.930014439641605,-0.43930552556734864,9024
C18_91.0300163_156.9093707,0.7484167164856813,0.4588835194075107,0.9755657681934743,0.36046212824310786,9025
C18_92.03443139_22.93292242,-1.0909961997315238,0.28224428460088397,0.9295944216943315,-0.2091916599616773,9026
C18_92.28968138_22.87685124,-0.3271797473874347,0.7453537737251639,1,-0.2410896739439348,9027
C18_93.0012087_116.4616654,0.19014711467102557,0.8502208080006272,1,0.07455119060713189,9028
C18_93.00926885_136.9138982,0.12558443676532616,0.9007326473759665,1,0.03728710696844248,9029
C18_93.03455435_23.25999001,0.18170510256819766,0.8567940953668647,1,0.056986173259602375,9030
C18_93.04569344_239.2748759,-1.3311368320383214,0.19119119154935865,0.8507713974810356,-0.5157585107223339,9031
C18_93.25362085_50.03817105,2.105992652912016,0.04196622054169339,0.5390014802778794,0.9136103577075483,9032
C18_93.81961044_239.6674335,-0.7260003540787138,0.47235166024244135,0.9781047779839798,-0.30757854133266865,9033
C18_93.9726444_103.1775647,1.168582667544242,0.24995694020600742,0.9047980485337274,0.5260991159629883,9034
C18_93.99093792_48.73449665,-0.3732606396541093,0.7110590352828645,1,-0.2237426250683417,9035
C18_94.02971694_120.3928018,-1.5985848824622428,0.1183170056439131,0.7519256305282664,-0.5095091248266699,9036
C18_94.02971958_16.95458937,1.4965777608330924,0.14288412989358729,0.7881705339284608,0.26350212578905186,9037
C18_94.04096323_226.6320199,0.6935693151708652,0.4922319739268056,0.9781047779839798,0.26600383331942967,9038
C18_94.98052553_136.6917672,1.4579981216137787,0.15317681390235913,0.8081848757553501,0.33808307007764044,9039
C18_95.01378492_22.4951716,-0.7877730002636658,0.4357874029584894,0.9745124110909839,-0.1784031747282475,9040
C18_95.05009759_147.6203635,-1.3426844399336455,0.1874563284204533,0.8486518958782779,-0.5112654186283119,9041
C18_95.07038978_252.3341353,4.095832404816941,2.1628468017729824e-4,0.04992522391675649,2.369403392346836,9042
C18_95.51787104_126.7880353,-1.5280051982956095,0.1349142135386355,0.7743888544727672,-0.40589510081606184,9043
C18_95.9521838_151.2194774,-2.7613112030230362,0.008866396660681102,0.2725853063391392,-1.4201821852561107,9044
C18_95.98004257_129.3246527,-0.38150253014400415,0.7049864159696382,0.9999159889500627,-0.0686950279625215,9045
C18_96.02030117_18.91000913,-0.7080781016897353,0.4832807631959547,0.9781047779839798,-0.2616747431834495,9046
C18_96.04535815_210.3450044,-0.9197764856701717,0.3635763589019838,0.9633639059453812,-0.3935302124383699,9047
C18_96.27655645_229.6956607,2.121402984148638,0.040567010788561376,0.5347244144365793,1.5083449472616508,9048
C18_96.96013012_17.33485576,-1.2542529235368551,0.2175223777182555,0.8741556571052285,-0.47371660633448576,9049
C18_96.96191083_17.08883016,-1.7795104344925485,0.08327279909718435,0.6948552844377854,-0.9066982572700308,9050
C18_96.96956308_27.33584026,0.8603871475432379,0.39505051064909713,0.9669701703160376,0.2837229989321604,9051
C18_96.97710895_158.7193404,0.30308716567028005,0.7635007296671896,1,0.04906168329427743,9052
C18_96.98467093_96.22534827,0.2847051308917481,0.777438536200176,1,0.20893792416172582,9053
C18_97.00419835_215.8103787,1.4110129127841413,0.16649446763375847,0.8274419139233609,0.5178099320392714,9054
C18_97.02934504_119.0600444,0.8563862531851341,0.3972308343069406,0.9669701703160376,0.28417348841557816,9055
C18_97.06573817_178.3343581,1.1021053622789438,0.2774484763484387,0.9248282544947958,0.2699044484958848,9056
C18_97.32361728_239.8320942,-0.9030923826941814,0.37224925242888507,0.9637531830220828,-0.623968980581232,9057
C18_97.57559879_270.8640063,-0.36601998605161296,0.7164097489437917,1,-0.09513303291768936,9058
C18_97.82655679_271.2866183,-2.002877637731854,0.05246831445351359,0.5951460072669303,-1.1127605715272084,9059
C18_97.95942863_17.34054381,-0.03725481176294162,0.9704797178362876,1,-0.02104704999197261,9060
C18_98.0007821_120.8611277,-1.326499848446692,0.19270687351352378,0.8515234707275139,-0.7078479328807039,9061
C18_98.00079711_280.7666728,1.6717972895089739,0.10290071792420308,0.7222851642405752,0.7707308170094056,9062
C18_98.02464183_256.2633617,-0.09261756652702004,0.9267010808211515,1,-0.033237882569900803,9063
C18_98.02464464_25.55413398,0.7893402929222071,0.434882301331622,0.9745124110909839,0.2869562758111516,9064
C18_98.0358305_209.6116284,-1.5763195188693089,0.12336310446729708,0.7630056579453689,-0.581988744951456,9065
C18_98.94897768_21.65439838,-0.5477925614155759,0.5870847071864925,0.9913379189285378,-0.5654676144674387,9066
C18_98.95581996_17.34078839,-0.8883734673140845,0.3800104391843838,0.9638726330536317,-0.36398774958193125,9067
C18_99.00625102_141.7342485,-0.534547563063266,0.5961222835436297,0.9924074341965825,-0.1233666021076361,9068
C18_99.00628176_38.70776873,-0.5170130705588332,0.6081872098190786,0.9928201179984223,-0.2920827508575198,9069
C18_99.00862744_115.1753303,-0.6506272272386766,0.5192591907920845,0.9824083431236167,-0.15440383121088203,9070
C18_99.00864929_246.7387144,-0.28001071569049274,0.7810101683798092,1,-0.08882375713488887,9071
C18_99.02793304_279.6343621,0.2526768738321396,0.8018996936191098,1,0.05585424239199543,9072
C18_99.02794381_17.13204024,-0.9181015896100073,0.3644410364651284,0.9637531830220828,-0.35242568554800074,9073
C18_99.08143454_163.547173,1.236378828864152,0.2240160333175587,0.8799075082512211,0.4129001946115954,9074
C18_99.1815671_270.7610134,1.1472065016095612,0.25857268696339303,0.9097375345216011,0.42952967937560615,9075
C18_99.92564975_117.1841242,-0.24763574627075743,0.8057689599942255,1,-0.09129933828437693,9076
C18_99.95705142_26.73528441,1.3078526518722908,0.19889489485598655,0.859361605662142,1.0793079694276322,9077
C18_100.0039685_19.89035868,-0.08195512161322574,0.9351188602438618,1,-0.016631104188959023,9078
C18_100.0164317_117.512881,0.005409542860368726,0.9957125442089405,1,0.0026577821070809787,9079
C18_100.0164517_273.3317969,-0.414024570062544,0.6812178165636213,0.9999159889500627,-0.16227693043379748,9080
C18_100.016468_23.70126427,0.5613520498822285,0.5779014802826062,0.9913379189285378,0.27960215861362125,9081
C18_100.0305303_23.70580183,-0.10394824696191646,0.9177651124350057,1,-0.04805338493178051,9082
C18_100.0402348_283.9926946,0.15658353166794528,0.8764141725211814,1,0.04182978979805924,9083
C18_100.8275984_270.865393,-0.6782812982281876,0.5017632114366428,0.9781047779839798,-0.2348465777598417,9084
C18_100.8687198_270.655974,-0.6647861451994574,0.510260470945646,0.9802142331323181,-0.24601929490108862,9085
C18_100.9460329_22.01921112,0.7243634184557793,0.47334396223004005,0.9781047779839798,0.19011746887654998,9086
C18_100.9644989_88.23379167,-0.4682630462257059,0.6423105133038788,0.9955023063019077,-0.1470743584987615,9087
C18_101.0243703_22.41643465,-0.07643047883999232,0.9394834840410875,1,-0.014203996025399802,9088
C18_101.0606945_117.5474067,0.024879100422746412,0.9802834946930354,1,0.012723913462614717,9089
C18_101.322423_285.8675404,-0.4375615939479557,0.6642172998798316,0.9978767801948073,-0.10508223259303025,9090
C18_102.0195561_118.8824026,-0.061558475139836165,0.9512418088958798,1,-0.026952558115336294,9091
C18_102.0276178_108.4846173,-0.008817593199396692,0.9930114746586902,1,-0.003927441987208873,9092
C18_102.0347595_273.11619,0.24620197699664406,0.8068703440896173,1,0.07211596312682211,9093
C18_102.0460964_274.8356177,0.266375885980287,0.7914109247837212,1,0.09015343287481681,9094
C18_102.0559238_121.3452876,0.013509724976045407,0.9892928420771843,1,0.004083581970447166,9095
C18_102.9566958_144.9247092,0.8766088641906726,0.38628771035170695,0.9661464710102153,0.38188988318102485,9096
C18_102.9567738_26.21365104,-1.6732340009700155,0.10261564477861022,0.7222851642405752,-0.37664920936626506,9097
C18_103.00362_19.68485081,-1.4458470229943376,0.15653747299241602,0.8151797605900822,-0.8416820103640305,9098
C18_103.0175063_269.0234936,-0.17342283512585635,0.863253061386408,1,-0.10506470835140562,9099
C18_103.0221139_25.47819393,0.8844670965083373,0.3820875020739686,0.9638726330536317,0.1811480629957844,9100
C18_103.0400747_21.15218211,1.354460589086162,0.18370552191477724,0.8460463584863603,0.37685269614674644,9101
C18_104.02987_121.8622813,0.04899044529045535,0.9611872582985757,1,0.023642521753927778,9102
C18_104.0299182_268.7177745,-2.345472057339015,0.024405668883431517,0.44225348687730565,-1.1587617099410197,9103
C18_104.0299321_23.41392185,0.8394669943246412,0.4065343553103351,0.9675283626610157,0.4629749273997663,9104
C18_104.0352238_22.11753718,1.9208409561414732,0.06238938811756863,0.6319277618398141,1.0872984134243375,9105
C18_104.0433804_21.69711615,-0.37454662515917864,0.7101102527427157,1,-0.13303371398886207,9106
C18_104.3315231_271.0182497,-0.5364049652372703,0.5948509356644782,0.9921034274533279,-0.14912880664191314,9107
C18_104.9537437_106.2436202,-1.1209639241542828,0.26944006120784303,0.9185780391297615,-0.29440895823498925,9108
C18_104.9538216_26.04533137,-1.0805157374856733,0.2868220237815435,0.9296418389948521,-0.2607701363664759,9109
C18_105.0193297_19.28266716,-2.254764066296386,0.03008025896555373,0.483413443391161,-0.5934329945780297,9110
C18_105.0378102_22.51798794,-0.4785456214523185,0.6350440030534705,0.9951949480232779,-0.09053064859858366,9111
C18_105.0456774_159.5450756,-0.12299008708996347,0.9027726299164347,1,-0.07135776787963687,9112
C18_106.0171239_124.8473011,-1.1869907368166543,0.24270629969290378,0.8977904328174049,-0.4782729425485727,9113
C18_106.0693986_17.47811636,-0.6118683174029462,0.5443219174300808,0.9847187152034282,-0.36555496816587546,9114
C18_107.0373428_259.0952265,-1.605043822444957,0.1168851067980983,0.7479694614248978,-0.7821649710188857,9115
C18_107.0375166_131.1921843,0.6415773833867858,0.5250551883078872,0.9824083431236167,0.34034970599037584,9116
C18_107.0375846_27.52140586,0.5623195152601653,0.5772489558860957,0.9913379189285378,0.7185698726644518,9117
C18_107.0442687_157.8879276,-1.2780926652093136,0.20908196774826332,0.8683661493536527,-1.2970797313986844,9118
C18_107.0502406_22.31768097,-0.5316688612144735,0.5980952284848424,0.9926487049255592,-0.2214485324829435,9119
C18_107.0533636_109.0872736,2.844762829201408,0.00716443993625073,0.25401300674346106,2.0687760336659675,9120
C18_108.0066462_44.19440101,0.8472179096182366,0.402255613356552,0.9669701703160376,0.25541914552439055,9121
C18_108.0213672_256.2466822,-0.783237917760206,0.43841274356523663,0.9745124110909839,-0.25144391609234296,9122
C18_108.0215422_117.6336753,-0.7851361041485416,0.4373127418623334,0.9745124110909839,-0.2425804225640609,9123
C18_108.0292681_114.6702034,1.3264093753634534,0.19273653739562419,0.8515234707275139,0.6264536207628326,9124
C18_108.0565899_282.5794225,0.6874666153133661,0.4960245141240458,0.9781047779839798,0.2510610771390904,9125
C18_109.0042285_275.440743,1.4458028378783556,0.1565497987078471,0.8151797605900822,0.5822825031724154,9126
C18_109.016811_114.9534638,0.40953175588814705,0.684482505541223,0.9999159889500627,0.1880392254812476,9127
C18_109.0249033_117.0482434,-0.8167431414062873,0.4192405907114155,0.9716822081080376,-0.38655078875651433,9128
C18_109.0405826_160.7049136,0.9453427622643031,0.3505436023398949,0.9578247927857968,0.3902625753455444,9129
C18_109.0657089_285.4341495,0.5282842436143607,0.6004188453651451,0.9927986591607652,0.18695206479791496,9130
C18_109.0657546_185.2008655,-1.119299257616128,0.27014026379599504,0.9185780391297615,-0.34569165885056924,9131
C18_109.9858544_143.5726528,1.294363388311741,0.2034646522780377,0.8647457759331585,0.23647387296735256,9132
C18_109.9859268_29.94863726,-1.2644801700687667,0.21387071185778714,0.8700201576306809,-0.7616412763591714,9133
C18_109.9995176_275.4928526,-1.1200123305095935,0.26984016775395403,0.9185780391297615,-0.50447135441857,9134
C18_110.0358348_152.5071893,1.157671010273758,0.2543285152810129,0.906563406245264,0.49174917979291394,9135
C18_110.0439597_205.7938301,-0.7866283494534452,0.4364491452178365,0.9745124110909839,-0.3045905836054092,9136
C18_110.8990267_20.95188839,0.22985979220231084,0.8194516137467938,1,0.22174611250418702,9137
C18_110.9756227_208.6316964,0.3873687831731055,0.70067602095839,0.9999159889500627,0.17834024828202721,9138
C18_111.00864_112.7585181,1.3644774508849886,0.18056081035416413,0.8435536307584767,0.41861589280476064,9139
C18_111.0199458_19.45816317,0.4798601138642767,0.6341176864192376,0.9947980550876518,0.10610220696115805,9140
C18_111.0451585_23.04092633,0.5114977654477257,0.6120054015766465,0.9928201179984223,0.12046466934268771,9141
C18_111.0562571_192.0377003,-1.367564783299821,0.17959999952747513,0.8428280108876985,-0.4804048124871974,9142
C18_111.0814755_120.928197,-0.11053583617891254,0.9125746828109123,1,-0.04004544810546298,9143
C18_112.0038786_278.1525444,-1.3307272620757828,0.19132469836818553,0.8507713974810356,-0.36549931208421904,9144
C18_112.0162649_23.68985167,0.6894053226393788,0.4948179434010137,0.9781047779839798,0.2531711731472055,9145
C18_112.0164041_284.5132082,-1.7619812076882706,0.08623413371832515,0.6962067550962847,-0.5813382484593638,9146
C18_112.0404002_19.37723967,-0.3802336571544417,0.7059200598903244,0.9999159889500627,-0.08834480098293146,9147
C18_112.0516537_24.25113857,0.12886683252457845,0.8981526211983223,1,0.032939830246391515,9148
C18_112.0776997_100.9015243,0.2796246942975201,0.7813040785945095,1,0.11419231266840872,9149
C18_112.9372593_18.01536876,0.23030271522670648,0.8191099682523758,1,0.11016182029350614,9150
C18_112.9856065_48.88129504,0.7244845312917811,0.4732705033991279,0.9781047779839798,0.2304013593412592,9151
C18_112.9877466_49.8651508,1.0211752158335206,0.31372306750858314,0.9421850854569164,0.6147075765402624,9152
C18_112.9992308_22.53549065,-0.6878713396714468,0.49577249570663984,0.9781047779839798,-0.14172965631896423,9153
C18_113.0144199_125.953531,-0.0989871867755302,0.9216764044655,1,-0.05427012282639887,9154
C18_113.0244379_25.83278915,0.650283169879745,0.5194789132747557,0.9824083431236167,0.12431614982691482,9155
C18_113.0355482_263.9293972,-1.4004697159855186,0.16960390003755155,0.8316096347034753,-0.500532457392553,9156
C18_113.0356117_22.30676402,1.965182576065571,0.05684274467303529,0.6133199145431344,0.3301346941927334,9157
C18_113.0548968_181.8708263,1.0158921260341465,0.3161992843499247,0.9445694537245327,0.447035654902902,9158
C18_113.0549612_24.49780854,-0.01964383128163929,0.9844317863488815,1,-0.005641202125164446,9159
C18_113.0608493_22.97179058,1.3855255161294773,0.17408866701994322,0.8345843634065634,0.3037752331424706,9160
C18_113.097187_23.12783929,-0.18403588752419123,0.8549781990808891,1,-0.10776997300743757,9161
C18_113.9808213_37.44430242,0.9573046662034957,0.3445529875682335,0.9565165991689253,0.2589953401807162,9162
C18_113.9889158_41.1012755,1.506392276407931,0.14035577086690093,0.7852222195474602,0.4137500560010038,9163
C18_113.9933624_50.15358536,0.14691688727140165,0.8839856890447656,1,0.03333437888747501,9164
C18_114.0196248_22.25165071,-0.39459767286971825,0.6953781641973609,0.9999159889500627,-0.07942120564617872,9165
C18_114.0276473_127.0947158,0.4107588096447504,0.6835902585319328,0.9999159889500627,0.12375754291165311,9166
C18_114.0277431_23.13525114,1.689856426281951,0.09936470113910062,0.718134185467518,0.4447608319102127,9167
C18_114.0560543_22.13752548,0.24961493297090026,0.8042492593721786,1,0.0714280553442813,9168
C18_114.9801626_84.92605139,-0.5550490497013559,0.5821614682219427,0.9913379189285378,-0.1863564755371778,9169
C18_114.9897778_52.52751673,-1.0911764464000153,0.28216600838909944,0.9295944216943315,-0.4455897984694854,9170
C18_115.0035548_117.7405106,-0.7465397416672782,0.460002583065781,0.9755657681934743,-0.2012029507294926,9171
C18_115.0035859_238.4678487,-1.6045856199501185,0.1169862182137301,0.7482137504060815,-0.4757825358645955,9172
C18_115.0036717_20.99243173,0.41769424255096155,0.6785558589872365,0.9996367449012522,0.10694270169474007,9173
C18_115.0147844_135.9175246,0.8726729251492411,0.3884024434321477,0.9666417022738629,0.36940100250131447,9174
C18_115.02292_107.2926442,1.3251004862018108,0.19316608040553535,0.8515234707275139,0.47596706853173365,9175
C18_115.0300439_226.2828042,-0.13010088475626416,0.8971829205325365,1,-0.059685642817533614,9176
C18_115.0400899_21.61776696,0.40144834023191583,0.6903717316133149,0.9999159889500627,0.09750247464787373,9177
C18_115.0511708_206.8925214,-0.3908304560167615,0.6981371447747977,0.9999159889500627,-0.1768343783725862,9178
C18_115.059353_24.11099803,0.2539532665744607,0.8009208085183294,1,0.21098147991642038,9179
C18_116.0353411_20.31759694,-0.011269106831968217,0.9910685633489613,1,-0.002317923692354188,9180
C18_116.0432644_16.49628194,0.25526820895246516,0.7999126991660541,1,0.12242350694797645,9181
C18_116.0455544_120.487137,2.6204290436639885,0.012614238879085244,0.32433664941150436,0.9072128143340841,9182
C18_116.0505294_24.14558379,-2.1676435488444037,0.03661245442763683,0.5190319043164883,-0.9960083771874872,9183
C18_116.071724_23.38620312,1.8547413582580086,0.07151931377789739,0.664440224394304,0.4369285063603319,9184
C18_116.0739594_23.60891675,-1.3959688233890462e-14,0.9999999999999889,1,-1.307757828319334e-15,9185
C18_116.0796797_149.4421753,0.7246334956263736,0.47318016068806545,0.9781047779839798,0.2624773455560886,9186
C18_116.0796859_282.6966686,1.52986044600654,0.1344551247477354,0.7742998569600159,0.6094807493285187,9187
C18_116.9284078_286.1754036,1.1285800153840528,0.2662530613777765,0.9158825474589158,0.16893884410219193,9188
C18_116.9284534_135.5104753,0.9412622973257045,0.3526027603757843,0.9584471216727528,0.5124121696365717,9189
C18_116.9594068_87.73370602,0.013091426520551069,0.9896243455490437,1,0.005572624376471914,9190
C18_116.9723758_142.2475091,-0.2531911763349728,0.8015052281541526,1,-0.08071650374850252,9191
C18_116.9724207_28.62568365,-2.285705660998717,0.02802399455598295,0.4690412955612152,-0.547822486624631,9192
C18_117.00124_171.0666626,0.5671465542154525,0.5739986795686087,0.9913379189285378,0.14083718473598378,9193
C18_117.0193407_20.89942503,0.25174190611995784,0.8026169400923391,1,0.06599446033220253,9194
C18_117.0344108_22.4658375,0.9293889716651222,0.3586396926826628,0.9596708186667041,0.1701789101327129,9195
C18_117.0377532_23.40594544,0.13852637061262466,0.8905666398285336,1,0.10950079853132054,9196
C18_117.0456797_232.0792625,-0.8482120558496931,0.40170885426027725,0.9669701703160376,-0.3851417939121732,9197
C18_117.0557362_21.43833129,-0.9382368935366925,0.3541346253197132,0.9588670540445742,-0.2376724525879881,9198
C18_117.0667942_82.35230181,-0.5560271687522456,0.5814993906038767,0.9913379189285378,-0.2580891163269213,9199
C18_117.0749785_25.35532294,1.8776375303752135,0.06823540310836419,0.6508671419747428,0.49239799271689855,9200
C18_117.9285556_162.0536141,-0.1047266248238173,0.9171516259091568,1,-0.037344402127629565,9201
C18_118.0045322_235.7575341,-0.6917407055091109,0.4933666680417558,0.9781047779839798,-0.39417718010025504,9202
C18_118.0270254_108.2635341,-1.2083672329155148,0.2344809666091214,0.8884134042888568,-0.5767178816425654,9203
C18_118.0411495_23.19914969,-1.0484823372008296,0.30113605239987057,0.9396681966123791,-0.17667338551797096,9204
C18_118.0509056_22.13459512,0.7565038576216054,0.4540801106306602,0.9753792522951469,0.2358259182940675,9205
C18_118.0589897_21.82670572,0.1661299094118273,0.8689483846958515,1,0.11978175383945154,9206
C18_118.9305957_100.0920641,-0.9351296861492758,0.3557124570198723,0.9588670540445742,-0.16044470815803133,9207
C18_118.9419225_112.4602896,1.2144001200048258,0.23219719653650417,0.8879258919320564,0.7079442849811747,9208
C18_118.9694059_129.2213518,0.32034225025079605,0.750489488340702,1,0.1333025136789303,9209
C18_119.0168976_194.7896464,0.6072528245673157,0.5473476378916811,0.9857989553982086,0.1958855929141703,9210
C18_119.0169354_120.3537399,1.0707730409976406,0.29112406762271836,0.9340589136386561,0.389084632223553,9211
C18_119.0169532_19.32544374,1.7074387704765759,0.09601953117869397,0.7130752058283747,0.7446373950299484,9212
C18_119.0248916_149.524955,-0.421670908414997,0.6756759151848533,0.9996367449012522,-0.15451307874090484,9213
C18_119.0349681_21.59386943,-0.09991308387478975,0.9209462760384584,1,-0.022675138324538355,9214
C18_119.0442563_219.1971777,-0.16565284815197748,0.8693211901125018,1,-0.0915001908293314,9215
C18_119.0489955_287.1285622,-1.3707071168839964,0.17862613681736672,0.8408671771068869,-0.3487207139415202,9216
C18_119.0496416_120.9548098,1.5443460264484294,0.13091367923954672,0.7695072627505222,1.6439805138331747,9217
C18_119.0613262_246.6961754,-1.4738120980992868,0.1488889051058086,0.8014900281899261,-0.5939216933040666,9218
C18_119.0706617_186.861523,-1.9107020815239035,0.06372118844134048,0.636806533341895,-1.157967078852146,9219
C18_119.9468491_158.583759,-0.1709259546866945,0.8652021541576359,1,-0.09318758545305267,9220
C18_120.0201386_169.422984,-0.21330904377974616,0.8322429144552536,1,-0.04546271867308922,9221
C18_120.038275_21.14462086,-1.5287179937894182,0.13473768043944978,0.7743408930418361,-0.9250579934184417,9222
C18_120.0448932_248.2920081,-2.382521508525315,0.022379718431777433,0.4244273204202801,-0.8862876947312074,9223
C18_120.0565355_157.0888232,0.8327078296775684,0.4102885987010936,0.968685585451485,0.5730244365352789,9224
C18_120.9276696_107.2574047,1.0830691868855737,0.28570192963860225,0.9295944216943315,0.4774804595466117,9225
C18_121.0293589_123.504683,0.6701033548170126,0.5069031526866865,0.9786337378632504,0.2334822926548284,9226
C18_121.0294003_32.92446676,1.2276049437127394,0.22725587468034966,0.8838402126105115,0.3013773027453763,9227
C18_121.032276_121.206461,0.05275143607972824,0.9582103439379821,1,0.02106526408227844,9228
C18_121.0324996_21.53206969,0.6117638504701263,0.5443903057098385,0.9847290388833118,0.30528376244450567,9229
C18_121.0405317_156.7576847,-0.5888285605651559,0.5595114256340534,0.9891348092350075,-0.18976558705986105,9230
C18_121.0598952_220.7081736,0.980789844697245,0.33299028993030444,0.9523130286716972,0.42159457155397917,9231
C18_121.0656963_131.673439,-1.7121361989071784,0.0951418509396104,0.7128280646827104,-0.5904297962743237,9232
C18_121.0657082_280.1645655,0.5370662042646872,0.5943986443698245,0.9921034274533279,0.23328457105356024,9233
C18_122.0153548_186.1078572,-1.125548885786001e-14,0.9999999999999911,1,-1.0544256733250314e-15,9234
C18_122.0246549_36.18624827,0.45564235203316095,0.6512782043296343,0.9965858111391217,0.09779651773537508,9235
C18_122.0357899_146.2838216,-0.3419612001880874,0.7342917113153293,1,-0.10903938695383111,9236
C18_122.0721998_275.5308005,1.361853472758451,0.18138053862019243,0.8445430532671083,0.7022223450402519,9237
C18_123.0085751_113.5073852,0.4206675643720514,0.6764020840494793,0.9996367449012522,0.1401847728563999,9238
C18_123.0086016_200.8756096,0.28201261006459055,0.7794864825555363,1,0.1108499586021512,9239
C18_123.0197875_138.0967762,-0.258626968548764,0.7973392616659272,1,-0.10994771887774751,9240
C18_123.02791_122.2449093,1.3633766591560532,0.18090434743747155,0.8441208526690812,0.5810384137511141,9241
C18_123.0323842_123.3634836,0.0997283478694754,0.9210919465476853,1,0.045047163601983575,9242
C18_123.0323957_271.7234449,0.48319160364342306,0.6317726736067562,0.9947980550876518,0.15385057306259692,9243
C18_123.0324667_24.55571963,0.6621298185875618,0.5119422135726756,0.980797573128938,0.3277757232802939,9244
C18_123.0483001_22.70223561,-1.485973559629431,0.1456566566666684,0.7939854532385012,-0.2619884611653932,9245
C18_123.0813627_134.9823096,-0.06607336578110896,0.9476708879812941,1,-0.023631400003538708,9246
C18_124.0015103_45.9871704,0.518143994526575,0.6074056487420324,0.9928201179984223,0.12498467035442368,9247
C18_124.0037937_124.5302365,-0.5244622107947936,0.6030478516449216,0.9928201179984223,-0.1162370159502525,9248
C18_124.0038213_272.0154266,0.1563645189147823,0.876585589495771,1,0.054198151205428584,9249
C18_124.0038508_14.62906055,0.4837237968023537,0.6313984224719094,0.9947980550876518,0.13693798008007677,9250
C18_124.0073342_21.48918152,-0.6348971074126826,0.5293555938612667,0.9824083431236167,-0.24418453961058906,9251
C18_124.0155037_20.39004297,0.46909653501424387,0.6417201604080724,0.9955023063019077,0.18685781487605482,9252
C18_124.0164066_117.4129263,-0.010193258311773479,0.9919212052965481,1,-0.0037622779445924755,9253
C18_124.0164625_259.4941271,-0.7040549090520524,0.48575362706368796,0.9781047779839798,-0.2369241325991751,9254
C18_124.040287_41.87016723,1.4931701609049048,0.1437704348418449,0.7908380712063667,0.26033520764188883,9255
C18_124.0514558_158.6623882,0.8327738973145092,0.4102517992981729,0.968685585451485,0.37894014803985865,9256
C18_124.9913754_19.31353807,0.7391331066773114,0.4644339391428788,0.977038339924947,0.3085972642439335,9257
C18_125.0116575_124.8756446,-1.0811650158018846,0.2865369197925843,0.9295944216943315,-0.38818325941428966,9258
C18_125.0117366_273.08781,-0.8249101715664754,0.414646185337026,0.9702967640516138,-0.3696846944250144,9259
C18_125.0243714_21.50957856,0.4996940677667181,0.6202138325666651,0.9947980550876518,0.12410481063128627,9260
C18_125.0243728_234.3614782,-1.8646747397804666,0.07007840937807065,0.6575902796277318,-0.6088498888632157,9261
C18_125.0356064_20.71304182,1.4564770255579431,0.1535943554686565,0.8094489514970122,0.2713554607851878,9262
C18_125.043592_116.6593498,-0.26758584526097584,0.7904863632693133,1,-0.08038618532364597,9263
C18_125.0708792_185.4605898,-0.6487255409825807,0.5204742731236098,0.9824083431236167,-0.42902004833478224,9264
C18_125.0970632_134.0423568,-0.35581212984245336,0.723977791471505,1,-0.12486542866643947,9265
C18_126.0196263_19.21299225,0.9858309674574741,0.33054270124501495,0.9506069103298993,0.22359582667115827,9266
C18_126.0308649_21.69605535,0.8920105156023408,0.37808308222692466,0.9638726330536317,0.17864872033583573,9267
C18_126.0559033_280.0598361,0.9905939009275463,0.3282413361230305,0.9506069103298993,0.31375989953388356,9268
C18_126.9048881_118.251252,0.11397559777984095,0.9098659856679054,1,0.04768265841950012,9269
C18_126.9049888_247.3051136,-0.3825743637624023,0.7041981147255489,0.9999159889500627,-0.14499393330233254,9270
C18_126.9050455_20.58608195,0.26391376675534234,0.7932932361496625,1,0.1374992079028208,9271
C18_126.9974432_51.76482877,-0.09675098427012098,0.9234400736318639,1,-0.03299923335580287,9272
C18_127.0031864_130.0240679,-1.2650243453897079,0.2136777094020626,0.8700201576306809,-0.42364003636634134,9273
C18_127.0513401_20.98827286,-0.12440483188284965,0.901660107617291,1,-0.046255341372422355,9274
C18_127.1127629_171.4447311,0.584795007516576,0.562192499530543,0.9902335328204201,0.243292541907609,9275
C18_127.9964137_49.23327299,0.7182411223424111,0.4770658236615408,0.9781047779839798,0.14735367410723496,9276
C18_128.0045409_45.25925821,0.1756251325963256,0.8615346414477167,1,0.040083906572547665,9277
C18_128.0353861_20.15618678,-1.8923121890491827,0.06619919319955474,0.6439562384922631,-0.4784733201142628,9278
C18_128.0716847_23.00955421,0.1515654595677517,0.8803432164906696,1,0.038079167337550034,9279
C18_128.95946_163.4909507,0.687254765114782,0.4961564597941792,0.9781047779839798,0.37424812453657635,9280
C18_128.9594755_73.85836619,0.5017587651354688,0.6187744194784978,0.9946352989347117,0.16364231455634345,9281
C18_128.9804222_107.3077821,-0.2763665620529558,0.7837860568017267,1,-0.13096644537486504,9282
C18_128.996801_286.0695275,-2.124443654702218,0.040295837923096975,0.5347244144365793,-1.3545250554848713,9283
C18_129.0053941_50.55330709,0.4483456895910141,0.6564870450656468,0.9965858111391217,0.10786889890087825,9284
C18_129.0193913_20.00381841,-0.8866998812293062,0.38089941885880807,0.9638726330536317,-0.2828256137755953,9285
C18_129.0301918_129.2407127,1.9422030101336738,0.059661582098544726,0.6236885645858777,0.9938623360610217,9286
C18_129.033147_242.5104608,-1.5283502049259092,0.13482874493884156,0.7743408930418361,-0.5884066218984483,9287
C18_129.0558017_21.97866787,0.7639436527808855,0.44968735765630274,0.9745894987688215,0.21450938231046043,9288
C18_129.9756649_137.753564,0.20659102766160367,0.8374483858759825,1,0.10134399877157277,9289
C18_130.0225481_117.1804514,-0.2640423022533528,0.7931949385397743,1,-0.1084631112493433,9290
C18_130.0270195_124.0412981,-2.430242441427174,0.01999470704204436,0.40636073432149666,-0.8416304712792203,9291
C18_130.0365655_120.578865,-0.2739952777274565,0.7855938943258813,1,-0.11075907020234452,9292
C18_130.0366052_15.76916674,-0.21132743974340415,0.8337775807217008,1,-0.11388166189046307,9293
C18_130.0409459_149.1324213,-0.08718723501488308,0.9309872105733128,1,-0.07794103063272692,9294
C18_130.0510019_20.8444733,-0.5918680192426352,0.5574953922740153,0.9878934493313638,-0.13066373054636263,9295
C18_130.0592117_21.35165379,0.3492749500420632,0.7288392621140957,1,0.17557933794143774,9296
C18_130.0661242_117.5867713,0.42432463643136875,0.6737567977107655,0.9996367449012522,0.38305451215458747,9297
C18_130.0662582_23.07793961,-0.15676622799946738,0.87627118430941,1,-0.08416821379974714,9298
C18_130.0838143_23.39551281,1.3012278395419112,0.201129337762806,0.8636226484729774,0.3933672056989313,9299
C18_130.0873885_23.70605439,3.3257012628515343,0.0019830141435405505,0.12794723936739713,0.9076504889737159,9300
C18_130.09014_23.56122794,3.3576154686741564,0.0018154008113934427,0.12645543842736506,1.9395138866182702,9301
C18_130.9575535_77.07477118,0.7554255092000765,0.4547188934335048,0.9753792522951469,0.2026260674303232,9302
C18_131.0168499_94.08284187,-0.8683146078789221,0.3907526573611637,0.9669701703160376,-0.2644308149400015,9303
C18_131.0349507_273.6010801,-1.5772619318054686,0.1231460324657213,0.762263266365832,-0.7629432883896603,9304
C18_131.0349779_21.86257111,0.9888206852687864,0.32909685609252703,0.9506069103298993,0.2639951365495208,9305
C18_131.0443591_201.3034534,-0.5095834730831169,0.6133332228984502,0.9931667617408494,-0.20124891533985817,9306
C18_131.0458254_21.100354,2.190629369478876,0.034776840507522715,0.506343062440391,1.1571786179720807,9307
C18_131.0713719_21.37172483,0.36639359026128415,0.7161333045542115,1,0.09495515795957363,9308
C18_131.082615_47.15710431,3.147854724794996,0.0032223246219855992,0.167071682545854,1.47289673614972,9309
C18_131.0906629_23.36162599,3.3981455485288743,0.0016219891514990322,0.12019551683985753,0.9688555196305637,9310
C18_132.0202454_208.1484586,0.028416162561328954,0.9774811251163092,1,0.013137090260866097,9311
C18_132.0302607_18.97170986,0.43304895052668296,0.6674631794443499,0.9982644021852166,0.13594190089011712,9312
C18_132.0381793_278.6143805,1.6593292370084816,0.10540224917284638,0.7270102455490702,0.4579527838422027,9313
C18_132.0565636_157.9385995,-0.23165187840721677,0.8180695213574056,1,-0.1976930753239451,9314
C18_132.0914685_23.45465344,2.2760725539721123,0.02865024860192671,0.4752855391090482,1.1625970193972541,9315
C18_132.9462972_107.4046038,-1.1129620138352314,0.2728177508113423,0.9211190340094966,-0.3534896369938827,9316
C18_132.9917067_39.97452444,-0.6831808583871551,0.4986975775801039,0.9781047779839798,-0.22226452176126177,9317
C18_133.0141751_97.93776181,1.1319417880037477,0.264854926677807,0.9153716740091526,0.37700258378279433,9318
C18_133.01427_18.64176079,0.10551593210146298,0.9165295776673695,1,0.04714901785106781,9319
C18_133.0325292_186.3986473,0.7018196877035955,0.48713058330116543,0.9781047779839798,0.26783832546326786,9320
C18_133.0508769_20.22565758,1.2357833714469548,0.2242348193384491,0.8799075082512211,0.4194110377597911,9321
C18_133.0517571_167.2011503,0.39327185687953226,0.6963486702804635,0.9999159889500627,0.3542970472784237,9322
C18_133.0600082_221.808126,-0.851051256607797,0.40014991137348077,0.9669701703160376,-0.39138659243780094,9323
C18_133.06577_116.2928311,-0.7614103100476969,0.45118032348477266,0.9745894987688215,-0.27076959175229465,9324
C18_134.0069818_22.7060461,0.7506937912379712,0.45752804719537743,0.9755657681934743,0.5450889642286837,9325
C18_134.0246088_118.7926593,-0.1479052923082917,0.8832109900581251,1,-0.039691014417553294,9326
C18_134.0246395_237.1689823,-2.17561224754117,0.03596658073620737,0.5143847335746973,-0.6161142754448404,9327
C18_134.0247018_25.85286519,0.30099822237149765,0.7650807158994644,1,0.15601637116103695,9328
C18_134.0359241_156.6207827,-1.38405147269984,0.1745359768536099,0.834640816827064,-0.6143000951972364,9329
C18_134.0471215_212.7437639,0.4805218557848019,0.633651585472849,0.9947980550876518,0.1712970499776434,9330
C18_134.0597635_286.8754406,-0.10122315046607626,0.9199133242569386,1,-0.024716276997638245,9331
C18_134.0610392_116.2060271,2.040256944720173,0.048422634934314875,0.5734819207320505,1.0324402855850046,9332
C18_134.8946346_18.60146576,1.585607181128562,0.12123733072549533,0.7588201058555903,0.7731886502779252,9333
C18_134.9255295_99.79195239,0.794351495601202,0.4319959503696076,0.9742203846590763,0.497653332709117,9334
C18_134.9729631_158.7921992,-0.31959496473026655,0.7510514851131871,1,-0.055886689477729595,9335
C18_135.0299929_20.02163341,-0.13410019577015653,0.8940414243609529,1,-0.043543949343494724,9336
C18_135.0392748_214.7264017,-0.6049798680484182,0.5488408668208147,0.9857989553982086,-0.22387193934813862,9337
C18_135.0451152_19.25387309,1.0608194781966427,0.2955656352363145,0.938511025914046,0.2007831019579518,9338
C18_135.0675423_247.6277342,-3.096826691950669,0.003695892769595581,0.1831267296687731,-1.1597066872233694,9339
C18_135.9709817_98.89901433,-1.075706749609161,0.2889398978648372,0.930363967095018,-0.7005140681933261,9340
C18_136.0163294_274.5026118,-0.44828363602434856,0.656531418075186,0.9965858111391217,-0.1123891203651424,9341
C18_136.0332931_18.64653027,1.0525378975346564,0.29929692748220776,0.9392638295536324,0.46419342322570156,9342
C18_136.0403487_58.65946505,-2.8089858674581835e-4,0.9997773663472288,1,-1.3127153626377855e-4,9343
C18_136.048372_120.1027531,0.25574135759837996,0.7995500413452912,1,0.10137232711177739,9344
C18_136.051656_245.3514303,0.2820075886627639,0.7794903033550507,1,0.13170633785413394,9345
C18_136.0517733_22.46866006,-0.7627387387915328,0.45039708163868186,0.9745894987688215,-0.2187912041764902,9346
C18_136.2301482_144.2341464,-0.3584167917286493,0.7220440055050823,1,-0.0988381760621018,9347
C18_137.0244369_21.56772695,2.12956262736883,0.03984292895665386,0.5347244144365793,0.46168690357905523,9348
C18_137.0355861_17.92277974,1.1198212318392464,0.26992056809904114,0.9185780391297615,0.233908835375342,9349
C18_137.0436423_116.2329612,-0.8522098034223067,0.3995148671954618,0.9669701703160376,-0.3507281703305032,9350
C18_137.0600426_259.1201413,0.5991362820843008,0.5526894152214383,0.9858134543858914,0.2981671147277922,9351
C18_137.0607453_15.05833143,-0.0341605517929031,0.9729305503069023,1,-0.011306109236759669,9352
C18_138.9413839_101.3010885,1.9405318651245056,0.05987120412881927,0.6241315702727834,0.5926701454798383,9353
C18_139.0012854_27.28240516,-0.28342750680759077,0.7784101046122035,1,-0.18615794024667734,9354
C18_139.0035504_285.7251201,-0.6727711988239875,0.5052232206981027,0.9781047779839798,-0.1902387841967055,9355
C18_139.014811_199.0993901,-1.1469592489321916,0.25867358123694684,0.9097375345216011,-0.4731142760589612,9356
C18_139.0262461_18.39848141,0.06545611973800147,0.9481590178545333,1,0.027361277826810033,9357
C18_139.0273448_121.5480501,1.7112335585931207,0.0953099819175143,0.7128280646827104,0.651970040955505,9358
C18_139.076323_271.9070118,-1.238899790999728,0.22309152757599654,0.8799075082512211,-0.28748847212987383,9359
C18_140.0104712_18.75700833,-0.8453492538350427,0.4032845899122568,0.9669701703160376,-0.5252921672377926,9360
C18_140.0113693_122.4786451,0.167290980718103,0.8680411780049495,1,0.07567531802334564,9361
C18_140.0464544_31.27192351,1.6718390856627912,0.10289241546205943,0.7222851642405752,0.4124411142916824,9362
C18_140.0716006_280.9559275,1.5244379658819165,0.1358004810088565,0.7761420841359271,0.4163782326528343,9363
C18_140.0716668_26.5520714,0.3186228695036028,0.7517827558816265,1,0.11079018552165282,9364
C18_141.0093309_126.0588443,-1.1607886966460867,0.2530738542103633,0.9054022050039036,-0.7429987323723913,9365
C18_141.0113503_51.9569134,1.0219287859860444,0.3133709491945331,0.9421850854569164,0.33865834797598815,9366
C18_141.0189703_130.5630094,0.5468329492119136,0.5877372651238453,0.9913379189285378,0.23572281112865745,9367
C18_141.0193374_266.5274166,0.08708206622093716,0.9310702406858005,1,0.029208064160738702,9368
C18_141.0269699_52.93374392,1.0565767308744491,0.29747315164361526,0.9388638086478203,0.3741500136452249,9369
C18_141.0303062_71.84898982,-0.8491123793654146,0.40121409623300885,0.9669701703160376,-0.263370012527191,9370
C18_141.0667599_240.5719198,-1.1140293225353817,0.2723654946108615,0.9208765037336004,-0.3297352061435276,9371
C18_141.0669829_18.43692644,-1.5918575967183817,0.11982357880396001,0.7562057595191073,-0.4509166575187525,9372
C18_141.0837776_203.9880854,-7.91331575760221e-15,0.9999999999999938,1,-7.41327489309045e-16,9373
C18_141.0920366_27.62870332,0.990148263383623,0.328456200692843,0.9506069103298993,0.2754391270539802,9374
C18_141.1283903_173.568241,-0.9868058240604051,0.33007078560755854,0.9506069103298993,-0.31690696363640797,9375
C18_142.0118111_31.57212576,0.18915761121833216,0.8509907242744829,1,0.15581994583524675,9376
C18_142.0201665_52.60685094,-0.10867189950264315,0.914042914309418,1,-0.028784995426991117,9377
C18_142.0225531_133.7931748,-2.609503894522469,0.012958771395086511,0.32677736535603386,-0.9069720475765338,9378
C18_142.0270205_116.1043169,0.07118476674308691,0.943629498236589,1,0.022787762756879326,9379
C18_142.0270275_275.1121431,-0.6712111221787858,0.506205224859551,0.9781047779839798,-0.24642564309093784,9380
C18_142.0509781_21.7465362,1.0761364604711015,0.2887502086501654,0.930363967095018,0.29503863308856054,9381
C18_142.0661797_23.98274954,-2.5740219961146216,0.014138302658851716,0.3416577542585483,-1.1906759815196812,9382
C18_142.0871944_120.9683502,0.6103806599914762,0.545296216842225,0.9849172979815777,0.286188810748175,9383
C18_142.9751068_72.74016136,0.6084971826994441,0.5465310379438573,0.9857989553982086,0.19181283319479556,9384
C18_142.9961713_38.44424234,-0.26594440445082124,0.7917407050430475,1,-0.10817197828253974,9385
C18_143.0210062_52.45488261,0.024346888498888514,0.9807051822629509,1,0.006913561947652442,9386
C18_143.0233498_47.22912684,-0.12045833184325198,0.9047640376202253,1,-0.032484484684479654,9387
C18_143.0350315_22.75082268,0.25118995730664656,0.8030404406292461,1,0.05669593472078375,9388
C18_143.0460716_137.9262621,0.5718111144075966,0.5708664011207969,0.9913379189285378,0.22056841325900464,9389
C18_143.0541615_109.3223535,2.212336293388791,0.033118892839907065,0.4996956656890978,0.7520948164511845,9390
C18_143.0713738_18.99907198,0.33243799034084137,0.7414122335492428,1,0.06761868234152728,9391
C18_143.1076681_35.10286506,1.1700697970177372,0.24936539985457684,0.9045037333458517,0.4538003335528145,9392
C18_143.9783624_73.46906421,0.3655493743961859,0.7167580279824339,1,0.12011915242058775,9393
C18_143.9913438_143.610441,0.14089596200906587,0.8887072774518561,1,0.06373962929738401,9394
C18_144.0300803_125.1400994,0.805644941219588,0.4255336379020964,0.9732405036444339,0.24760877254816638,9395
C18_144.0302095_17.42989135,-0.0017701439665692017,0.9985970260093158,1,-6.804388064961784e-4,9396
C18_144.0383076_23.35113526,-0.09636031405869866,0.9237482315257979,1,-0.03811983303862782,9397
C18_144.0383606_112.4867134,1.9047371542828109,0.06451607461167422,0.6390589736124855,0.7097694489693793,9398
C18_144.0426877_279.8532492,-0.37694905851966926,0.708339023301181,0.9999159889500627,-0.16551371741388787,9399
C18_144.0427151_120.7705345,-1.6306617425594285,0.11134465614697982,0.736040478094709,-0.9912289971764696,9400
C18_144.0454647_26.70110721,-0.926510067793335,0.36011358572850083,0.9608881797217599,-0.285259616064955,9401
C18_144.0666478_22.0266168,1.0607603899697575,0.29559214234390196,0.938511025914046,0.36093040387327713,9402
C18_144.0745932_140.5608174,1.335128934676321,0.18989362619101316,0.8504073168360368,0.5532738762538714,9403
C18_144.1029136_147.6176227,-0.10675714853974805,0.9155514902814994,1,-0.07559538331075982,9404
C18_144.1109216_220.4306212,-2.4474929119603472,0.01919098666711433,0.4019872007204881,-0.6455287100156016,9405
C18_144.1110324_29.84585411,-1.568840470897399,0.12509684159843626,0.7641024033870271,-0.4006503111229014,9406
C18_144.5876913_204.0788052,-0.8644228718606725,0.392858848221288,0.9669701703160376,-0.10280919167753338,9407
C18_144.8697243_18.66824635,-0.6648178858583941,0.5102403938590999,0.9802142331323181,-0.2585967358799142,9408
C18_144.9543595_101.2387386,0.6296137391923204,0.5327698991487638,0.9833164118236528,0.15379851315046844,9409
C18_144.9674339_20.95612307,-1.2962026594021563,0.20283691937968842,0.8647457759331585,-0.9203552547614023,9410
C18_144.9731509_73.10714156,0.758262025485342,0.4530397518756648,0.9750316892785739,0.23825146503187927,9411
C18_144.9752532_85.55038379,0.1315192325884502,0.8960686004283711,1,0.08946436352053684,9412
C18_145.0140506_110.4847357,0.20419069739870793,0.8393100974885265,1,0.06426280065782256,9413
C18_145.0140906_285.1738159,-0.7120916838081295,0.4808209077098139,0.9781047779839798,-0.2122601454872767,9414
C18_145.0142519_18.3841451,-0.06194560143319029,0.9509355816615878,1,-0.017522937334269573,9415
C18_145.040537_212.1931904,0.3804475544161748,0.7057626407471091,0.9999159889500627,0.11440126201377729,9416
C18_145.0506805_21.01368238,-0.30701511417482447,0.7605325781859779,1,-0.09629905016869492,9417
C18_145.0618708_21.11009835,-0.3458243346962053,0.7314099609391647,1,-0.13231793193541683,9418
C18_145.0981912_51.45017744,2.0142374460006587,0.05120876952153224,0.5902346068842784,0.8934194244778789,9419
C18_145.8151624_99.78873074,-1.4476443130263754,0.15603675637177467,0.8149393093751928,-0.5060471825981454,9420
C18_146.0245763_48.61764899,-1.298418821205202,0.20208250679085532,0.8647457759331585,-0.3341426255986145,9421
C18_146.0247129_252.8414028,-2.8580728630770693,0.006923002550709663,0.249450390072589,-0.7373175529440736,9422
C18_146.0458809_19.50917562,-1.0776892745907518,0.2880654708646416,0.9302175842309393,-0.34211763898671393,9423
C18_146.0551406_224.1548796,-0.023534801594021007,0.9813486339966198,1,-0.010469540970797999,9424
C18_146.0609683_111.5508942,-0.8899404526727549,0.37917928775633436,0.9638726330536317,-0.47230071765154874,9425
C18_146.065214_21.01754713,-1.9871197681907675,0.05426006834639734,0.6020988853157871,-0.7249771619323844,9426
C18_146.0822482_21.59274644,-1.4916786770609118,0.14415974218980154,0.7912074889195481,-0.4079377322447737,9427
C18_146.1013962_60.34182033,2.0795739360339294,0.044463970521189417,0.5517606452510946,1.5360469065574858,9428
C18_146.8667505_18.48356069,-0.8610839931506273,0.394671529440633,0.9669701703160376,-0.33147168796967635,9429
C18_146.9874159_24.18178049,0.35081781904991716,0.7276908525312704,1,0.31775997268302003,9430
C18_147.0198478_120.541816,-0.14173786061318733,0.8880468123119244,1,-0.04596072345613088,9431
C18_147.0298761_19.47280972,0.49713878868693057,0.6219973547078999,0.9947980550876518,0.13016485830674626,9432
C18_147.0392493_117.5277246,-0.27086257870444513,0.7879840692045634,1,-0.06307568675436498,9433
C18_147.0392835_244.6288382,-1.225765730781983,0.22793940694048065,0.8840833026918968,-0.38053293917221503,9434
C18_147.0450122_122.3050033,1.4274812808070072,0.16172701371923567,0.8218381018016443,0.39081647605517383,9435
C18_147.0491534_18.77103909,-0.16759195308829225,0.8678060417567498,1,-0.16674413610763267,9436
C18_147.0561981_187.4395039,1.0456399045644402,0.3024297042080281,0.9397496500337139,0.39816840789566027,9437
C18_147.0663027_20.71049403,-1.0881765848675176,0.2834707609162153,0.9295944216943315,-0.6193315328614155,9438
C18_147.0675669_256.2411043,0.5250787406172575,0.6026234037969096,0.9928201179984223,0.21581439573143515,9439
C18_147.9864554_21.04601511,-1.022493720739391,0.3131071515103347,0.9421850854569164,-0.5791643016423942,9440
C18_148.0377396_275.8796145,-0.17914367770835923,0.8587905910790445,1,-0.08386307401111624,9441
C18_148.037814_130.1344161,-0.4572699216444157,0.6501187374614535,0.9965858111391217,-0.2804257352787798,9442
C18_148.0402558_276.7726325,0.5017839542273483,0.61875686816514,0.9946352989347117,0.19550577148632428,9443
C18_148.0436544_22.65279454,2.6878889965642685,0.01066716699354693,0.3014050242241407,1.2287169731803593,9444
C18_148.0469919_122.624564,0.7037878218102105,0.4859180446076409,0.9781047779839798,0.33132418245986245,9445
C18_148.0470589_269.6020463,0.20100455573005493,0.8417827335563891,1,0.13851070183490521,9446
C18_148.0475755_22.20308511,1.4289471802262226,0.16130789721303682,0.8218381018016443,0.4982923911707768,9447
C18_148.0514016_158.3627232,-0.522629936967771,0.6043100995726363,0.9928201179984223,-0.16790915286197963,9448
C18_148.0613646_104.1592446,0.2853529868122907,0.7769460128071733,1,0.21269190501359764,9449
C18_148.0625413_233.8472067,-1.762615955338444,0.08612537688562542,0.6962067550962847,-1.3312948226460748,9450
C18_148.0766222_146.935287,0.8221606155430803,0.41618949334029165,0.9712636476221591,0.585190183854764,9451
C18_148.8637917_18.69454592,-0.27752518293761563,0.7829031794476309,1,-0.10749467924528261,9452
C18_149.0093693_262.7115652,-0.856582242599024,0.39712385250514015,0.9669701703160376,-0.33086683841126696,9453
C18_149.0094313_139.0636507,0.1293746515593986,0.897753564985289,1,0.03505533966711331,9454
C18_149.0244835_24.42354209,1.0378286999243809,0.30600453749598033,0.9402374180413365,0.20434465061065712,9455
C18_149.0355086_232.1944771,-0.19442219505269212,0.8468961556611465,1,-0.06377787490990319,9456
C18_149.0365905_20.10676222,-0.28727958792072233,0.7754818931494356,1,-0.21293812428172754,9457
C18_149.0457992_21.59420323,0.7000059508983264,0.48824950392692135,0.9781047779839798,0.36332412017562166,9458
C18_149.045922_253.8164835,-1.7158092703262182,0.09446023077227979,0.7121317722762723,-1.0876943321655983,9459
C18_149.0550787_23.20826199,-0.9267340955248909,0.3599987499719829,0.9608881797217599,-0.17505617698276707,9460
C18_149.0970848_26.27242481,-0.5327374092441901,0.5973625292068272,0.9926487049255592,-0.5088618983426628,9461
C18_150.001869_23.41780422,-0.326534058229335,0.7458382585495025,1,-0.10900868355026881,9462
C18_150.0194762_281.7042707,-0.35882365039217406,0.7217421067876776,1,-0.10786307821131097,9463
C18_150.0195057_14.76840011,-0.19453941891960122,0.8468050324235846,1,-0.045608148009191975,9464
C18_150.0520563_28.06403807,0.4483231691904935,0.6565031487154034,0.9965858111391217,0.33332663165959286,9465
C18_150.0560037_28.14650043,1.0833293272243698,0.2855879895580628,0.9295944216943315,1.3202967868721556,9466
C18_150.059367_26.15629098,-0.22588793738658527,0.822516861554684,1,-0.22291632252860816,9467
C18_150.0671059_156.1602609,1.2813286595211624,0.20795555418281375,0.8683661493536527,0.47210431896891564,9468
C18_150.9468749_100.6596753,-2.5524781755158026,0.014901772976017021,0.3510430506621,-0.894149208917668,9469
C18_150.9886598_150.4558763,-1.3955284140065525,0.17107671049181158,0.8323231239234016,-0.47651258619046355,9470
C18_151.0070171_19.46744001,1.523398804366847,0.13605953530937895,0.7761420841359271,0.6959727921165548,9471
C18_151.0261756_24.83217561,0.28085121614855396,0.7803703380658317,1,0.4580920874287671,9472
C18_151.0273369_115.4446835,-1.573911539555652,0.12391916158844433,0.7633864733503855,-1.2259282547791543,9473
C18_151.0400508_26.0778452,-1.1738491042854868,0.24786667494474635,0.9013193895014,-0.443313767573019,9474
C18_151.0511571_217.4247734,0.11459200755380422,0.909380697797427,1,0.032259135862414995,9475
C18_151.051513_26.1357116,0.6493476355366126,0.5200766181163097,0.9824083431236167,0.16387037780697097,9476
C18_151.060238_122.6878176,0.005578685063286736,0.9955784881289117,1,0.00331678017391678,9477
C18_151.0619005_201.4340546,0.8883699430938256,0.3800123097934276,0.9638726330536317,0.4400909929595281,9478
C18_151.0763153_12.75345213,1.1124242684829297,0.2730458147892464,0.9212133579231264,0.22187289523535916,9479
C18_151.0763459_255.9232447,-1.0769453631756025,0.28839336800326043,0.930363967095018,-0.23657222065924302,9480
C18_151.1126255_288.9178803,1.0305724805822936,0.3093513963339418,0.9421850854569164,0.4046361056060531,9481
C18_152.0231099_23.31839169,-0.5744616798390428,0.56909031227349,0.9913379189285378,-0.15684823764280076,9482
C18_152.0294076_22.74077356,-1.4915783936062599,0.1441859483301727,0.7912074889195481,-0.6252712247708968,9483
C18_152.043255_114.0037874,1.4639276877563547,0.1515577151135715,0.8050550487222983,0.5277041357902506,9484
C18_152.0600229_26.85382884,0.4384252830605048,0.6635968047344643,0.9978767801948073,0.25338531359866806,9485
C18_152.0625395_28.83048887,-0.032310352660361585,0.9743961434083033,1,-0.022549274071528312,9486
C18_152.0715028_125.5324323,-1.0050510018697254,0.3213222862651582,0.9494025046502981,-0.4350293127783025,9487
C18_152.9391037_164.3413179,2.5086006932103104,0.01657473862246862,0.37412233298704317,0.9798944854545206,9488
C18_152.9678639_141.1446807,-1.6723203047089128,0.10279686517723659,0.7222851642405752,-0.6436566326183824,9489
C18_152.9780096_40.65298997,-1.6961420319077336,0.09815787095417375,0.718134185467518,-0.46810004526022514,9490
C18_153.0168164_30.25056933,-0.4902955115378113,0.6267851591220885,0.9947980550876518,-0.21550884041553495,9491
C18_153.0190497_111.9455636,-0.24373834652188017,0.808763770314495,1,-0.04867780849801445,9492
C18_153.019135_274.6148479,0.13671485977282902,0.891988512628379,1,0.046560648041520464,9493
C18_153.03048_19.76160356,-0.20320498199513545,0.8400748964227858,1,-0.03995472686127733,9494
C18_153.0330424_284.265272,-0.44264220467652227,0.660570719064028,0.9968021749030789,-0.1542539089601323,9495
C18_153.0667893_13.03847878,-0.816545186238607,0.4193523368132247,0.9716822081080376,-0.29751273125421596,9496
C18_153.0667944_146.4945776,-0.6324023479058501,0.5309663546149603,0.9824083431236167,-0.3070245206158705,9497
C18_153.0919183_278.8446861,0.29941575758979705,0.7662783016439982,1,0.07222294260408137,9498
C18_153.939416_146.8678349,0.2968468296668867,0.7682236646197815,1,0.052552556619774565,9499
C18_154.0145239_252.6782218,-2.6392825481434574,0.012039453762059655,0.31949293682763036,-0.7086718726042541,9500
C18_154.0575282_22.74414116,-1.2593408561073618,0.21569992701484955,0.87223789657115125,-0.19599477486275924,9501
C18_154.0622108_23.31122243,-0.2475355269320953,0.8058459328693928,1,-0.08282690423481492,9502
C18_154.0997741_283.7716563,1.2174440524451169,0.23105115888585948,0.8875782173548652,0.42903237014702067,9503
C18_154.8807852_21.22467453,-0.9324451645854598,0.35707935905006927,0.9588670540445742,-0.7424429740296982,9504
C18_154.8984692_19.24974252,1.0889875279127408,0.2831176326825304,0.9295944216943315,0.5547482355838004,9505
C18_154.9187567_18.71096939,-0.7336331235066821,0.46774048701741056,0.9777549229263227,-0.35829739046226733,9506
C18_154.9282558_21.51905533,0.37438412058112946,0.7102301206330152,1,0.22288590251335688,9507
C18_154.9472622_134.7598258,-0.25474974458173644,0.8003101420220498,1,-0.08749941815835946,9508
C18_154.9903759_115.2487448,0.33050631956962107,0.7428593860681776,1,0.1587248456817051,9509
C18_154.9961423_31.7739316,1.76579419124201,0.08558255430004257,0.6962067550962847,0.7880898729167538,9510
C18_155.0324968_53.8210538,0.28861506879652915,0.7744674817777522,1,0.13169655314293974,9511
C18_155.035519_236.8529725,-0.9141481487820516,0.3664873282627298,0.9637531830220828,-0.36450226318131196,9512
C18_155.0655408_22.71685163,0.6837183789280803,0.4983618849485474,0.9781047779839798,0.5058411029133922,9513
C18_155.0713608_24.96215218,0.352103008733467,0.7267347277644738,1,0.08597941703863887,9514
C18_155.0824318_136.7785588,-2.8288299581318985,0.007463787159910872,0.2584514400413996,-1.0369963186377391,9515
C18_155.1440187_175.5298688,-0.5629835264667886,0.5768013106744382,0.9913379189285378,-0.1571692776882778,9516
C18_155.9467708_156.4681354,0.32112578151568444,0.7499003808428832,1,0.1143645104227767,9517
C18_156.0063403_109.1741081,-1.6914442871593576,0.09905867650029274,0.718134185467518,-0.7860204594857936,9518
C18_156.0276798_29.82900713,-0.23578642404986677,0.8148831285779496,1,-0.08463938184055228,9519
C18_156.0566587_231.579159,-1.4807566552526221,0.14703628563403634,0.7987344561931919,-0.571312879179365,9520
C18_156.0665015_26.31100949,1.0137003568377676,0.31723048746033283,0.9452895703994642,0.23539676509471066,9521
C18_156.1029858_24.06881878,-2.248908201865844,0.03048426671584215,0.485844004335382,-1.303581369070582,9522
C18_156.894783_112.6360791,-0.02882859182370229,0.9771543807653646,1,-0.014603295334416263,9523
C18_156.9252953_21.3104222,1.827584260419589,0.075588116623047,0.678296612054887,1.117233134628475,9524
C18_156.9440672_167.8334691,0.5819505237396042,0.5640870825317859,0.990906938850393,0.1921415254329646,9525
C18_156.9515239_161.8174645,-0.0095405433529811845,0.9924385060566274,1,-0.0032699275616785103,9526
C18_156.9549174_137.8019144,-0.8584042780849414,0.39613015097148585,0.9669701703160376,-0.2614831981759393,9527
C18_156.9907651_158.2647899,-0.6960102881590745,0.4907195665836418,0.9781047779839798,-0.1624459895215139,9528
C18_156.9908548_69.17245224,0.5418695379657553,0.5911180564446981,0.9919344024228657,0.2066036066403334,9529
C18_157.0119077_28.25408924,-3.008487091383364,0.004674780699383108,0.21164497056861273,-1.2914226715080195,9530
C18_157.0141392_117.9543827,-1.1917933702290444,0.24084017280994596,0.8963750568216657,-0.308658022132298,9531
C18_157.0141762_276.0345397,-1.9899878140042422,0.053930055483276534,0.6011415296320846,-0.44031269468981804,9532
C18_157.0504759_118.3715852,0.23935823289951091,0.8121329839036556,1,0.08313021158440742,9533
C18_157.0505844_22.69016705,-0.8536732258117552,0.39871361116042947,0.9669701703160376,-0.2123735614883242,9534
C18_157.0618188_132.6783796,0.1269054484613051,0.8996941739386024,1,0.048982424115851804,9535
C18_157.0619371_18.94120282,0.46078528371220884,0.6476174317747618,0.9965858111391217,0.12307885567211696,9536
C18_157.0870587_22.53692251,1.5815578902580931,0.12216044536663988,0.7609597925098781,0.4340201775871993,9537
C18_157.0870867_252.8714458,-2.0410588881915697,0.048338908927305115,0.5734819207320505,-0.7569002278801319,9538
C18_157.1233117_47.68377891,-0.08321542532547649,0.9341234639332541,1,-0.04087144821753314,9539
C18_157.9941419_67.3216691,0.8034774447678464,0.42676934594585203,0.97349571258361145,0.3882242320042877,9540
C18_158.0219774_22.38776073,0.8867512075898807,0.38087213545793763,0.9638726330536317,0.2804407281912894,9541
C18_158.0219812_279.3300864,0.454965743622986,0.6517604730445243,0.9965858111391217,0.170185461066207,9542
C18_158.0219883_121.8101022,1.1673024640211387,0.25046698726245925,0.9051843501019633,0.7014050441695865,9543
C18_158.0358827_215.3893176,-0.14799897977342874,0.8831375650611983,1,-0.07420897090878738,9544
C18_158.0468328_235.9596452,0.9804453882232903,0.33315797521269486,0.9523228101868886,0.4792139299595905,9545
C18_158.061116_120.7232935,0.4596389085617196,0.64843266569355,0.9965858111391217,0.1282571677669319,9546
C18_158.0722821_237.5958919,-0.9333865549844308,0.3565996314094181,0.9588670540445742,-0.4197214560420203,9547
C18_158.0823398_22.00781105,1.7836733216178295,0.08258226304798272,0.6948552844377854,0.36776932631840864,9548
C18_158.0903034_155.4923615,1.5809209484063251,0.12230616755066127,0.7609623335528272,0.5124282026320396,9549
C18_158.0903193_12.50291496,-0.2972697351740777,0.7679033076166917,1,-0.08749710634035024,9550
C18_158.1061711_15.62558691,-1.2333763147529002,0.22512085211179575,0.8806395883158146,-1.2160232096274968,9551
C18_158.1266965_277.1904117,-0.2952767500277685,0.7694133824922155,1,-0.0885080310239823,9552
C18_158.8930227_94.27059808,-0.4841141080791439,0.6311240085900338,0.9947980550876518,-0.1885698947675778,9553
C18_158.9700668_93.13964043,-0.2101049814474633,0.8347246507153653,1,-0.031874531823877686,9554
C18_158.9889182_72.84070003,0.3512613882606838,0.7273608065536217,1,0.15109573150469632,9555
C18_159.0298577_165.098759,-1.076291800531277,0.2886816576763717,0.930363967095018,-0.6762812895261984,9556
C18_159.0298811_23.06757053,0.2914385171270813,0.7723241528812096,1,0.06666549729105876,9557
C18_159.0482014_170.5447322,0.7734900453180883,0.44408766357241747,0.9745894987688215,0.3353943242840905,9558
C18_159.0563178_102.6939896,-1.011517322490515,0.3182598592610581,0.946711434633586,-0.5974473723356978,9559
C18_159.0652267_116.562327,-1.569591269568666e-14,0.9999999999999876,1,-1.7293728804196549e-15,9560
C18_159.066391_21.73427499,-0.5942142370774517,0.5559416965479927,0.9870981072297655,-0.14222863740336544,9561
C18_159.0773788_125.3189485,-0.3428250272708017,0.7336469895853103,1,-0.12912606367205157,9562
C18_159.0775556_12.78566605,-1.0242534733753719,0.31228640578554007,0.9421850854569164,-0.28823174057308915,9563
C18_159.1027694_22.23257508,0.080763802401946,0.9360598691979298,1,0.030689896764618585,9564
C18_159.8938096_109.5735989,0.08069903732404983,0.936111029043021,1,0.02956397318257892,9565
C18_160.037651_21.19014372,1.7409050792818432,0.08991134298297837,0.7023904516472353,0.5643386675074495,9566
C18_160.0376558_116.4876558,-0.32271185548479625,0.7487083367002715,1,-0.07992546496790001,9567
C18_160.0376793_266.0726978,-2.0828703264876203,0.04414534793715668,0.5509677663408914,-0.6730052631498884,9568
C18_160.0514858_154.2588456,0.19467141010319855,0.8467024324560978,1,0.027592534728035807,9569
C18_160.0611666_102.5519924,-0.7319375641402572,0.46876257517883324,0.9777549229263227,-0.43124071074071463,9570
C18_160.0616362_19.77591581,1.2407787707930082,0.22240430398235891,0.8798719757146458,0.3942118275817769,9571
C18_160.0625658_219.8833155,1.7781366687005469,0.08350174339962736,0.6948552844377854,0.6899101200069564,9572
C18_160.1061539_24.34120615,-1.0897535875997824,0.28278433401304826,0.9295944216943315,-0.6391843372060227,9573
C18_160.8421677_20.42295815,-1.1170579899947142,0.27108504930602273,0.919604667683454,-0.4249812386396791,9574
C18_160.8927342_122.6776082,-1.47595402185807,0.14831553067723718,0.8014900281899261,-0.5677532494562088,9575
C18_160.9155352_21.80303825,0.9001627613441459,0.37378582187057185,0.9637531830220828,0.3283066563216354,9576
C18_160.9493347_89.80757709,-0.02095904549360915,0.9833895989004982,1,-0.00430196304675042,9577
C18_160.9770787_16.16907311,-1.0941291832945015,0.2808858956550166,0.9295944216943315,-0.6882888390954742,9578
C18_160.9988171_21.16877288,-0.28030122114583444,0.780789003859346,1,-0.2478946339484453,9579
C18_161.0156635_125.6300412,-0.04967790924201247,0.960643070770684,1,-0.03743229566987475,9580
C18_161.0244999_25.17383249,-0.35666854061377645,0.7233417611558345,1,-0.3926640915853849,9581
C18_161.0357022_179.8915288,-0.38884343256437387,0.6995940492940541,0.9999159889500627,-0.09983505636560759,9582
C18_161.0417231_95.98267401,0.5603768152152174,0.578559610078653,0.9913379189285378,0.33592803094697354,9583
C18_161.0494833_126.8984307,1.1064583184467645,0.2755851464549552,0.9227236778686373,0.44625557779603564,9584
C18_161.0606634_124.4831412,0.18401413360485802,0.8549951437110069,1,0.08317356154700808,9585
C18_161.0607481_20.80620335,-0.4249006685093509,0.6733405151564205,0.9996367449012522,-0.18781274856175745,9586
C18_161.0637907_96.28848869,1.9215134381505645,0.062301906839007846,0.6319277618398141,0.4641006756537381,9587
C18_161.0970221_119.6274621,0.46331232480736434,0.645821903745796,0.9965858111391217,0.174851888839595,9588
C18_161.097254_25.05155705,-0.3532657492633262,0.7258700811572477,1,-0.30338897331292486,9589
C18_161.8939629_97.67678582,-0.6813279901218084,0.4998556899281119,0.9781047779839798,-0.3140914795753149,9590
C18_161.9892418_126.1051622,-0.2932158140033572,0.7709759009737891,1,-0.14985291722470875,9591
C18_162.0195695_204.3284278,2.1187407554867645,0.04080575346404273,0.5347244144365793,0.4158759169601837,9592
C18_162.0196236_113.6790927,0.11733357427999666,0.9072227424503718,1,0.02411070646792855,9593
C18_162.0196299_279.598547,0.8558689966370112,0.3975132682185235,0.9669701703160376,0.20947010144543274,9594
C18_162.019655_25.39347237,-1.3007511140476975,0.20129086161350906,0.8636226484729774,-0.2820173819239572,9595
C18_162.0233603_126.1151606,-2.133516561111944,0.03949618012532783,0.5337297233059277,-0.6262299013148679,9596
C18_162.0308724_206.7535891,0.29708601654950856,0.7680424720522856,1,0.15176387578660305,9597
C18_162.0488359_13.79839704,0.0915723487751365,0.9275258972949393,1,0.0167513940922889,9598
C18_162.0490162_224.5038563,-1.0295921583049554,0.3098054828937812,0.9421850854569164,-0.49274309720148735,9599
C18_162.0532201_118.8072336,0.4556424161959492,0.6512781586032779,0.9965858111391217,0.2093845887011984,9600
C18_162.0533103_278.2500225,-0.25668287251294586,0.7988285251504764,1,-0.0784211985297207,9601
C18_162.0533267_21.20103119,0.6892486252291362,0.49491540468365713,0.9781047779839798,0.3517759781688815,9602
C18_162.0560757_26.70421971,0.8536662425199907,0.39871743227469714,0.9669701703160376,0.23606346282848256,9603
C18_162.0672241_163.2066071,-0.04732292852039781,0.9625073205520625,1,-0.017619886225377142,9604
C18_162.0784529_233.2487795,-0.06337842751884527,0.949802243926261,1,-0.02730090433251681,9605
C18_162.100645_26.08647583,-0.45778912334698857,0.6497490477169889,0.9965858111391217,-0.3715911667958833,9606
C18_162.8392763_20.22805292,-0.06294623869919129,0.9501440859088128,1,-0.02781155979275557,9607
C18_162.8933731_35.1190679,-1.4290715274889318,0.16127238428679894,0.8218381018016443,-0.7266480502531629,9608
C18_162.9599889_136.8366003,-0.48520952679489887,0.630354141589904,0.9947980550876518,-0.11896315259029702,9609
C18_162.9600832_21.50125269,-1.024552151906119,0.31214724914998504,0.9421850854569164,-0.458402554140054,9610
C18_162.9679608_135.4315147,0.47279921435938893,0.6391004365914517,0.9955023063019077,0.09913070273967592,9611
C18_162.9959404_21.21163159,1.6654341010557934,0.10417119343310662,0.7234878199973939,0.7694230474139907,9612
C18_163.0249284_18.86137886,-0.18836997945455944,0.851603673227485,1,-0.11191712330174593,9613
C18_163.0342625_112.5868331,-0.19595974962370102,0.8457011169837609,1,-0.08510651634419034,9614
C18_163.0399312_220.5079374,-2.064685780095353,0.04592830301790696,0.5597039356138589,-0.7582243639229289,9615
C18_163.0401522_21.56326193,1.5255560395161827,0.13552219727633275,0.7756115552681921,0.3495780357320546,9616
C18_163.050536_209.8140245,0.957722559508594,0.34434493889463125,0.9564212583657042,0.4825907639255891,9617
C18_163.0612517_267.8624774,-0.6256586154760937,0.5353334123235924,0.9833164118236528,-0.26739994321739785,9618
C18_163.0763549_141.9097106,1.4275870379422422,0.1616967480097176,0.8218381018016443,0.42985263504230353,9619
C18_163.076517_24.60772291,-0.7586753234823749,0.4527953949078982,0.9750316892785739,-0.14541098341839834,9620
C18_163.1127135_180.3006716,0.08106556348632192,0.9358215028430046,1,0.0252041360025998,9621
C18_163.1129314_26.75784148,-0.3835248316912243,0.7034993507537237,0.9999159889500627,-0.35608269612210813,9622
C18_164.0353258_24.48968719,0.4731323581291211,0.6388649592354185,0.9955023063019077,0.08435604635461266,9623
C18_164.0464015_150.5170057,-0.8961565698821573,0.37589364633310063,0.9637531830220828,-0.24825500574784218,9624
C18_164.0644736_284.5954448,1.1657956857552836,0.25106827228011336,0.9053010394091442,0.33882897679717305,9625
C18_164.0718202_23.82111059,1.3513278343869428,0.1846976410004394,0.8467345678477594,0.3960082498644819,9626
C18_164.0759255_23.7115653,2.3281954831425047,0.02540575726069492,0.4510154193585828,1.3120310439846476,9627
C18_164.0829618_209.9170243,-0.3952713182688806,0.6948852500567111,0.9999159889500627,-0.16767478840702824,9628
C18_164.1161716_27.58431122,-0.9415098841846751,0.3524775921085249,0.9584471216727528,-0.6374900476964204,9629
C18_164.8362708_20.23592729,-1.0414808414560925,0.30432950548119786,0.9402374180413365,-0.5843651370006571,9630
C18_164.8953752_97.13167222,1.4385653067214508,0.1585791078897812,0.8193248359762065,0.520365234623382,9631
C18_164.9570132_28.39172991,0.06612588099935496,0.9476293588917253,1,0.02034120944901973,9632
C18_165.0055002_18.277457,-1.8004515912919017,0.07984786376406633,0.6911349530212022,-1.220967670292782,9633
C18_165.0192156_149.9184446,0.9305742936269495,0.3580339999379677,0.9588670540445742,0.4843332900909096,9634
C18_165.0408385_20.20657024,0.1462289533571977,0.8845249508623898,1,0.06352667573837409,9635
C18_165.0408393_204.2768622,-0.9914418974065533,0.32783273584637396,0.9506069103298993,-0.26826625485941225,9636
C18_165.0411227_119.8155595,0.5582760256613716,0.579978556000014,0.9913379189285378,0.12956705553795583,9637
C18_165.0500578_20.95576557,1.6945918494632992,0.09845436730604622,0.718134185467518,0.3004191984108033,9638
C18_165.0558025_21.66920644,0.3321030164706319,0.7416631183749673,1,0.08491915315569559,9639
C18_165.0667724_126.3564752,-0.024903323818525756,0.9802643019009414,1,-0.008202530464434298,9640
C18_165.0710082_24.19964532,0.44208439136409877,0.6609706790637508,0.9968021749030789,0.2020717770742004,9641
C18_165.0752672_23.69810153,1.8424884487983118,0.07333140255196556,0.6713498450415961,0.5586021980809568,9642
C18_165.0780838_177.3059322,0.017696793997792008,0.9859746862348452,1,0.005222704809026776,9643
C18_165.0919388_118.7520017,-0.6927384621515168,0.49274735662653446,0.9781047779839798,-0.1974177969425332,9644
C18_165.0919523_283.4972519,-0.05464622303384365,0.956710801607495,1,-0.015961365839180466,9645
C18_165.0921043_26.05448645,0.8169409226466724,0.41912896099117614,0.9716822081080376,0.2650880176735525,9646
C18_165.985771_29.31716727,0.9676517067747114,0.33942624417569267,0.954330731898445,0.5425431851078629,9647
C18_165.9857899_123.6499059,-2.0113269632953807,0.051528941421439815,0.5909138544595092,-0.6849358923170179,9648
C18_165.985876_281.8702408,-0.027908279643785516,0.9778834973888795,1,-0.009080709288069798,9649
C18_166.0134824_18.71521105,1.6146692100180378,0.11477753044190724,0.7424511371086427,0.5988841294735868,9650
C18_166.0144876_112.8388403,0.17525853067424851,0.8618206484001986,1,0.04557467891213986,9651
C18_166.0509227_28.37295744,0.10907751878342099,0.9137233799684623,1,0.050041057282626145,9652
C18_166.0577347_22.90079387,0.8404598072690712,0.4059847190598127,0.9672616821631036,0.5408836955970857,9653
C18_166.0577742_123.1399564,1.016632925267913,0.31585126471167313,0.9438887899220819,0.6161171295280443,9654
C18_166.0954181_26.68803586,0.6913356462763052,0.4936182136033487,0.9781047779839798,0.4567381287727886,9655
C18_166.860657_20.66544238,-0.3854917424082107,0.7020541472703221,0.9999159889500627,-0.12122123354513162,9656
C18_166.9363055_100.0566972,-0.6897683759824131,0.4945921756781243,0.9781047779839798,-0.24968254144318808,9657
C18_166.9937068_140.6004757,-1.6328452622675582,0.11088256027956839,0.736040478094709,-0.447099965393226,9658
C18_167.0161344_19.15238256,-0.2047479856666632,0.8388777773017192,1,-0.10475667954929598,9659
C18_167.0211286_20.74173958,-0.4043197695246445,0.6882774748267146,0.9999159889500627,-0.190621187496261,9660
C18_167.0265622_20.138335,-0.1398780710639506,0.8895059150029457,1,-0.10063431715272775,9661
C18_167.0354571_281.4152494,1.0487201726826216,0.30102798249748197,0.9396681966123791,0.3224291103535822,9662
C18_167.044735_22.30292244,-1.0163833654438688,0.31596847603541667,0.9440594824108779,-0.4862634608955871,9663
C18_167.0460594_206.2829669,-0.2500504070071552,0.8039149876327042,1,-0.07738250146944718,9664
C18_167.0542929_28.16782844,0.4348677292434348,0.6661541746972472,0.9980954332927549,0.2536724407953167,9665
C18_167.0615976_123.2970783,-0.8030664823001208,0.42700388434754954,0.9737597652924959,-0.3782950269405921,9666
C18_167.0656728_276.3532812,0.6935572469933446,0.4922394577301228,0.9781047779839798,0.2754298332270987,9667
C18_167.0711643_251.7144659,0.020703931940723112,0.9835917509024369,1,0.00655289346946378,9668
C18_167.1076455_268.8348793,-1.1330599600064732,0.26439105637020666,0.9153716740091526,-0.301695470434692,9669
C18_167.1076851_30.44478896,1.9440738750297981,0.05942765967637717,0.6219910283250402,0.5402421319406199,9670
C18_167.997094_52.406546,0.5081826264226519,0.6143057374827181,0.9931667617408494,0.22976848850996193,9671
C18_168.0196183_122.7363278,-0.9279266537685812,0.35938785189422273,0.9600379447812003,-0.21547615940400522,9672
C18_168.0244731_20.09211002,0.0031403454080804194,0.997511039813749,1,0.0015663088289631277,9673
C18_168.0300728_274.6464397,0.30421999773251196,0.7626443324724387,1,0.08465448984980706,9674
C18_168.0302503_18.75788575,-0.6836084674856093,0.4984305167329822,0.9781047779839798,-0.21712094591283182,9675
C18_168.0413113_202.395472,0.829196549882033,0.41224730257423137,0.96978156031432206,0.3664265536114938,9676
C18_168.0666077_168.0934688,-0.1160015460374723,0.9082711270500936,1,-0.030972422118788073,9677
C18_168.0733513_122.0919511,-1.264599306887344,0.21382844646412771,0.8700201576306809,-0.5733463031093833,9678
C18_168.0734219_282.9644609,0.3366240982403574,0.7382793912071557,1,0.11128636038896285,9679
C18_168.0734442_21.08881535,-0.27777158576891636,0.7827154562009873,1,-0.21156740348597233,9680
C18_168.0778327_23.8138549,-0.5644025849973485,0.5758452191311703,0.9913379189285378,-0.48655574478672914,9681
C18_168.1029106_115.5935816,0.48210387765093854,0.6325378943048171,0.9947980550876518,0.15027235567031613,9682
C18_168.8362391_17.95901963,-0.5290258328543511,0.5999093642875704,0.9927179766037689,-0.34856480419236147,9683
C18_168.9892969_280.382835,0.48546529905860725,0.6301744433513574,0.9947980550876518,0.18300360879971492,9684
C18_169.0168494_120.6255313,1.4589302030935651,0.15292140124877676,0.8075278028969018,0.6185792430712239,9685
C18_169.0252871_19.37142562,1.4360984543691848,0.1592754964399322,0.8193248359762065,0.7441038088013913,9686
C18_169.0408401_142.4699187,0.7744660897494393,0.44351748093773735,0.9745894987688215,0.41221435782665594,9687
C18_169.048182_54.42432409,0.2668300196071522,0.7910638735358329,1,0.10085570151256218,9688
C18_169.0617505_145.3967071,3.389500746797899,0.0016615115980124055,0.12140626606872042,1.2619092066325588,9689
C18_169.0618267_13.095216,0.19645272377290876,0.8453180390776815,1,0.060647071212719277,9690
C18_169.0658019_160.9058102,-0.8991008463024543,0.374343797160548,0.9637531830220828,-0.7527117491475384,9691
C18_169.0659_24.98402331,-0.9315276286963259,0.35754733734853705,0.9588670540445742,-0.4523067112968556,9692
C18_169.0982241_26.50097145,-0.015478332346527408,0.9877327383917875,1,-0.005606943362268602,9693
C18_169.1233735_138.2938458,-0.1701221535617044,0.8658297924992043,1,-0.0433578895950072,9694
C18_169.1598311_181.5555007,-2.131006863956018,0.03971596320976739,0.5345526367798039,-0.5801969870355485,9695
C18_170.0433795_28.7600319,0.8823240842099609,0.38323003807416145,0.9639039222134288,0.22244943480578433,9696
C18_170.0689944_24.51269669,0.39620926142936685,0.6941991696913394,0.9999159889500627,0.22898393023325284,9697
C18_170.0737063_25.21452444,-1.1090720762585695,0.27447057681948833,0.9222085663954013,-0.812730630165221,9698
C18_170.0798707_24.23939442,1.5122562210035082,0.1388623007367146,0.7820601419325246,0.3619106023200068,9699
C18_170.082333_20.88542954,0.4740661009994387,0.6382051599195648,0.9955023063019077,0.27822367722624547,9700
C18_170.1186956_24.63531942,0.3691931035786288,0.7140630691185967,1,0.26870890537307657,9701
C18_170.1267188_47.48318638,1.0906624776553728,0.28238925143328025,0.9295944216943315,0.7137709855110792,9702
C18_170.8332653_17.97671849,0.25889838512224045,0.7971314054861874,1,0.12500883517111944,9703
C18_170.8836885_18.35238221,0.05663663448418781,0.9551357534108362,1,0.027466877096166586,9704
C18_170.944263_25.85201972,-2.686319587230845,0.010709117069961376,0.3014747699422209,-1.356274125540198,9705
C18_171.0298637_118.0323337,1.8471621727790413,0.07263564466593765,0.6686644362279182,1.8760016709449499,9706
C18_171.0411692_18.97002177,1.4653288207052992,0.1511771161630371,0.804536753022125,0.5545174634132111,9707
C18_171.0451073_136.9767085,-0.11606126565833252,0.9082241206205175,1,-0.05696861171852135,9708
C18_171.066318_19.15199304,1.8176243897830706,0.07712883598336343,0.6849598718477329,0.3949553714735448,9709
C18_171.0773737_127.0382568,-1.2656669952750763,0.21344994942119247,0.8700201576306809,-0.36419653546604175,9710
C18_171.0775173_17.2028172,-0.35827990346612115,0.7221455899524454,1,-0.11966901435565787,9711
C18_171.1220503_24.69153712,0.8999177031705716,0.3739145383000241,0.9637531830220828,0.351662839302005,9712
C18_171.1390305_103.7539015,-0.11074398023028764,0.9124107459579429,1,-0.051426491961273,9713
C18_172.0075676_22.42385381,0.038665046514742264,0.9693628252949615,1,0.023980657839627693,9714
C18_172.0101612_17.92583484,-0.42381728572634897,0.6741235322501817,0.9996367449012522,-0.18523805380590386,9715
C18_172.0619404_131.0972707,-0.2729421970010994,0.7863971365306649,1,-0.06753816758264629,9716
C18_172.0708833_217.2044214,0.2501678638933382,0.803824833608391,1,0.1491906531956839,9717
C18_172.0978215_130.3003166,-1.6108394519863762,0.11561233965548928,0.7446629530930814,-0.9416918163827805,9718
C18_172.1423293_112.9882739,0.45005715897122117,0.6552637119326834,0.9965858111391217,0.20489448495204582,9719
C18_172.8302402_18.08992605,1.27184141504901,0.21127097047353155,0.8683661493536527,0.6646776083786969,9720
C18_172.8806692_18.49266228,-0.03520854491657554,0.9721004482823098,1,-0.019907044642497995,9721
C18_172.9289361_136.9897194,0.8043192781738625,0.42628915130134015,0.9732405036444339,0.18180889533372377,9722
C18_172.957866_146.1624133,0.6571706353370146,0.5150899494452723,0.9824083431236167,0.24042093229165515,9723
C18_172.991448_22.0474369,-1.0901690993124176,0.28260366818552507,0.9295944216943315,-0.6307847918678123,9724
C18_172.9978257_175.9752694,-0.7050217869536004,0.48515868396151973,0.9781047779839798,-0.253617220347245,9725
C18_172.9978998_16.49877796,-0.47012271280109347,0.6409936511266423,0.9955023063019077,-0.2310832058720167,9726
C18_173.0089607_122.2122019,0.9414863473743352,0.35248948995386387,0.9584471216727528,0.24157169370370926,9727
C18_173.0090962_17.67636778,0.8965120598317297,0.3757063000777723,0.9637531830220828,0.30858531935058164,9728
C18_173.0457637_110.6475614,-1.0250566054549657,0.3119123168998834,0.9421850854569164,-0.29803973798978706,9729
C18_173.0567606_18.1132828,0.4538959731877117,0.6525232866104271,0.9965858111391217,0.15698055173124947,9730
C18_173.0638667_172.0861873,-0.3623762297655853,0.7191079298574197,1,-0.10209222196492504,9731
C18_173.0820095_21.49471884,0.8421208560682119,0.4050661704140178,0.9672616821631036,0.20612153424352023,9732
C18_173.0825073_215.2470904,-0.018468041270101092,0.9853635162794551,1,-0.008070476306378475,9733
C18_173.1043895_53.31883779,2.8161333886011355,0.007710640202377221,0.2610649947830736,1.0154475472226268,9734
C18_173.4751819_21.09942965,-1.548731839034071,0.12985639837078503,0.7695072627505222,-0.5381972413212863,9735
C18_173.4752825_236.886775,2.0002175688338153,0.052767120323589226,0.59595360192925,0.5933584957103959,9736
C18_173.9573717_152.265236,-0.2397476937017548,0.8118332603042362,1,-0.0775892505614325,9737
C18_173.9949826_21.32684293,0.043103940188242804,0.9658476823861579,1,0.0225692001915339,9738
C18_174.0168211_123.3264224,1.3695179410099119,0.1789942009085407,0.8415449274641627,0.4980815509931763,9739
C18_174.0303086_22.66749611,-0.2609905836113457,0.7955296620076446,1,-0.2087344069468203,9740
C18_174.0407891_18.29487962,-0.03869375772356917,0.9693400869317075,1,-0.011128774599992784,9741
C18_174.0560499_27.49283858,-2.9053715041265806,0.006125176145734524,0.23431859113216627,-0.9039336046828385,9742
C18_174.0671809_203.4110139,-0.09261955736928965,0.9266995098584832,1,-0.03996384263009541,9743
C18_174.0783942_250.614936,-1.505242261963214,0.140650166773306,0.7852222195474602,-0.6584446298079616,9744
C18_174.08846_20.63336647,1.8790159351995,0.06804188647050995,0.6498103565055996,1.4722301511907954,9745
C18_174.8290138_17.92484387,0.35299735014667605,0.7260696380809946,1,0.17459033710055136,9746
C18_174.9468025_113.6909964,0.4701120157955703,0.641001222506583,0.9955023063019077,0.21142695158326688,9747
C18_174.9545707_158.6392155,-0.09751995873851232,0.9228335469925968,1,-0.027014385953000628,9748
C18_174.9620033_164.4545301,-0.48765795019881303,0.6286348846735659,0.9947980550876518,-0.1648881238141341,9749
C18_174.9872789_22.13021524,-0.2466434970616525,0.806531137337777,1,-0.19205120141287202,9750
C18_175.0246637_118.6717246,0.27718262727825954,0.7831641790654993,1,0.08073924830052558,9751
C18_175.0247084_266.4337984,-0.2034244769917919,0.8399045805604054,1,-0.06859957565118162,9752
C18_175.0248711_22.11054139,0.6402293972445872,0.5259214493209012,0.9824083431236167,0.19711592037468395,9753
C18_175.027321_126.5155242,-0.17609271662667916,0.8611698800416563,1,-0.09828252733272898,9754
C18_175.0273512_281.8763129,-1.6145934133515762,0.11479400458541651,0.7424511371086427,-0.7714097419329758,9755
C18_175.0511184_128.6511356,2.080905542157376,0.04433501789178991,0.5517606452510946,0.8600714141055434,9756
C18_175.0512948_28.0881717,-1.191087920467567,0.24111362404726494,0.8965589582842357,-0.6266208551344399,9757
C18_175.0623006_155.209959,0.5482790718908991,0.5867540025013527,0.9913379189285378,0.18807054575736434,9758
C18_175.0723277_101.1917375,1.9713691903630952,0.05610382911501775,0.6108046814947533,0.6842812757207075,9759
C18_175.0762339_275.8277201,-0.9848928867620147,0.3309972428451424,0.9506069103298993,-0.3423212712508972,9760
C18_175.0763185_137.551607,-1.3408787005051719,0.18803663812615193,0.8489710044879274,-0.6690747176193621,9761
C18_175.1128325_284.183666,0.7187757525663244,0.4767401487854477,0.9781047779839798,0.35682723995045856,9762
C18_176.0096182_22.05842001,-5.249204270001815e-15,0.9999999999999958,1,-1.219047339153771e-15,9763
C18_176.0325031_278.2121579,1.0549638251369244,0.29820054656114375,0.9388638086478203,0.32378959469317015,9764
C18_176.032692_123.4523694,-1.6670150731172635,0.10385433196845184,0.723414405040139,-0.47452790536334377,9765
C18_176.0353896_23.25289681,0.3837145534560352,0.7033599024794921,0.9999159889500627,0.07929131907577398,9766
C18_176.038747_20.70659293,0.02079982325522181,0.9835157664870098,1,0.016612561138020007,9767
C18_176.0464512_200.6069401,0.7955719970118406,0.4312947187012981,0.9742203846590763,0.36639987570457677,9768
C18_176.0576062_213.8732057,0.9710643809271445,0.33774655390451713,0.9541737438762358,0.4648657138240409,9769
C18_176.0715456_126.8724549,-0.15259465133788605,0.8795371278891808,1,-0.055658956980308774,9770
C18_176.0833669_225.5275384,1.8028933210802374,0.07945638018876622,0.6911349530212022,0.7901448658818523,9771
C18_176.0842013_28.11306979,0.5399683946463437,0.5924154663469275,0.9919344024228657,0.4419379943134827,9772
C18_176.9291405_136.9950894,0.6999112380410715,0.4883079732611235,0.9781047779839798,0.09071821815903196,9773
C18_176.9835733_152.5243791,1.7787868992480387,0.08339331350914073,0.6948552844377854,0.5845258859282986,9774
C18_177.0227407_20.74281234,2.6106786684377425,0.012921312835866942,0.32677736535603386,1.6968493067431205,9775
C18_177.0405461_20.74947327,-1.2062215991185932,0.23529718179886414,0.8886691295529588,-0.2697149791703979,9776
C18_177.0555887_253.096131,0.7499791268764209,0.4579532128019024,0.9755657681934743,0.224091431120042,9777
C18_177.0667618_113.5930636,-0.5091930730593469,0.6136041805855288,0.9931667617408494,-0.2502362849928768,9778
C18_177.0779754_154.4711904,-0.297194111014785,0.7679605909777332,1,-0.21074489005989816,9779
C18_177.0919655_267.8986297,0.5275401675367104,0.6009302394094008,0.9928144482048423,0.23058765757182784,9780
C18_177.1032343_69.88161236,-0.2646578280731798,0.7927242621613464,1,-0.12344991298782977,9781
C18_177.123663_187.2422557,-0.5856444437015699,0.5616273489566761,0.9899322889121577,-0.2698730882078539,9782
C18_177.1284441_196.8878811,-0.9431090105385878,0.3516698539012397,0.9578247927857968,-0.7464798032587335,9783
C18_177.1284882_23.38131987,0.04557005795302257,0.963895066967027,1,0.02576490761182044,9784
C18_177.1331141_186.9486599,0.20128408723584482,0.8415657350555,1,0.14081427860122198,9785
C18_177.164795_148.8325843,2.7226467869955715,0.009776188721921876,0.2857418246188054,1.5884859375256446,9786
C18_177.9028879_104.5243171,1.1065148180755608,0.2755610197160864,0.9227236778686373,0.9139805292706897,9787
C18_177.9830364_80.69797128,-0.7917719646792971,0.43348026337355017,0.9742203846590763,-0.46098975090829514,9788
C18_178.0182357_126.3963153,-0.5510346824012521,0.5848825778616891,0.9913379189285378,-0.3361922168476731,9789
C18_178.0480713_290.8965062,0.784188344342191,0.43786176327004267,0.9745124110909839,0.24506985738827147,9790
C18_178.0482074_122.9186136,-0.8118522880438966,0.42200682118108224,0.9720647144923827,-0.28013466614856014,9791
C18_178.0483585_24.77341447,0.8905052664083303,0.37887998799003275,0.9638726330536317,0.3400606244999876,9792
C18_178.0510452_22.08148888,0.11911685905125104,0.9058194559963422,1,0.07165696557929425,9793
C18_178.0620755_183.3617652,0.13666894230714188,0.8920245584183285,1,0.06047874854167009,9794
C18_178.0872383_135.4172016,0.6479516042451545,0.520969216104645,0.9824083431236167,0.21860828112247474,9795
C18_178.0952715_125.8106602,0.5471336106511989,0.5875327710151701,0.9913379189285378,0.2799939364858996,9796
C18_178.1316523_279.3996348,0.69209428364422,0.493147151119562,0.9781047779839798,0.334985034434463,9797
C18_178.1317028_186.399099,-0.751136941713614,0.4572645255248059,0.9755657681934743,-0.4788458775295133,9798
C18_178.1318137_24.68540089,0.08367993205790901,0.9337566203454482,1,0.03920134108886086,9799
C18_178.9338307_133.1879109,0.45215234841449814,0.6537674111531042,0.9965858111391217,0.09187785543783598,9800
C18_178.9418426_97.73159512,0.5441976899689143,0.589531094159115,0.9915988746509311,0.32685329672225405,9801
C18_178.9726161_48.34968228,1.4899558772609276,0.14461047362089513,0.791644336233801,0.45455466186106075,9802
C18_178.9918073_126.6877883,-1.2259999141494078,0.2278522895446456,0.8840833026918968,-0.42945550330218674,9803
C18_178.9937683_26.94925025,-2.188071400819385,0.03497699363261016,0.5071603942130305,-1.5289224341053713,9804
C18_179.034801_130.2560399,1.5270023342261292,0.13516290073225637,0.7745151497029313,0.7905585983325546,9805
C18_179.0348825_12.59589884,1.5828130374144658,0.12187370084681046,0.7603687534924862,0.6222160642660411,9806
C18_179.0460262_133.1392979,1.103717456492508,0.2767573635718636,0.9232742511419165,0.3470155608595236,9807
C18_179.0561892_22.97662831,0.6779578830614884,0.5019659355033326,0.9781047779839798,0.16617126135921897,9808
C18_179.071212_277.5539005,0.6260501646908528,0.5350793415130484,0.9833164118236528,0.17011003254052012,9809
C18_179.107699_23.25423204,-0.3760079852702991,0.7090326485599263,0.9999159889500627,-0.10291656869896348,9810
C18_179.1349463_186.8342524,-0.7767085107994758,0.4422091597814447,0.9745894987688215,-0.5452186949247525,9811
C18_179.1803595_161.5970883,3.620029727152721,8.672301272877773e-4,0.0815819479023412,1.6025355775354921,9812
C18_180.0300482_227.1502117,-1.1313486966050332,0.2651012055725978,0.9153716740091526,-0.3866865822989746,9813
C18_180.0334277_190.5743643,-0.4748670055028269,0.6376394639678298,0.9953856535986481,-0.1740379061122261,9814
C18_180.059486_26.03029462,0.5171194500238165,0.6081136730304684,0.9928201179984223,0.13059057200850555,9815
C18_180.066674_22.87407619,1.8261988982205235,0.07580084523609482,0.678296612054887,0.5830197948577435,9816
C18_180.0777723_191.9768343,-0.45220893896654807,0.65372701647923,0.9965858111391217,-0.21300274035000696,9817
C18_180.9260562_148.8829878,2.1979504100191996,0.03420960399828636,0.5048831476813758,1.0383857196865331,9818
C18_180.9260663_23.30433677,0.5693525291478259,0.57251629946542,0.9913379189285378,0.37377934063292534,9819
C18_180.9308358_84.6918824,-2.6381085431734466,0.012074528459148323,0.31971011967988927,-1.3519159079142635,9820
C18_180.9518772_132.9432542,0.41715993470937957,0.6789431841160222,0.9996367449012522,0.10519339398906118,9821
C18_181.0003487_21.6092969,-0.2697265270167348,0.7888513644994641,1,-0.12229605276527819,9822
C18_181.0092802_146.1392797,0.07707104959045316,0.9389773154849463,1,0.01546750684631947,9823
C18_181.0093783_40.84735267,0.37911243837868486,0.7067454425487435,0.9999159889500627,0.14892672778476304,9824
C18_181.0366803_20.21987044,1.1950421363788761,0.2395837969692731,0.8959441681474125,0.5132430649450495,9825
C18_181.044722_115.5420462,0.15259651916337774,0.8795356650795987,1,0.05652693442214553,9826
C18_181.050357_124.9674362,-0.6814693844186984,0.4997672608607183,0.9781047779839798,-0.1320505541105209,9827
C18_181.0507447_21.15254579,-0.7354003546754128,0.466676563632231,0.9775312433001775,-0.2747596877074091,9828
C18_181.063663_22.66874305,-0.37870076830874033,0.7070485826664663,0.9999159889500627,-0.08731720195041394,9829
C18_181.0718032_24.08478455,-1.946886722213848,0.059077447174387586,0.6219910283250402,-1.154509272208716,9830
C18_181.076644_25.56878801,-1.288268151398384,0.20555544104689702,0.8657576350795582,-0.9116758212020262,9831
C18_181.086857_239.7507438,-1.9090852717365259,0.06393580881997438,0.637285146605545,-0.5799224936579493,9832
C18_181.0868969_41.61016116,-0.5537837421927715,0.5830184835317125,0.9913379189285378,-0.15223325208157026,9833
C18_181.1232443_149.9251531,1.4808212017596665,0.1470191527800987,0.7987344561931919,0.5541352793863118,9834
C18_181.966008_21.53975304,-0.5711483345251429,0.5713109450152931,0.9913379189285378,-0.23534608771292617,9835
C18_182.0126618_51.53648478,-1.1173860646872067,0.2709466054898629,0.919604667683454,-0.46673882067723366,9836
C18_182.0281683_20.75111921,0.6225880561958052,0.5373280463702519,0.9833164118236528,0.8217702877612045,9837
C18_182.0319306_18.11741009,-1.0946978936664742,0.2806398120839711,0.9295944216943315,-0.43763265960248326,9838
C18_182.0458418_22.38332533,-0.558275702178731,0.5799787746220453,0.9913379189285378,-0.19608605292579295,9839
C18_182.053041_23.26232334,0.7052271045578016,0.4850323999966474,0.9781047779839798,0.4384775964105831,9840
C18_182.0568309_160.2877313,-0.014023879109077602,0.9888853751761895,1,-0.004598749077264998,9841
C18_182.0669639_23.37697318,1.9092226864259234,0.06391754384833695,0.637285146605545,0.9486339358224113,9842
C18_182.0750592_24.45130511,-1.8075531574230064,0.07871377147327269,0.6896783880898572,-1.0846722570899336,9843
C18_182.0820056_13.68973359,0.15184065225609433,0.8801276660568214,1,0.07005175120195836,9844
C18_182.0820298_124.9161786,-1.87671399009212,0.06836532372677565,0.6511567144338838,-0.8223541599208561,9845
C18_182.9100712_88.08557753,-0.31158998620270617,0.7570802005512837,1,-0.17763712071278476,9846
C18_182.9675015_75.19086741,0.33826913909951106,0.7370494918627151,1,0.13416049968896424,9847
C18_182.9885012_40.09978258,-0.297356703086067,0.7678374332846059,1,-0.3502780724506355,9848
C18_183.0159199_19.09448814,-0.8349674310442453,0.4090311690110455,0.9677529616210128,-0.3164752976942532,9849
C18_183.035435_18.24420862,-0.7546653162080723,0.45516952644478537,0.9753792522951469,-0.4043953410071225,9850
C18_183.0371969_115.8185979,-1.0770391911005075,0.2883519966299362,0.930363967095018,-0.6608351431900042,9851
C18_183.0605305_22.91667384,-1.371840739783373,0.17827581268677192,0.8406428444874736,-0.28942542521219927,9852
C18_183.0636934_53.12660384,-1.2833954540995105,0.20723852562259304,0.8678275884790382,-0.6003821681067107,9853
C18_183.0664227_276.906531,0.5090176568392766,0.6137259463469634,0.9931667617408494,0.09485180014010791,9854
C18_183.0773395_114.8955113,0.11846796393456904,0.9063300435546492,1,0.03478762335253803,9855
C18_183.1026982_23.06433647,2.0741782539510725,0.044989863333100434,0.5552166166245152,0.2927524396244523,9856
C18_183.1388354_92.04143409,2.67403538800887,0.01104277998379332,0.3048741977146031,0.6866741113977237,9857
C18_183.9918147_40.39684529,0.09155502029057307,0.9275395724702235,1,0.07475818269624203,9858
C18_184.0130371_18.69169531,-0.9806943383387466,0.33303677781809704,0.9523130286716972,-0.45492103362466835,9859
C18_184.0192873_18.74478766,-0.8035469124863047,0.4267297080817891,0.97349571258361145,-0.5140518185048382,9860
C18_184.0593645_24.01160722,0.6447487577624108,0.5230201578276025,0.9824083431236167,0.4143353087197842,9861
C18_184.0622138_227.2277337,-0.2083981917224266,0.8360473617931704,1,-0.07276772065090133,9862
C18_184.0681688_281.50884,-0.2633499900510271,0.7937244251139028,1,-0.0992793076735097,9863
C18_184.0681708_121.0791172,-1.523726484694138,0.13597780452143335,0.7761420841359271,-0.8561954221199153,9864
C18_184.0727454_23.59193719,-0.8720781161520584,0.3887226642027213,0.966883004215445,-0.25453019922531406,9865
C18_184.0728075_125.3992305,-0.5708756900652359,0.5714938645623711,0.9913379189285378,-0.21367564847510828,9866
C18_184.0977005_190.0496537,0.9569230148688583,0.34474306602310034,0.9568751885552839,0.21538035928911278,9867
C18_184.0978779_21.3525799,-0.36134822938509104,0.7198698193794687,1,-0.09814690913114422,9868
C18_184.1421585_87.29890187,2.101847974784536,0.042349722396361776,0.5409058039405231,1.7657345527933626,9869
C18_184.9497836_137.6771221,-0.8113919759927664,0.4222677423100314,0.9720647144923827,-0.13664770045135588,9870
C18_184.9597271_28.71718958,-1.544434425731297,0.13089230057922746,0.7695072627505222,-0.538236954657035,9871
C18_185.0454805_135.9253609,-0.9651365443035239,0.3406677488038031,0.9548421648006685,-0.4017674761436512,9872
C18_185.0567136_17.34591912,-0.9120596879720543,0.36757131446642066,0.9637531830220828,-0.35686049559915817,9873
C18_185.0606283_135.4365307,0.6765112053651554,0.5028732981344863,0.9781047779839798,0.23062647060425293,9874
C18_185.0762601_23.1942948,-0.7123249523352648,0.48067815992746166,0.9781047779839798,-0.1659041362681262,9875
C18_185.0817397_21.85188284,2.1178408884388364,0.040886731166859,0.5348297640560824,0.41525161557032597,9876
C18_185.0928679_116.7514703,-0.7042995898655515,0.48560303029656005,0.9781047779839798,-0.2672410479072239,9877
C18_185.0930993_17.6635006,0.560744746339814,0.5783112714684262,0.9913379189285378,0.17990515344778102,9878
C18_185.0970639_25.07338749,-1.59773451953366,0.11850658661859842,0.7526359751416197,-1.2723413263001895,9879
C18_185.1182588_22.94548489,1.0404745821792563,0.3047903866316947,0.9402374180413365,0.2873617426083595,9880
C18_185.1545239_150.3181974,-1.4025317254621315,0.1689922276044008,0.8316096347034753,-0.3694262953784125,9881
C18_185.9720473_17.56051251,-0.9056901300985871,0.37089016136357555,0.9637531830220828,-0.3390002858897253,9882
C18_186.0382341_27.96874664,-7.225921253722639e-16,0.9999999999999994,1,-1.0691735646725e-16,9883
C18_186.0405035_115.264897,-2.160494740152351,0.03720060015515864,0.5220805529735174,-0.6978002511295339,9884
C18_186.0557974_115.9122601,2.7694215455115025,0.008685819878233898,0.270839957509612,1.1156075744721476,9885
C18_186.0852087_118.5275335,0.1429940029124177,0.8870615256027468,1,0.06369265663389159,9886
C18_186.1215107_125.9405242,1.7531023641414882,0.08776755797386303,0.6977778646464091,0.5742509189504733,9887
C18_186.1578532_149.0639497,-0.6162910907082267,0.5414306731923656,0.9844101439284977,-0.18241439234672038,9888
C18_186.9388346_30.00396111,-2.3943554518980212,0.02176540760446359,0.42162090439719235,-1.196162975823026,9889
C18_187.0011974_23.22930029,-0.534499802734232,0.5961549913428998,0.9924074341965825,-0.3378394172908181,9890
C18_187.0070258_22.81808249,-0.6703623582742877,0.5067399253540066,0.978476429118909,-0.30233096813840593,9891
C18_187.0131966_22.42762036,-1.1088872223639803,0.27454929758315033,0.9222085663954013,-0.5001803473722467,9892
C18_187.051067_125.2071295,-0.3560638275994294,0.7237908425790143,1,-0.14849709592640695,9893
C18_187.0612562_108.4044002,1.8327263461221555,0.07480295336686259,0.6753760904559835,0.5593682111393804,9894
C18_187.0794643_164.3509647,-0.3440037942378244,0.7327675261790393,1,-0.13592876475684487,9895
C18_187.0975726_20.64386967,0.07731577883506871,0.9387839411892812,1,0.017937217240798567,9896
C18_187.1338267_26.54498339,0.7004323949651796,0.48798629477081745,0.9781047779839798,0.22025014002709262,9897
C18_187.9877703_17.65311636,-0.2933829615924946,0.7708491402853299,1,-0.14767170063412038,9898
C18_188.0064441_23.00487704,-0.8263132235047554,0.4138600197488699,0.9702967640516138,-0.48407829777249556,9899
C18_188.0103161_22.50456895,-1.0379578782694105,0.305945182370149,0.9402374180413365,-0.48561067884242154,9900
C18_188.0240574_17.99458536,-1.520432312556351,0.13680124132972088,0.7779226785502213,-0.5009651580145167,9901
C18_188.0351366_111.6641242,0.6052001316298137,0.5486960721824764,0.9857989553982086,0.20379142230426597,9902
C18_188.0458723_23.14726605,-0.12752673598928801,0.8992058291745169,1,-0.05849850147271416,9903
C18_188.0575185_218.0250475,-0.3407339823270155,0.7352079867171173,1,-0.14920716972931833,9904
C18_188.0840814_26.65237744,-0.8829895273726476,0.3828750276042343,0.9638726330536317,-0.6992792183076164,9905
C18_188.0939682_254.9906332,-0.6089321165822568,0.5462457642649383,0.9857989553982086,-0.21467461066493587,9906
C18_188.9391235_133.9020972,-0.07693420063840736,0.9390854491466726,1,-0.026523590601977513,9907
C18_188.9862071_22.22186554,-0.8811528600757993,0.383855389420632,0.9641462546882261,-0.7379839701641685,9908
C18_189.0028114_22.60407669,-1.2654556150101004,0.213524844060474,0.8700201576306809,-0.5828882238191245,9909
C18_189.0111977_22.72073277,-1.1567343445936025,0.2547063390275685,0.906578756633341,-0.5357518419571308,9910
C18_189.0404913_19.89758236,0.45789812561239446,0.6496714456877462,0.9965858111391217,0.16580849673480857,9911
C18_189.0405097_125.2137454,1.9912653574579795,0.05378361637573707,0.6000998673741686,0.4962292667354927,9912
C18_189.0666802_125.5260037,0.8375637346968136,0.40758931976356594,0.9676316311691489,0.33311686112093686,9913
C18_189.0779496_169.4175851,0.2780343901841869,0.7825152518321856,1,0.06678137033251613,9914
C18_189.0880437_17.75328629,-0.5588829520599213,0.5795684425701509,0.9913379189285378,-0.2325495836746719,9915
C18_189.091925_272.4264391,-1.349965189871845,0.18513046528285226,0.8467345678477594,-0.49647705738261266,9916
C18_189.0949254_101.3314929,0.3147291418339232,0.7547141800706253,1,0.13546134221450729,9917
C18_190.006075_22.95398788,0.4804972503478056,0.633668913719117,0.9947980550876518,0.3926770562070394,9918
C18_190.0507881_131.2875163,-0.1762958612378239,0.861011416915319,1,-0.04877180475353891,9919
C18_190.0508693_22.67780464,0.05588476886754268,0.9557306970499243,1,0.014336567339575286,9920
C18_190.0619846_186.8065609,2.4369674703305058,0.01967781263083153,0.4041845899822696,0.9390665830169388,9921
C18_190.0732743_225.6190946,-0.6387958223295763,0.5268435459838265,0.9824083431236167,-0.27855530547901325,9922
C18_190.099674_125.1522776,0.6032308813258178,0.5499912940090923,0.9857989553982086,0.41583187506563274,9923
C18_190.0996987_276.0559339,0.33772102902258555,0.7374592035621699,1,0.18746001240050347,9924
C18_190.9548108_21.29597488,0.1455166794408337,0.8850833511219751,1,0.07388098340912964,9925
C18_190.954835_146.4862917,-0.6444216624406512,0.5232298556968783,0.9824083431236167,-0.17926277818830988,9926
C18_191.0460932_27.12466735,1.1110071073075636,0.27364749887636597,0.9212133579231264,1.158430803326729,9927
C18_191.0561192_15.73749271,0.2996686296101596,0.766086892773055,1,0.11770392648833844,9928
C18_191.0568615_153.2891139,0.9519735426398864,0.3472144141421828,0.9574386235069654,0.17298912756384868,9929
C18_191.0711932_129.3081719,1.7785712736003656,0.08342925723926296,0.6948552844377854,0.7264341201383095,9930
C18_191.0936674_208.4985877,1.1448564341537057,0.2595328062019224,0.9109329581933976,0.5548864943285694,9931
C18_191.107628_165.4647497,0.9789809429364896,0.3338715165643298,0.9524462548076305,0.3359958755254473,9932
C18_191.1438962_284.4849771,-1.1388895705005302,0.2619820988383763,0.9131550993531528,-0.6309081022477238,9933
C18_192.033619_19.57741296,-1.0205183840707837,0.31403020404354764,0.9427507176617874,-0.6466898427768453,9934
C18_192.0664226_131.2492408,0.688582726372818,0.4953296936502538,0.9781047779839798,0.30362538864155963,9935
C18_192.0665254_22.75122287,-0.476845609080302,0.6362428756773624,0.9953585489094753,-0.12204718048177701,9936
C18_192.0784996_143.8669709,1.297754364358001,0.2023084735563717,0.8647457759331585,0.5744085679766202,9937
C18_192.1113463_127.0576243,0.6945503052259367,0.49162384786996616,0.9781047779839798,0.2983242596737802,9938
C18_192.1153952_118.9153374,1.6138143695820037,0.11496343925317548,0.7431494741291776,1.0272076147872375,9939
C18_192.1154147_267.9939684,-1.7479456394212265,0.0886686102357462,0.6991326024755875,-0.6513012714955392,9940
C18_192.1206106_103.8627433,-0.5152666029268035,0.6093950771909104,0.9928201179984223,-0.3864509312954291,9941
C18_192.9030224_154.6871278,-1.038024401169189,0.30591461939234615,0.9402374180413365,-0.20106549796851414,9942
C18_192.9573686_92.93742485,0.6555413891950405,0.5161263568622253,0.9824083431236167,0.35580716110507693,9943
C18_193.023997_17.80332336,2.0940345611582294,0.04308108101559127,0.5457830881143292,1.6317763785908534,9944
C18_193.0354273_19.35234337,-0.3287665299007261,0.7441635967079769,1,-0.14452537604683083,9945
C18_193.0503689_129.2035676,-0.7360327081882874,0.46629620850689535,0.9773834678378885,-0.3809304819947016,9946
C18_193.0728645_176.0933724,0.665301030005893,0.5099348412222846,0.9802142331323181,0.26330409998794785,9947
C18_193.0868567_143.9043841,0.9042797074748109,0.37162766906223654,0.9637531830220828,0.3007277032222033,9948
C18_193.0869146_25.17562214,-0.009921320574142602,0.9921367256008703,1,-0.003906308724102826,9949
C18_193.1186609_268.2505311,-0.6060447561512565,0.5481410234229986,0.9857989553982086,-0.28507871672050966,9950
C18_193.1186788_118.8454531,1.6001437944894383,0.11797010252863564,0.7512404988750977,0.8536266443905878,9951
C18_193.1231961_273.2906762,-0.6366931714065887,0.5281975541147692,0.9824083431236167,-0.21764771779652486,9952
C18_193.1232131_160.0201552,0.5353671561871363,0.5955611326088934,0.9924074341965825,0.20903705634678885,9953
C18_194.0387335_18.73138934,1.2419628609663556,0.22197204209737204,0.8798719757146458,0.7146148507906187,9954
C18_194.0428646_287.16648,-0.6862614144173376,0.49677540352879224,0.9781047779839798,-0.2776886064887872,9955
C18_194.043513_120.2046256,-0.5957360872196426,0.5549350845729786,0.9865304209500617,-0.2196922215633608,9956
C18_194.0820307_151.636603,0.20057607436047123,0.842115385143153,1,0.09245595024142586,9957
C18_194.1264737_141.269984,0.13874341268955526,0.8903963058198738,1,0.0513948971317945,9958
C18_194.9055331_107.8724944,0.4186598322502576,0.6778561174134009,0.9996367449012522,0.17086331877842467,9959
C18_194.9274684_17.23509431,-0.10303931070384945,0.9184815643647246,1,-0.08429081838024904,9960
C18_194.9396708_142.6059485,-0.013202822917007992,0.9895360632021073,1,-0.0031074738577550453,9961
C18_194.9885684_47.21488373,0.4222530533626457,0.6752547324309032,0.9996367449012522,0.08680663331392305,9962
C18_195.0351404_19.63379692,-0.466990796252546,0.6432120904112919,0.9955023063019077,-0.26761052360111864,9963
C18_195.0458981_18.92868899,-2.112854420628617,0.04133802827749487,0.5371727662805484,-1.0886143443468415,9964
C18_195.0511027_20.18745012,-2.6657261858403185,0.011273893163328896,0.3069546994729583,-1.2583262981479981,9965
C18_195.0565238_19.17489676,-2.0696482824075546,0.04543558443444305,0.5580868111533231,-1.0303086750188182,9966
C18_195.0655769_17.97975975,-3.0180751609929315,0.004557763720141273,0.2100369120652223,-0.9449835071613675,9967
C18_195.0660674_123.1901035,-1.8907005007806745,0.06642025077260306,0.6453074456633235,-0.6826842362712711,9968
C18_195.0662031_267.7590666,1.2913696814189322,0.20448953262836944,0.8647457759331585,0.43086192232225046,9969
C18_195.1024383_24.18595001,-0.8743880630678353,0.3874800198232927,0.9661464710102153,-0.15613068490367418,9970
C18_195.1387155_282.9371524,0.3262838942830551,0.7460259940742172,1,0.13899074688524182,9971
C18_195.1387815_87.13634959,3.8727277125142927,4.177193595787181e-4,0.06497397167308575,1.6442783893712867,9972
C18_195.1389476_153.8691622,3.3398839594515626,0.001906779058922727,0.12699856034871324,1.0843294004163537,9973
C18_195.8109098_19.7236364,-0.9143229800512399,0.366396678730457,0.9637531830220828,-0.667484562650094,9974
C18_195.983811_50.48614879,-0.7893452914903877,0.4348794164974862,0.9745124110909839,-0.30777917296595275,9975
C18_195.9920146_49.5285427,1.1070535388670588,0.2753310479261551,0.9227236778686373,0.21338388644921483,9976
C18_195.9964092_49.35326192,-0.03873839174012293,0.9693047382632047,1,-0.010862843569338749,9977
C18_196.0543896_19.66337114,-2.6991829951354522,0.010369733895354392,0.29565974500184666,-1.3262058297157466,9978
C18_196.0593851_286.1751615,-1.1290336737366784,0.2660640805569658,0.9156334513800509,-0.3545891604322055,9979
C18_196.0727269_153.0469431,0.28922491940840755,0.7740043814309071,1,0.09963058535058929,9980
C18_196.0745154_20.49213469,-0.5204529235593102,0.6058114396236365,0.9928201179984223,-0.43532917822696887,9981
C18_196.1422277_85.6672444,2.3218256014400582,0.025783700142512894,0.4520171679135469,1.7383760290289585,9982
C18_196.8999989_147.3949951,0.35437019856127644,0.7250491180236762,1,0.1919270975939791,9983
C18_196.9258174_83.95308349,-0.570329984843401,0.5718600700019798,0.9913379189285378,-0.24627249118727695,9984
C18_196.9468128_72.44315574,-0.31552075777189237,0.754117906225076,1,-0.10547483901897774,9985
C18_196.983192_68.32220421,-0.006392537379938533,0.9949334596827599,1,-0.0020523670299035643,9986
C18_197.022192_20.02757332,-1.2851041295041088,0.20664714920348182,0.8673174277697767,-0.3028705571205953,9987
C18_197.0439123_21.5205355,0.47619061530043527,0.6367050514300376,0.995366335059952,0.41022832532630243,9988
C18_197.0454614_106.5134028,1.3944755646204423,0.17139180814081503,0.8323231239234016,0.5213848117982441,9989
C18_197.0552121_19.74302801,-2.5932178645105197,0.013488459646796014,0.3337066158286069,-1.2152826885877157,9990
C18_197.0679413_22.93862975,-1.0201392008574248,0.3142076049308684,0.9430387201808202,-0.3406369006540674,9991
C18_197.0819153_19.80590644,1.9669652356970486,0.05662896858949932,0.6133199145431344,0.4539343786870154,9992
C18_197.082007_266.8666373,0.172664156523447,0.8638452033832845,1,0.055335360598900034,9993
C18_197.1182252_242.559497,1.3314218138086444,0.19109833861747436,0.8507713974810356,0.26194365283165383,9994
C18_197.1545632_136.0282252,1.4740024141685968,0.1488378879794806,0.8014900281899261,0.6940875700595351,9995
C18_197.1909758_159.4161933,-1.3113978005842013,0.19770695238098351,0.8592309077363763,-0.5970838440664539,9996
C18_197.8079445_20.39771434,-1.8728497526512995,0.06891122871821283,0.6521659055199539,-1.130236971001869,9997
C18_198.0257535_17.59058709,-0.6656421498029411,0.5097191684041182,0.9802142331323181,-0.24776585584886393,9998
C18_198.0407392_110.4087842,0.5782968046149383,0.5665253454166927,0.9913379189285378,0.16851149638121982,9999
C18_198.0520185_115.8960242,1.3961814353668092,0.17088150060224525,0.8323231239234016,0.7248019267595233,10000
C18_198.0584489_19.34824136,-1.0528885415651028,0.29913828359184624,0.9392638295536324,-0.7185573666788446,10001
C18_198.0748327_23.95192879,1.2798446421641965,0.20847155447028204,0.8683661493536527,0.532050990498742,10002
C18_198.0780048_149.7055913,-0.9460183977598827,0.35020341800412036,0.9578247927857968,-0.18063281315782131,10003
C18_198.1134665_117.4469227,-0.31063433985840927,0.7578009548115696,1,-0.10318462561827016,10004
C18_198.1579178_124.8755745,3.7429423014306415,6.092001195515791e-4,0.06985791151938181,2.258713987107504,10005
C18_198.8921238_26.42464672,-0.6607653471974014,0.5128072402490305,0.9813864958353354,-0.28360713832565065,10006
C18_198.9655308_135.3131052,1.6547765810825221,0.10632809655668128,0.7270102455490702,0.39608416577394445,10007
C18_198.9754438_31.18148728,-1.2949230092068653,0.20327350125085827,0.8647457759331585,-0.5096014799092285,10008
C18_199.0069158_184.6849784,1.6020816161858251,0.11754003884520141,0.7503267006331223,0.43899105376099967,10009
C18_199.0070648_23.06442283,-0.5667358431934079,0.5742748795960597,0.9913379189285378,-0.43634266606403166,10010
C18_199.0192664_19.54209122,-0.1866496581157234,0.8529427815676406,1,-0.04923538214649012,10011
C18_199.0378799_21.22957425,-0.7970792049000923,0.4304297097993338,0.9742203846590763,-0.4303278702171766,10012
C18_199.0618915_214.7538095,0.21070531638206777,0.8342595244853811,1,0.0785602965062119,10013
C18_199.0724486_133.8933123,-1.9674777198968396,0.056567640573981094,0.6133040948359164,-0.6482557223824952,10014
C18_199.0976521_21.31529952,1.2913727259465564,0.20448848836883285,0.8647457759331585,0.22129712310805888,10015
C18_199.0977418_232.2524932,-1.8349123758488675,0.07447126595927785,0.6747716156497422,-0.475055839468724,10016
C18_199.1703575_161.2340575,2.91331808256795,0.00599989354801069,0.23131872525966404,1.484011512415935,10017
C18_199.1758499_161.3974243,2.8343334555916497,0.007359092369343077,0.257384708094226,1.5143206229034167,10018
C18_199.8050955_18.85796931,-0.4277536297700046,0.6712802951407382,0.9996367449012522,-0.22428772388564755,10019
C18_199.9452007_169.2093142,1.1139615066482051,0.27239421469446473,0.9208765037336004,0.31985287823299674,10020
C18_199.9692903_19.03964768,-1.8007884399716692,0.0797937598828504,0.6911349530212022,-1.156105122853633,10021
C18_200.017656_121.8937844,3.7006788310672205e-4,0.9997066928505213,1,9.544892789238855e-5,10022
C18_200.0176769_18.4358704,1.9491754978606266,0.0587938003795453,0.6207029881915628,0.8716648680806504,10023
C18_200.0387843_22.59145381,-0.5559796809151039,0.5815315261157749,0.9913379189285378,-0.5412718635750843,10024
C18_200.041334_19.0707865,1.5889343587124842,0.12048309138369939,0.7568130210467483,0.7883992310121195,10025
C18_200.0569929_198.5759923,-1.105592347032359,0.2759551253093247,0.9227236778686373,-0.3943689423782505,10026
C18_200.0940545_281.5443061,1.58865764774709,0.1205456730912506,0.7568919581483816,0.45296778229546,10027
C18_200.1372757_124.9420563,-0.809432926243811,0.4233793006192027,0.9724257019093233,-0.2351841993514621,10028
C18_200.1736113_162.0209023,2.896290269541725,0.006271345925665276,0.2352344449939078,1.1330129661570574,10029
C18_200.923803_155.0228873,0.22726157237656155,0.8214564480390101,1,0.043026206903971846,10030
C18_200.953595_40.07359824,0.38728089828041906,0.7007405233616817,0.9999159889500627,0.15299960711667307,10031
C18_201.0227186_23.33729228,-0.2800718630685272,0.7809636147767449,1,-0.4105052956335128,10032
C18_201.0350233_21.77434611,-0.3246917117594132,0.7472212146363114,1,-0.16220262195334573,10033
C18_201.0403451_147.0304851,-0.7873365533665811,0.4360396493556036,0.9745124110909839,-0.24152353318571543,10034
C18_201.066811_143.1268064,0.3954734746910446,0.6947373560269514,0.9999159889500627,0.2040460559611616,10035
C18_201.0772757_16.27838183,1.1961876858468905,0.23914193402185155,0.8953574317167036,0.3378483616281679,10036
C18_201.0774335_194.6703635,1.0872952436996626,0.28385489612163345,0.9295944216943315,0.2856183262686162,10037
C18_201.0921526_136.9261371,-1.2254837846738373,0.22804432507211245,0.8841501349661616,-0.8256198283493725,10038
C18_201.1033215_22.51956935,-1.6064748573110046,0.11656978035234657,0.7473857008807168,-1.005092017459222,10039
C18_201.1132991_21.64207634,-1.1891168909012986,0.24187885335101572,0.8965589582842357,-0.23752294131557292,10040
C18_201.1495782_15.13941578,-0.476225886431547,0.6366801597164773,0.995366335059952,-0.13938610600331336,10041
C18_201.1496057_179.4696126,2.341133067312986,0.024653446453649645,0.44396893648848884,0.5351713301547824,10042
C18_201.1769606_162.3650019,3.3447461878115976,0.0018812938593382937,0.12699856034871324,1.7478592722993753,10043
C18_201.9905935_239.8108363,0.9732559137383854,0.33667083392298514,0.9540620942988052,0.5011970849526758,10044
C18_201.9905962_35.30135554,-0.44756635789953475,0.6570444178331316,0.9965858111391217,-0.19537519498996153,10045
C18_202.0260939_23.82971247,0.2086177655632648,0.8358771714955512,1,0.12932517659537354,10046
C18_202.0437291_150.1416006,-1.7874739726617928,0.0819560373228206,0.6948552844377854,-0.5141123472221997,10047
C18_202.0510264_22.42537819,-1.5698630066147987,0.12485864503060631,0.7639334341671284,-1.1167346402542344,10048
C18_202.0719526_14.29260733,1.5590008947973664,0.1274078226702501,0.767062863320257,0.41306989075176076,10049
C18_202.0730996_235.0082467,-0.8839450715373282,0.3823656165844763,0.9638726330536317,-0.3965608181380716,10050
C18_203.0020614_22.71730537,-0.6055233552465827,0.5484836302490157,0.9857989553982086,-0.23930017637059792,10051
C18_203.0203589_22.09431798,-1.0460749607712574,0.30223145189680384,0.9397496500337139,-0.5422579801743709,10052
C18_203.0423982_19.77263058,-1.447105164200692,0.15618682780970594,0.8151797605900822,-0.3900275284695241,10053
C18_203.0714176_25.21607397,-0.1972618887101922,0.8446893397274648,1,-0.15342408508708288,10054
C18_203.0825616_23.911741,-1.1930796455121522,0.24034216310606046,0.8961162212635817,-0.4234988374752854,10055
C18_203.09358_197.8440941,-0.5676745920675412,0.5736436743635293,0.9913379189285378,-0.20775173909850464,10056
C18_203.1107534_103.3622179,0.7046565943301658,0.485383347456524,0.9781047779839798,0.2440789105779033,10057
C18_204.0050178_20.83946077,-0.947908781330028,0.34925276274691097,0.9574386235069654,-0.45017830045546225,10058
C18_204.0513885_273.7338877,-0.3499832510512889,0.728311970914383,1,-0.1505808386597471,10059
C18_204.0661286_22.17827813,-1.068913592532229,0.2919502416536943,0.9341218526231237,-0.3153774462411624,10060
C18_204.0666163_104.373648,-2.0621462724264115,0.04618225281859423,0.5615504580341449,-0.6079264386771276,10061
C18_204.0862969_24.41606218,-1.895788565187009,0.06572452308232282,0.6415887934966203,-0.675938434214787,10062
C18_204.0888724_234.4842147,-1.2355063499887364,0.22433665813130643,0.8799075082512211,-0.42226783556652137,10063
C18_204.913146_133.1378416,-0.5120841016563582,0.611598962807749,0.9928201179984223,-0.12162763464400698,10064
C18_204.9704907_142.3550357,0.5363130104266732,0.5949138462345267,0.9921034274533279,0.13477633672844305,10065
C18_204.9812941_22.0409848,-1.5011727302376365,0.14169590800609283,0.7871438171059825,-0.5084158300163294,10066
C18_205.0175357_22.28361614,1.0177433426479974,0.3153300926496477,0.9434080661828157,0.8500055279948178,10067
C18_205.0394306_18.87945384,0.4885681453927438,0.6279962885162897,0.9947980550876518,0.38800043876236556,10068
C18_205.0440663_34.04037892,1.989783522654951,0.05395350456914317,0.6011415296320846,1.0350838417067918,10069
C18_205.0703271_19.29917302,-0.5804443578387,0.5650915659660598,0.9911473761431051,-0.09455499169906657,10070
C18_205.0728919_189.7782971,-0.03291824877136213,0.9739146021762881,1,-0.018590694440072858,10071
C18_205.0869688_147.3617145,0.07847958642339184,0.9378644031741363,1,0.02141363410799079,10072
C18_205.1232169_122.6662063,-1.64810687475646,0.10769657841808006,0.7299405333124399,-0.44001934307012264,10073
C18_205.1233203_270.8760543,0.3096981336010867,0.7585072597456033,1,0.1381236530126661,10074
C18_205.1345287_134.4126495,-1.7162750213744091,0.09437409189673178,0.7121317722762723,-1.0969210656968023,10075
C18_205.1596286_224.3172701,-0.1994762341781247,0.8429693803488248,1,-0.09166628394853443,10076
C18_206.0034889_36.09639107,0.8974087913581776,0.37523398146071607,0.9637531830220828,0.49669716451654355,10077
C18_206.0821944_111.6536686,0.5611572964978083,0.5780328788511178,0.9913379189285378,0.2136373907712296,10078
C18_206.0904073_25.66169416,0.3807681331934737,0.7055267331514459,0.9999159889500627,0.2621902331650568,10079
C18_206.0946951_119.6633245,0.2872406272544327,0.7755114930857184,1,0.21149916817520337,10080
C18_206.118533_119.4629809,-0.8478600796553315,0.40190238053571503,0.9669701703160376,-0.3933801386911645,10081
C18_206.1378564_134.586493,-1.236182761298625,0.2240880559277462,0.8799075082512211,-0.7900719876833212,10082
C18_206.1630608_202.0556956,-0.03401184958438209,0.973048337928467,1,-0.02075316022908131,10083
C18_206.860377_18.41291511,-0.26748343210584524,0.7905646079749755,1,-0.12862027485551697,10084
C18_206.9288203_18.82595672,-2.554089717907126,0.014843381199031022,0.3507296585992606,-1.3646062927475864,10085
C18_206.928824_137.5103602,-0.7018458626510636,0.48711444614923394,0.9781047779839798,-0.18840030598699312,10086
C18_206.9388729_20.73960246,-0.6148968185997861,0.5423412715234615,0.9844101439284977,-0.39004586501155825,10087
C18_207.0147483_17.69491949,-1.5723406654081504,0.12428300763165279,0.7633864733503855,-0.6447769804574182,10088
C18_207.0412159_22.07214279,0.13594130783036112,0.8925957915981744,1,0.0914344965187698,10089
C18_207.0509451_175.8210004,-0.9530849506116615,0.34665845215157276,0.9572455292742392,-1.0778433207287363,10090
C18_207.066164_115.6498435,-0.580680674860221,0.5649339036214002,0.9911473761431051,-0.21770877092274907,10091
C18_207.0874329_22.8480867,0.08473498099843602,0.9329234513218959,1,0.10706058673532846,10092
C18_207.1027563_26.06165178,-1.750180404460305,0.0882771741407823,0.6987283714390797,-1.2192550313388624,10093
C18_207.1388999_185.7414811,-0.34249857138801376,0.7338906186474896,1,-0.12687255896250882,10094
C18_207.138967_280.9811734,-1.4117919271312898,0.16626649874413493,0.8274419139233609,-0.4604318920086331,10095
C18_208.0445659_22.5553679,0.020090250056184106,0.9840780369465094,1,0.011919859409281648,10096
C18_208.0614587_109.5518515,0.5998699860120709,0.552205447241291,0.9858134543858914,0.25464812623074407,10097
C18_208.0825279_108.7192177,-0.4019409388442152,0.6900122823919199,0.9999159889500627,-0.16906897989224953,10098
C18_208.0978345_174.9477293,-0.23837280920526577,0.8128914800580368,1,-0.0649372877261864,10099
C18_208.1059936_125.9880342,-0.17008488284577292,0.8658588970241271,1,-0.05377016987935599,10100
C18_208.1061194_26.55476213,-1.7706497976338222,0.08475880413895255,0.6959761542836904,-0.9434563980057368,10101
C18_208.1103399_261.2634485,-1.1406617110090382,0.26125293761251933,0.9127169525485369,-0.4730661346145907,10102
C18_208.1103573_119.3094573,0.8850624067011977,0.38177050163198845,0.9638726330536317,0.4257315682941126,10103
C18_208.8574855_18.48238569,-0.16902208754766948,0.8666889083197835,1,-0.09602089962421717,10104
C18_208.9209874_132.7511949,0.24577690751188125,0.8071969480621031,1,0.11043954572359013,10105
C18_208.9210371_21.00227542,-0.5991078989958131,0.5527081417078887,0.9858134543858914,-0.2457778735935563,10106
C18_208.9269187_90.16878794,0.17090847868310574,0.8652157991434333,1,0.08269834344403994,10107
C18_208.9345049_134.1286001,-0.05238130641993461,0.9585032842389962,1,-0.014145156261437782,10108
C18_208.9762329_146.2682323,-0.7001644781046756,0.48815164870540895,0.9781047779839798,-0.1254658882841701,10109
C18_208.9847619_22.93446672,-1.3947927087382062,0.17129684544376791,0.8323231239234016,-1.9656755465147073,10110
C18_209.0044364_51.38559492,1.356054518343093,0.1832023156647095,0.8460463584863603,0.3097598482232024,10111
C18_209.0101451_50.34369364,0.12619849032370772,0.900249905616985,1,0.04167292839122874,10112
C18_209.0303221_18.17846922,0.0644265752691121,0.9489732460944191,1,0.027061914907055888,10113
C18_209.0564315_99.0923274,-0.18596027320233122,0.8534795269009532,1,-0.0628326063527689,10114
C18_209.0667554_22.29264071,-0.2826206164798206,0.7790238896722695,1,-0.10057795086820358,10115
C18_209.0818543_136.5563483,-0.3292022379313422,0.7438369020228017,1,-0.12281042857425063,10116
C18_209.0820064_20.47457803,-0.4883802380070416,0.6281281012876847,0.9947980550876518,-0.18648980226539769,10117
C18_209.1094205_28.08644289,-0.49322390207539263,0.6247343318560713,0.9947980550876518,-0.3202910629482303,10118
C18_209.1137304_121.1360135,1.0227499518720278,0.3129875539044651,0.9421850854569164,0.4652924491327057,10119
C18_209.1183077_237.8762975,-0.9335997876787433,0.3564910278626484,0.9588670540445742,-0.22382238189041057,10120
C18_209.1183399_20.49399003,0.1214406902267076,0.9039912673307159,1,0.027332982753831163,10121
C18_209.1546221_160.1249349,-1.728687221839942,0.0921025313764991,0.7091629778337872,-0.55772277714706,10122
C18_209.1911985_211.8647361,0.900924578112804,0.37338586100139703,0.9637531830220828,0.6069614150180285,10123
C18_209.9758252_137.3038039,-0.24904821178825587,0.8046843327513494,1,-0.06753191488012011,10124
C18_209.9904537_125.7389286,-0.18905845367336035,0.8510678852819257,1,-0.14980493504397804,10125
C18_209.9995796_49.74278182,0.4878258662659599,0.6285170523983017,0.9947980550876518,0.14380417366158668,10126
C18_210.0077333_50.74923549,-0.025012252294388984,0.9801779953382003,1,-0.005371468398574768,10127
C18_210.0686035_34.83686864,-1.2364211600749686,0.22400048581431026,0.8799075082512211,-0.6866049476224447,10128
C18_210.0783745_233.8688037,-0.8082211509800881,0.4240677489841136,0.9724257019093233,-0.33887958218384145,10129
C18_210.1216201_113.2422139,0.028547050599187863,0.9773774295068154,1,0.015990996578793628,10130
C18_210.1259231_287.8815192,0.6011033395212777,0.5513923869946511,0.9858134543858914,0.2636785928393732,10131
C18_210.913722_154.3482955,-1.4002867405066524,0.16965826102472487,0.8316166242428792,-0.5261744357506309,10132
C18_210.9181379_25.67671611,-1.0927555535249938,0.28148090010676796,0.9295944216943315,-0.6610116875713167,10133
C18_210.9315817_146.6952854,1.3961120972612866,0.17090221983729253,0.8323231239234016,0.48582114533056514,10134
C18_210.9555725_146.2946074,-0.02705770978643051,0.978557377821136,1,-0.0039018161627488957,10135
C18_210.9625754_66.49028346,-0.08515933861185203,0.9325883588786036,1,-0.032778022674806076,10136
C18_210.9730933_136.5582423,1.6761581132546601,0.10203745940090812,0.7221704866666782,0.7509361094005959,10137
C18_210.9936969_126.169941,-1.2164301983992711,0.23143240867321777,0.8876472510391238,-0.5341810827996256,10138
C18_211.0085831_51.6494144,0.7991474222439441,0.42924443594756245,0.9742203846590763,0.16943523473293545,10139
C18_211.0399707_128.7887874,-0.7111496519682665,0.48139762483584403,0.9781047779839798,-0.2783559479346096,10140
C18_211.0555429_97.94873997,0.08175385619825047,0.9352778308314077,1,0.028349857485672782,10141
C18_211.0611602_111.5858253,0.09374456896137202,0.9258118171572334,1,0.040204180993610186,10142
C18_211.0720567_35.41952977,1.5968645597077342,0.11870079292003687,0.7528419284512633,0.7012381084254133,10143
C18_211.0834624_24.6488313,-0.5600656672334676,0.5787696630569008,0.9913379189285378,-0.2864449215893852,10144
C18_211.133934_159.7711355,-0.20574491693307545,0.8381045273273644,1,-0.03688771759977817,10145
C18_211.1340961_29.89203512,1.4213743213700731,0.16348226916333966,0.825749576788019,0.29299136575375084,10146
C18_211.1703205_169.7582432,2.4335416716303757,0.019838667364253285,0.40423536224697676,0.42172502946567975,10147
C18_211.2066201_179.8939653,1.073748779856705,0.2898053191529521,0.9318495272736553,0.34537890460153275,10148
C18_211.9862025_126.8802266,-1.157641111592159,0.25434056926943155,0.906563406245264,-0.5144967063175494,10149
C18_212.0023784_22.15928053,-0.7130889642236057,0.48021079400200084,0.9781047779839798,-0.39701285642414935,10150
C18_212.0209_22.1489069,0.2764792567949174,0.7837001698700695,1,0.22501515162126626,10151
C18_212.0676194_182.6018898,-0.9597474225291034,0.3433380399789586,0.9561851813631342,-0.26361204615169537,10152
C18_212.0749923_153.2315646,-3.2181549523832715,0.0026633313741932256,0.14890012771735078,-0.6606358275455628,10153
C18_212.0907377_27.57750536,2.0271021163412883,0.0498142432535317,0.5792468640695745,1.0907811795139766,10154
C18_212.0940678_277.9764114,0.8754773050085312,0.38689493334145053,0.9661464710102153,0.324903323765522,10155
C18_212.1736049_157.5708034,-0.3800174083152439,0.7060792230045774,0.9999159889500627,-0.22741109029249298,10156
C18_212.8396572_21.2333389,-0.8620540657489698,0.39414433414353633,0.9669701703160376,-0.5947170236554028,10157
C18_212.8871074_20.80040006,0.788719584883808,0.4352406211957698,0.9745124110909839,0.6466398924992587,10158
C18_212.9593218_15.76578482,0.5960735736038164,0.5547119833395908,0.9865304209500617,0.45224055130451696,10159
C18_212.9991469_123.6081492,0.9029007797872993,0.37234962238577685,0.9637531830220828,0.45913979212289563,10160
C18_213.0058852_22.62137623,-0.8177456139405143,0.418674972733054,0.9716822081080376,-0.6473340201453375,10161
C18_213.0173369_21.20393337,-1.0926329183112835,0.28153406427981115,0.9295944216943315,-0.3156762572304685,10162
C18_213.0227711_24.32909319,-1.6847947876529796,0.10034546053830666,0.718134185467518,-1.0738637064636973,10163
C18_213.0255404_142.948176,0.20539054438429263,0.8383793707779909,1,0.09531227214838914,10164
C18_213.067094_132.1738897,-0.9391371475273915,0.35367833952235384,0.9588670540445742,-0.2739608791111918,10165
C18_213.0710526_36.90837605,-0.19586769110918925,0.8457726575661949,1,-0.04127896379218622,10166
C18_213.0769741_164.9850844,1.3373395351053068,0.189178017261698,0.8493817236871323,0.4676293894440845,10167
C18_213.0857957_58.54128995,2.2378751172813836,0.03125865382147936,0.490582868666774,0.8977765343423217,10168
C18_213.0892484_246.2276325,0.04840861292134656,0.9616478439510323,1,0.020892293368435615,10169
C18_213.1033247_114.1417267,-1.8980007940422057,0.06542398370711891,0.6415887934966203,-1.5385599631394817,10170
C18_213.1497065_37.70407474,-0.09311190195685816,0.9263110126017656,1,-0.02975704231506963,10171
C18_213.1858355_269.9408677,-0.37114108167048837,0.712623832478634,1,-0.10137731249078978,10172
C18_213.1860185_177.6238279,-1.507055541869511,0.140186203729497,0.7851055614738052,-0.4067523471269157,10173
C18_213.9709139_28.90720146,0.31322746096158754,0.755845718356558,1,0.2129976677132636,10174
C18_213.9982832_22.14733106,-0.3871986925249969,0.7008008596404596,0.9999159889500627,-0.32437055039624335,10175
C18_214.0036161_17.4900733,-0.9884989119004746,0.329252262507127,0.9506069103298993,-0.37212041749762065,10176
C18_214.0251362_106.7062248,0.829196794343554,0.412247166005293,0.96978156031432206,0.397686040135722,10177
C18_214.0734056_214.9569755,-0.5014296300163091,0.6190037757915134,0.9946352989347117,-0.2811505388344753,10178
C18_214.1893475_173.7735239,-0.3252464811497793,0.7468046880378645,1,-0.04956559217219974,10179
C18_214.8367494_20.65625968,-0.7002719188007684,0.48808533427685763,0.9781047779839798,-0.5806115707109916,10180
C18_214.8841775_20.64856489,0.1421040310948166,0.8877595786533652,1,0.15079590262441095,10181
C18_214.9139729_97.02989266,-0.9990618427872741,0.324176537961159,0.9506069103298993,-1.0330937511311324,10182
C18_214.9395401_138.132206,-0.5344458816599976,0.5961919192397884,0.9924074341965825,-0.12588277794383096,10183
C18_215.0147936_21.4820414,-0.9316851284321771,0.3574669779279548,0.9588670540445742,-0.3441055929852556,10184
C18_215.022792_158.9785111,-0.23714388731578048,0.8138376564864731,1,-0.08964462488156609,10185
C18_215.0269849_21.18722082,-0.5290213950806218,0.5999124124880929,0.9927179766037689,-0.21356366618288075,10186
C18_215.0329123_21.86606296,-0.34009842953406094,0.7356826625693886,1,-0.11661671494344224,10187
C18_215.0420284_21.07499737,-1.1219795541960542,0.26901349742346886,0.9185780391297615,-0.4354656929393195,10188
C18_215.0539436_18.35911603,-1.0934904261818639,0.2811624704711153,0.9295944216943315,-0.38976983538638055,10189
C18_215.0674149_16.3609971,-0.933058549966728,0.3567667330702028,0.9588670540445742,-0.3674663294013736,10190
C18_215.092666_179.9113381,-2.0831939208948236,0.04411417826145054,0.5509677663408914,-0.8288629443190108,10191
C18_215.165187_78.53588226,0.9328866944464574,0.35685430509456284,0.9588670540445742,0.28942247160386736,10192
C18_215.1652088_171.7325538,2.134275956327518,0.03942988917404317,0.5337297233059277,0.48123679514740575,10193
C18_215.913589_169.0083353,-1.3898175801865937,0.17279127990093854,0.8328305719552533,-0.5063165917924568,10194
C18_216.0190526_17.71911445,-0.9223127191527393,0.36226955354342194,0.9626377077030303,-0.3529015684645318,10195
C18_216.0361723_20.81327929,-0.24534634375447392,0.8075278092411288,1,-0.0878158705536761,10196
C18_216.0707451_17.06709967,-0.2791264163764572,0.7816835071010216,1,-0.12064241968939651,10197
C18_216.0889486_218.6358809,-1.079794227050291,0.28713907924487786,0.9299488484623218,-0.4251460471367723,10198
C18_216.8976588_88.89113781,0.035455411932697085,0.9719049126000372,1,0.02109414028058257,10199
C18_216.9813465_17.84508044,-0.14246663005970298,0.8874751616981571,1,-0.1502626402372092,10200
C18_217.0179885_22.48742086,-0.8976033914563573,0.3751315338172476,0.9637531830220828,-0.5760892621211281,10201
C18_217.0239999_20.93492624,0.05112686950089886,0.9594961554690071,1,0.02870982215192327,10202
C18_217.0298979_21.01998045,-0.3030895124632388,0.7634989552294126,1,-0.10761667655649647,10203
C18_217.0366381_21.1386591,-0.48057265682280714,0.6336158097772884,0.9947980550876518,-0.18039855324494194,10204
C18_217.0484146_21.07354092,-1.629454646362466,0.11160079050423913,0.736040478094709,-1.090426126210462,10205
C18_217.0550129_20.99237474,-1.5993910388096748,0.11813750870569009,0.7516971493586032,-1.443107949161492,10206
C18_217.0721523_15.99248476,-0.20619553717780215,0.8377550659933926,1,-0.089735216874392107,10207
C18_217.0727223_174.0247944,-1.1903280839454426,0.24140841141177546,0.8965589582842357,-0.4373265632950192,10208
C18_217.1264682_108.8690044,0.5799055478256303,0.5654511232009308,0.991222047296664,0.17438465875919373,10209
C18_218.0332433_21.05151314,-0.4038612501243441,0.6886117264521877,0.9999159889500627,-0.14814666712930374,10210
C18_218.0401937_21.29913529,-0.014952754330141592,0.9881492497368287,1,-0.00927412158300998,10211
C18_218.0517936_21.08355192,-1.5167895448774125,0.13771647109013693,0.779368069461834,-1.047381677792265,10212
C18_218.1033669_20.26250253,0.9464760348044375,0.34997312030502425,0.9578247927857968,0.9070223840724306,10213
C18_218.1184995_15.71392837,-0.5715866319451622,0.5710169482172636,0.9913379189285378,-0.16158423823923254,10214
C18_218.1185162_120.0277356,1.0835353510053913,0.2854977749209479,0.9295944216943315,0.32059949930852627,10215
C18_218.8740873_21.85216615,-0.5083588463293857,0.6141833608727398,0.9931667617408494,-0.3386691419796116,10216
C18_218.9498193_149.8086138,-0.9877772678308714,0.3296009737682575,0.9506069103298993,-0.3124720778883595,10217
C18_218.9632183_164.7859008,-2.399142412364578,0.021521278274973105,0.4189582177197366,-0.8384110232228658,10218
C18_218.9968661_22.32033678,0.645962729809582,0.5222422839326133,0.9824083431236167,0.3950430976898822,10219
C18_219.014304_16.65573053,-0.1474894316202445,0.8835369221293967,1,-0.058544742996773244,10220
C18_219.0145336_111.9515883,-0.5171152483719196,0.6081165774224642,0.9928201179984223,-0.18263743608400632,10221
C18_219.0354481_21.11876878,-0.05569696861356926,0.9558793055059415,1,-0.020481022598279,10222
C18_219.045622_21.19837961,-1.4676956868299817,0.1505359100892829,0.8024835926374735,-0.9859170772671926,10223
C18_219.0508648_157.3122652,-1.7965226778888217,0.08048121092835281,0.6939617698381066,-0.8271721288141256,10224
C18_219.0511654_19.88021197,-2.157241435507389,0.0374710148930219,0.5220805529735174,-0.7511641651825718,10225
C18_219.0883707_175.5604433,1.6778249587691763,0.10170908249643808,0.7218067398804172,0.9229023258566559,10226
C18_219.113843_45.46534702,-0.11324304708490948,0.9104427545999527,1,-0.07066058834523735,10227
C18_219.1753592_222.9547731,0.8885877411653242,0.37989671654971535,0.9638726330536317,0.42433581461862996,10228
C18_219.9628642_109.6486237,0.9978732015001631,0.32474504549125804,0.9506069103298993,0.7159485640532408,10229
C18_220.0494736_20.77150798,-1.1648788617169448,0.2514346465317296,0.9053010394091442,-0.4457750626076002,10230
C18_220.054425_109.022857,-1.1291691753045952,0.2660076531971099,0.9156334513800509,-0.45305838674800814,10231
C18_220.0978841_117.8621759,0.932411107107096,0.35709672248698754,0.9588670540445742,0.385627266883359,10232
C18_220.1467478_291.3715942,1.338180156603205,0.18890643721118947,0.8493817236871323,0.37618401298996246,10233
C18_220.1467717_21.66922249,0.15407871277743793,0.8783750029440216,1,0.062125507326222205,10234
C18_220.1468195_118.2224565,-0.34207876471493187,0.7342039549632613,1,-0.12458991612682357,10235
C18_220.1786122_223.0489498,0.2571872779123343,0.798442054914056,1,0.09931744774746636,10236
C18_220.8711244_21.88030076,-0.664335306552182,0.5105456887072701,0.9804752311768129,-0.7699940974303323,10237
C18_220.8871504_128.7595238,-0.1417352607434037,0.8880488517722065,1,-0.030708139147443622,10238
C18_220.9445184_139.5166562,0.045579158287107874,0.9638878619411544,1,0.011522415789800743,10239
C18_220.9655008_172.3377262,-1.5121505438426623,0.1388891022273548,0.7820601419325246,-0.3507363501135601,10240
C18_220.9655709_35.43029749,-0.24830398044653137,0.805255776745775,1,-0.07868611664388807,10241
C18_221.0124565_18.76089422,-0.44079161989651694,0.6618980015622489,0.9972588092972984,-0.3356948446408321,10242
C18_221.0302477_121.5731063,1.2830083581995875,0.20737267773076445,0.8678275884790382,0.4666014402617779,10243
C18_221.0351533_21.51557251,1.5658334950133022,0.12579944341874053,0.7651216632243181,1.0362970779964071,10244
C18_221.0467607_21.2973346,-0.6003092284840453,0.5519158164306148,0.9858134543858914,-0.23552272226251408,10245
C18_221.0530372_21.30795108,-1.029605968664967,0.3097990827375988,0.9421850854569164,-0.3386346509735074,10246
C18_221.0664755_173.6935423,0.8249517882022416,0.4146228532666031,0.9702967640516138,0.16279415195557526,10247
C18_221.0820622_23.56147569,1.9796677438932972,0.05512574416962781,0.6065607728992479,0.5686542553561399,10248
C18_221.1182786_280.9515872,-0.19349034715812186,0.8476205974435381,1,-0.07583413080191649,10249
C18_221.1293657_91.52002407,-1.570338902719608,0.12474791201746581,0.7639334341671284,-1.2468706813821129,10250
C18_221.1501634_16.79473426,1.0694239368821727,0.29172332684389735,0.9340589136386561,0.7541242133360047,10251
C18_221.1502268_123.6531841,-0.3527922897577655,0.7262221151848789,1,-0.1739121099899111,10252
C18_221.1502811_291.1685214,-1.2824842205725593,0.20755442753003925,0.867980793495172,-0.3490738939655785,10253
C18_221.1546294_155.5269165,1.6806048919812975,0.10116336928595097,0.7207603317379999,0.7392524683578037,10254
C18_221.9559711_135.7088702,-0.06654162423930686,0.9473005939371537,1,-0.03958634543261963,10255
C18_222.0303026_24.01694356,-0.10287406180804566,0.9186118261192253,1,-0.059845015356882074,10256
C18_222.0466683_21.00927932,-1.383163861861026,0.17480575954062727,0.834640816827064,-0.4532868969360408,10257
C18_222.0618971_24.97835439,0.671685308442653,0.5059066336165423,0.9781047779839798,0.5246078647343632,10258
C18_222.0699509_181.4455931,0.40933524399916055,0.6846254409544448,0.9999159889500627,0.18113548141727223,10259
C18_222.0771089_128.4240546,1.2954224977286712,0.20310300471050144,0.8647457759331585,0.5375741972319924,10260
C18_222.0958229_172.5353385,-0.6539758607180902,0.5171232908793498,0.9824083431236167,-0.3351679544684999,10261
C18_222.1135973_181.2090972,-1.1361737118604605,0.26310239743250197,0.9142531881585061,-0.39456448216324125,10262
C18_222.1136206_21.86892451,-1.9645151188146233,0.05692296551994959,0.6133199145431344,-0.6230849459586109,10263
C18_222.8851705_95.7689184,1.3886288768146835,0.1731498408403064,0.8333284173727381,0.7023205712137267,10264
C18_222.9028027_150.0527235,-0.2752934390093674,0.7846040426451264,1,-0.06931097255219648,10265
C18_222.9367527_147.7515119,-0.5991346082687622,0.552690519556119,0.9858134543858914,-0.362032034934081,10266
C18_222.9367794_26.97671599,-0.5544169523392776,0.5825895224936637,0.9913379189285378,-0.14681373640549109,10267
C18_223.0201053_52.99677165,0.04170933009102361,0.9669519977500288,1,0.010327757823168006,10268
C18_223.0458701_107.6951361,0.6053413579471102,0.5486032445833565,0.9857989553982086,0.18708993165962098,10269
C18_223.0488264_20.36041177,-0.9500172071456766,0.34819446925938724,0.9574386235069654,-0.3148598704446209,10270
C18_223.0572496_19.71874516,-1.0834344809855585,0.285541941842639,0.9295944216943315,-0.38707380533588753,10271
C18_223.0822918_23.37714639,-0.5414926819561535,0.5913751287641726,0.9919344024228657,-0.11526287265312549,10272
C18_223.0976183_23.17772982,0.1802762206954716,0.8579077168004782,1,0.11227472900046934,10273
C18_223.1339799_19.95458865,-0.04620521643033472,0.9633921990630017,1,-0.011067502193859258,10274
C18_223.1703407_156.2495744,3.822975624019053,4.829789667130003e-4,0.0663220715420438,2.2919251594448595,10275
C18_223.9538701_135.7770819,-0.5255113180032909,0.6023256809542438,0.9928201179984223,-0.32450704116856915,10276
C18_224.0234907_52.61779453,-0.017136837201594136,0.9864184257949837,1,-0.00451946787477089,10277
C18_224.0277174_291.1832637,-1.1789438239206529,0.24585670497656145,0.9002284293303288,-0.4131698962062537,10278
C18_224.0278715_136.4927245,0.34984047515261096,0.7284182489740487,1,0.17108814111106002,10279
C18_224.0316834_265.3088452,-1.671883621360182,0.10288356942205508,0.7222851642405752,-0.42736538872386437,10280
C18_224.0526341_16.68187085,0.9929485903861537,0.3271075953994389,0.9506069103298993,0.891005695032662,10281
C18_224.0617559_21.81262892,-0.8079216747292033,0.4242379959580047,0.9724257019093233,-0.3611295927563173,10282
C18_224.07894_18.68967534,-0.8744616672899548,0.3874404656301148,0.9661464710102153,-0.6008692762506429,10283
C18_224.0857141_166.112219,0.30749905533551436,0.7601671410265334,1,0.13049806068247122,10284
C18_224.1009841_24.16043233,0.40627366474900034,0.6868538343831797,0.9999159889500627,0.2612605156394776,10285
C18_224.1052723_120.2954879,1.5154452932268825,0.13805544659217708,0.7800348273445538,0.6291446778454016,10286
C18_224.1736529_156.4302366,4.177495276063813,1.6951616222124374e-4,0.04352015664488242,2.873927481911071,10287
C18_224.5543353_16.49506612,0.8258954881779897,0.4140939914442784,0.9702967640516138,0.43050408853071587,10288
C18_224.5634324_22.09863073,-1.2334619819916606,0.2250892735846254,0.8806395883158146,-0.6016573401986731,10289
C18_224.8191706_20.61578964,-0.6248254766048309,0.5358742349342054,0.9833164118236528,-0.49932200586344316,10290
C18_224.8949617_153.2151469,-0.6769551047271262,0.502594786615437,0.9781047779839798,-0.21940681393957986,10291
C18_224.9008267_89.12837068,0.541463337305065,0.5913951484605839,0.9919344024228657,0.16535823063441532,10292
C18_224.9337061_27.8587354,-0.8488136658424861,0.401378207139079,0.9669701703160376,-0.7859355470805967,10293
C18_224.9523281_27.64949935,-0.9809374672588138,0.3329184429644657,0.9523130286716972,-0.4253127619114755,10294
C18_224.9788152_44.95797884,0.3480524972511674,0.7297496250053604,1,0.11016748813109292,10295
C18_225.0075693_147.0791389,-0.1660364138508018,0.8690214455718502,1,-0.06161241093223296,10296
C18_225.0173351_20.81227059,0.03061148950339626,0.9757419385051895,1,0.027769661981687864,10297
C18_225.0244456_39.12319005,1.4404147079968657,0.1580585993412879,0.8181550562278856,0.2665386015362608,10298
C18_225.0252192_258.8620372,-1.344531631231817,0.1868641216672212,0.84811141863714,-0.3585031401361784,10299
C18_225.0532772_21.30364285,1.1298218968029083,0.26573595834319064,0.9155069968358608,0.4427389500469411,10300
C18_225.0615757_23.12883232,0.7626235652674022,0.4504649562291777,0.9745894987688215,0.20071945987952405,10301
C18_225.069502_22.52145792,-1.4508110675365966,0.1551575904736206,0.8125085821135265,-0.9808655480209599,10302
C18_225.0893218_276.8927613,0.5963975251569709,0.5544978724733001,0.9865304209500617,0.13561964600587406,10303
C18_225.1129718_17.76284729,0.9144209234881331,0.36634590168717496,0.9637531830220828,0.2775594242425393,10304
C18_225.1130571_280.4009814,1.5669259846169632,0.1255438062103841,0.7644475925677792,0.414408295446158,10305
C18_225.149546_168.456015,0.23667774236980899,0.8141966266912828,1,0.04622133468953581,10306
C18_225.1755197_173.5487662,0.64808436311372275,0.5208842971022658,0.9824083431236167,0.20415041998172614,10307
C18_225.1797171_185.1282319,1.1455914793563757,0.259232228064965,0.9104912729835617,0.37313037901096907,10308
C18_225.1859968_187.082801,3.903498121153031,3.817329572699669e-4,0.0631492384125134,2.670054483973341,10309
C18_225.1927681_185.1710383,2.655533390793838,0.011563495954723236,0.3126721539564579,2.095996535295063,10310
C18_225.2223123_155.537283,1.962197648896495,0.057202260494482494,0.6133199145431344,0.3609815899511609,10311
C18_226.0179762_22.67934098,0.6964779073384016,0.4904301303431807,0.9781047779839798,0.5870532516906598,10312
C18_226.0649423_24.39179762,-1.1774366687322761,0.2464500660262807,0.9005362363839727,-0.41392162652437897,10313
C18_226.1892987_185.0853865,3.3363158665299735,0.001925690493694446,0.12699856034871324,2.2351389975056657,10314
C18_226.8163574_20.77359667,-0.9173703896730802,0.3648189428694053,0.9637531830220828,-0.8290886602515314,10315
C18_226.8922863_132.9474362,-0.47175372336224203,0.6398396709472942,0.9955023063019077,-0.3157517819948543,10316
C18_226.9443301_24.41907886,0.14233444211581261,0.8875788461090025,1,0.13493193333224968,10317
C18_226.9765515_20.50112872,0.8415405464822167,0.4053869306454505,0.9672616821631036,0.7878087270590755,10318
C18_226.9868901_142.753382,-0.5284205173500539,0.6003252083412218,0.9927855692714262,-0.09760258554931286,10319
C18_227.0283692_149.2068222,-1.7804627227359568,0.08311440656785048,0.6948552844377854,-1.2133207512587454,10320
C18_227.0412026_114.3105578,-0.20559140180302934,0.838223587719778,1,-0.06610021633028451,10321
C18_227.0650719_30.61148071,0.406039936321677,0.6870240720753987,0.9999159889500627,0.2383236340295161,10322
C18_227.0772223_117.934535,1.3809967144377564,0.17546580831298744,0.836324704504144,0.4958058970920423,10323
C18_227.0772923_21.32511294,-1.3667791187663474,0.1798441308728953,0.843136763954994,-0.7386585599415185,10324
C18_227.0924567_174.6157779,1.0053732883966275,0.3211691798811758,0.9493072090184895,0.3493591727816476,10325
C18_227.1013318_55.57105655,1.9177153161184872,0.06279738240336487,0.6325395237806185,0.6998292855337832,10326
C18_227.104824_276.9435387,-1.8509203361510684,0.07208026713200431,0.6668910463155405,-1.486206440799336,10327
C18_227.1288447_22.54138213,0.15705778847925772,0.8760430017244294,1,0.03657922528705239,10328
C18_227.1290374_231.2170419,-0.07884279301882073,0.9375774469775623,1,-0.01898908735701057,10329
C18_227.1652335_143.1099913,0.2317841364602339,0.8179675445773209,1,0.06603425754794637,10330
C18_227.1932731_199.5287667,2.940128854521396,0.005594700813409994,0.2233812771911663,2.0369731004396385,10331
C18_227.2017255_210.3288581,4.2105961275777295,1.535166018876748e-4,0.04352015664488242,2.583644517718505,10332
C18_227.2101407_211.9361078,3.540878004643316,0.0010861641608953527,0.09469730035179491,2.473130282364244,10333
C18_227.9864089_138.3787372,0.35339728491194117,0.725772290402266,1,0.0613316499262342,10334
C18_227.9972567_21.87869472,-0.6513137253562626,0.5188209274375153,0.9824083431236167,-0.5676576100823633,10335
C18_228.0407668_143.1131825,1.696942662924039,0.09800502869980235,0.7177897439971538,0.41444493788200726,10336
C18_228.0810351_24.60755782,0.4832569221427507,0.6317267347652915,0.9947980550876518,0.3186519956420982,10337
C18_228.0889135_205.4914406,0.7652693313224107,0.4489072630936237,0.9745894987688215,0.363841133257336,10338
C18_228.2049748_204.5446201,3.851068815148089,4.450031713945968e-4,0.06595282851518033,2.21762735333163,10339
C18_228.8134428_20.56000342,0.40249857396533695,0.6896054638218283,0.9999159889500627,0.20409139594271494,10340
C18_228.9027738_22.94962565,0.47740107725922903,0.6358510424457844,0.9953585489094753,0.45164819282304375,10341
C18_228.9317489_150.1807705,0.8317157838826613,0.41084140951371295,0.9692624333173796,0.18997574828434255,10342
C18_228.9317755_20.97799137,0.41874514716764194,0.6777943054612315,0.9996367449012522,0.19416931832332449,10343
C18_228.9660229_145.8990128,-1.0764928104832674,0.2885929696937179,0.930363967095018,-0.24788477341944654,10344
C18_228.9835442_137.4296025,0.33948366168666944,0.7361419146858614,1,0.05023449435267288,10345
C18_229.0120267_19.25654104,-1.1440292878956682,0.2598713469078231,0.911112589206785,-0.8007394719985125,10346
C18_229.0379683_142.3045621,-0.37425436318198324,0.71032583865104,1,-0.14923565626591448,10347
C18_229.0538874_28.10855906,-0.3062205897280806,0.7611326658083544,1,-0.27057332469688306,10348
C18_229.0594902_72.29043368,2.0701937009391362,0.045381714407453436,0.5578612936941263,1.2847658664247603,10349
C18_229.0719179_157.7068561,-0.8320042057456298,0.4106806409459304,0.9692624333173796,-0.34721871944512583,10350
C18_229.0830785_17.54620674,-1.7261193015489136,0.09256870201854822,0.7107792320192535,-0.6026845132359798,10351
C18_229.1080227_158.8695754,-0.28233523193075216,0.7792410102459794,1,-0.12219325055298777,10352
C18_229.1442362_174.2577374,0.910500106369467,0.368382147260775,0.9637531830220828,0.22141876872330024,10353
C18_229.144485_33.93307503,0.950243431686114,0.34808104527541794,0.9574386235069654,0.38219943828993264,10354
C18_229.1807584_173.2352574,0.16063638406660993,0.8732431818075149,1,0.04564466903662659,10355
C18_229.1961223_217.6824158,0.8948185504810034,0.3765993319386399,0.9637531830220828,0.6650924511563027,10356
C18_229.2082414_211.8059022,2.1073503625744037,0.041841259853279966,0.5388286365772633,1.276849756776351,10357
C18_229.5333871_21.71699324,-0.28848347075271613,0.7745674239315722,1,-0.18788521966800087,10358
C18_229.9965952_125.9846147,0.19996006072848202,0.8425936788003429,1,0.2619690686224433,10359
C18_230.0128538_21.76747725,1.292700413731394,0.20403348183292008,0.8647457759331585,1.7607717478741396,10360
C18_230.0350738_22.20552866,-0.028862391335290075,0.9771276035022719,1,-0.019140056338812484,10361
C18_230.5312965_22.0363712,-0.08972147024677136,0.9289866860129796,1,-0.057233921585855566,10362
C18_230.5361524_22.21483118,-0.3847005637839275,0.7026353377343579,0.9999159889500627,-0.3081310229464913,10363
C18_230.8998535_22.87875457,-0.1586780450003372,0.874775143969042,1,-0.09216619276444848,10364
C18_230.9133234_86.15183842,-0.33556934787033726,0.7390683324973354,1,-0.1674851989330476,10365
C18_230.9969038_22.47528954,-1.8343752212141458,0.07455265264635826,0.6747716156497422,-1.0897913997515012,10366
C18_230.9999109_125.0011152,-0.5015715491999139,0.6189048753173497,0.9946352989347117,-0.2675339909123185,10367
C18_231.0161847_21.6926242,1.353106366952501,0.18413388851027623,0.8464654624459718,1.8640386357942613,10368
C18_231.0217894_35.36394993,0.13290761963863124,0.8949780254802212,1,0.08699316935826838,10369
C18_231.0330063_22.62045222,-0.8111665441851948,0.42239556089699093,0.9720647144923827,-0.6177734919867028,10370
C18_231.08165_22.8609357,-0.6361024384147537,0.528578289997141,0.9824083431236167,-0.1341240373082718,10371
C18_231.0876837_156.6945188,0.26290926291365313,0.7940615487327878,1,0.11711513023230205,10372
C18_231.1751817_291.5658286,0.39668900283240255,0.6938483523841028,0.9999159889500627,0.16675865616833635,10373
C18_231.1752085_119.6749507,-0.9587283626681844,0.343844540659636,0.9564212583657042,-0.29550420598684507,10374
C18_231.1752113_18.44983901,-0.40083704837889594,0.6908178923389372,0.9999159889500627,-0.1522532395647412,10375
C18_231.9922952_125.8993025,-0.17192565952420027,0.8644216702532828,1,-0.13234230337849187,10376
C18_232.0002545_22.57725704,-2.013421567023883,0.05129834624845953,0.590807722736388,-1.2702464665587263,10377
C18_232.0086792_21.78322335,1.5289402469322244,0.13468267455454702,0.7743408930418361,1.9768480208909511,10378
C18_232.0168601_21.23056196,0.9255280527849166,0.36061724515889904,0.9611690139330997,0.6231632888405805,10379
C18_232.0590965_22.9212585,-0.7675719029919931,0.44755421737434,0.9745894987688215,-0.30394560488421957,10380
C18_232.1785907_117.7223266,-0.9137321334311788,0.36670308958505404,0.9637531830220828,-0.2680002693068176,10381
C18_232.1786446_283.0714321,-0.6786467291443379,0.5015342052004262,0.9781047779839798,-0.22186382420995837,10382
C18_232.9245028_188.7977116,-0.33038957252467777,0.7429468799847685,1,-0.14176394203681897,10383
C18_232.9444263_39.05946263,-0.9895731250913966,0.3287336444134742,0.9506069103298993,-0.337110666082,10384
C18_232.9655683_146.3376,0.5100518242186168,0.6130082356479181,0.9931667617408494,0.2413212209436277,10385
C18_232.9785664_142.1532695,-0.8653582725828717,0.3923519608740834,0.9669701703160376,-0.3432873862297053,10386
C18_232.9929925_22.62941659,-1.9942536762267473,0.053442426699338914,0.5975662088588002,-1.3857200103030143,10387
C18_233.0009203_21.73935187,-2.4231083261256794,0.02033593679464322,0.4101124095556419,-1.692915097860158,10388
C18_233.0623634_23.89609335,0.5888200677074523,0.5595170639885889,0.9891348092350075,0.33921791568048837,10389
C18_233.0665249_14.73420408,-1.290163297864755,0.20490363454758392,0.8653322846082105,-0.33296899385109957,10390
C18_233.0780247_16.40049679,-0.5719488698608329,0.5707740264318666,0.9913379189285378,-0.2770969397314502,10391
C18_233.1544757_289.6177338,-1.3323224093830437,0.19080513298419244,0.8507713974810356,-0.39350551336154577,10392
C18_233.1545774_193.7817691,-0.41294946732588766,0.6819984742207501,0.9999159889500627,-0.14003601294248427,10393
C18_233.1657869_171.0878406,-3.0917490251282764,0.0037464595310671028,0.18450432361462127,-1.7391458285443477,10394
C18_233.9241799_161.9259798,0.2144756863300899,0.8313397111223733,1,0.10875151249069191,10395
C18_233.9688895_28.79570033,-0.3168029990245997,0.7531523992708244,1,-0.25127348064295163,10396
C18_234.0519134_71.44601859,0.317362308058323,0.7527313742848911,1,0.17919600304691877,10397
C18_234.0813249_15.78792702,1.1179442058297462,0.27071119207265393,0.919604667683454,0.5630045061520008,10398
C18_234.0957325_170.4677219,-0.6335967663102199,0.5301948464108066,0.9824083431236167,-0.43941929819728404,10399
C18_234.1578741_287.0743854,-1.4689033317226683,0.15020957988683437,0.8022269263565472,-0.4526233905969277,10400
C18_234.1579308_112.0960999,0.3433274349673859,0.7332721048863219,1,0.06776825282623206,10401
C18_234.169175_171.4998157,-2.6484094146717907,0.011769965834855024,0.314466264057096,-1.5940717309695287,10402
C18_234.8592995_19.86250293,1.3736650741032765,0.1777131547946222,0.8404813690786701,0.7797200555078025,10403
C18_234.92376_136.3487032,0.8859596444619844,0.3812930431747905,0.9638726330536317,0.30872500191653124,10404
C18_234.9810861_159.3938316,0.09870645434703357,0.921897793341989,1,0.022217080276896367,10405
C18_234.9811111_42.13348386,0.09347796001173567,0.9260221768499239,1,0.02662816208080942,10406
C18_235.0310203_24.36660646,1.0799875489504764,0.2870541031015507,0.9299488484623218,0.5091038786381288,10407
C18_235.0360733_22.46316333,1.3667964905524508,0.17983873012533919,0.843136763954994,0.9923502488973933,10408
C18_235.1087361_32.23112052,0.08820993889021184,0.9301798330803801,1,0.05704341574709575,10409
C18_235.1337901_125.8724492,-0.07280188252487337,0.9423512156422801,1,-0.029593793188776814,10410
C18_235.1702013_180.235869,1.0917412006802458,0.281920850192984,0.9295944216943315,0.3552349412305398,10411
C18_235.206631_211.9741519,-1.2386750561811188,0.22317382848542383,0.8799075082512211,-0.8021530704821075,10412
C18_236.5413186_21.90681285,-0.11652189545053773,0.9078615615524136,1,-0.0968524517823937,10413
C18_236.860999_108.1640762,0.843379557824797,0.4043709785383949,0.9669701703160376,0.36254690411714624,10414
C18_236.9183306_131.0200932,-0.11772542206655251,0.9069143671119467,1,-0.03363047310274534,10415
C18_236.9392933_72.59833633,0.7154371433070618,0.4787759665029745,0.9781047779839798,0.25919149534081753,10416
C18_236.9395528_170.6349941,0.5903332464478236,0.558512927155569,0.9888693886638104,0.31896901179933324,10417
C18_237.0073897_22.11922318,0.607731197832236,0.5470336350092256,0.9857989553982086,0.33397210218437023,10418
C18_237.0196389_17.80283797,-1.1525153350519193,0.2564131999901329,0.9085114391831796,-0.4550249005268931,10419
C18_237.0429747_21.79969702,-0.3907792247203374,0.6981746935464039,0.9999159889500627,-0.2457107386835469,10420
C18_237.0615474_122.9270937,1.3387570998225728,0.18872021698927366,0.8493817236871323,0.6494116342609266,10421
C18_237.0771041_22.35211015,0.1978706152116346,0.844216443451488,1,0.12990603489657823,10422
C18_237.0892044_235.9717968,0.22149960376469227,0.825906801930417,1,0.10215591288146514,10423
C18_237.1109666_45.44181938,2.0035195443264833,0.052396429791032983,0.5951460072669303,1.2330800722948565,10424
C18_237.149492_121.3761536,0.3709074839442654,0.7127963668713502,1,0.12272170515875931,10425
C18_237.2222758_244.9413581,1.7385640309948267,0.09032778057606003,0.7028476636205563,0.8962274379485323,10426
C18_237.5392125_21.89358004,0.1851571025076012,0.8541049532391829,1,0.1240928631603099,10427
C18_237.5441684_21.94467986,0.1844607381292168,0.8546472870937498,1,0.13671529103655133,10428
C18_238.0252286_22.54096203,-0.014318227429964303,0.9886521056253452,1,-0.007257787085806958,10429
C18_238.0408536_22.04005151,0.1448988197838012,0.8855677816984537,1,0.11983567308332621,10430
C18_238.0672814_24.59763151,2.057119388205708,0.04668856847983366,0.5627196066105052,1.3210004101833406,10431
C18_238.0774784_22.05835865,-0.46841743137439057,0.6422011458791576,0.9955023063019077,-0.25895669286325274,10432
C18_238.1084241_124.7618854,0.5208741143521811,0.6055208370784511,0.9928201179984223,0.21552031924288773,10433
C18_238.1528438_114.1086409,0.5058616624529393,0.6159185818873285,0.9932827309224024,0.338240409713214,10434
C18_238.5792137_22.0766915,-0.6448094108134359,0.5229812786366475,0.9824083431236167,-0.36365134946826067,10435
C18_238.8699834_125.9322297,0.6867978180882028,0.4964411242940162,0.9781047779839798,0.21263757514885953,10436
C18_238.8766001_90.5742402,0.544667152912599,0.58921133707215,0.991389936817313,0.132876381746947,10437
C18_238.9006891_152.4885661,0.10970181846907989,0.9132316043305367,1,0.050895781290438515,10438
C18_238.9106062_129.7011724,0.9583673581456928,0.3440240888126598,0.9564212583657042,0.3664752295677181,10439
C18_238.931644_27.17702757,-0.9899901305397115,0.3285324674021517,0.9506069103298993,-0.3732813879315227,10440
C18_238.9679548_28.33035987,-0.17083275409236756,0.8652749241831723,1,-0.11749918391577253,10441
C18_238.9939616_66.00013013,0.12361307969681294,0.9022826984496146,1,0.04062680843489178,10442
C18_239.0164524_20.99372943,1.0796267284810663,0.2872127188249004,0.9299488484623218,0.542965932819948,10443
C18_239.0223199_22.71585388,-1.656171218564702,0.10604376709323036,0.7270102455490702,-1.1452726334656955,10444
C18_239.0351296_17.46576299,-1.015613541897475,0.3163302279629917,0.9446590868415949,-0.3914745518416501,10445
C18_239.0794333_142.238332,-1.0212454016565273,0.3136902605690017,0.9421850854569164,-0.47711183397657864,10446
C18_239.0853131_22.26570455,-1.1274878278547262,0.2667084290010768,0.9168467001328044,-0.5961315667865212,10447
C18_239.0923792_133.5641145,0.07023063377230314,0.9443837834443353,1,0.019449443238928964,10448
C18_239.0925131_22.64279355,-0.8425568357082542,0.4048252909750133,0.9672616821631036,-0.3396883606339534,10449
C18_239.1049158_238.7514383,-1.0006711735108988,0.3234078968278664,0.9506069103298993,-0.37182888394609825,10450
C18_239.1189426_108.0456953,-0.738007665720989,0.46510944238951446,0.977038339924947,-0.33167493812728044,10451
C18_239.1288149_276.4085332,-0.8353848263291644,0.40879915699247193,0.9676316311691489,-0.23594073011187988,10452
C18_239.1652022_173.9918378,-0.4978865726171491,0.6214751801341274,0.9947980550876518,-0.15925333812844214,10453
C18_239.2015473_196.1628822,1.5245646552994152,0.13576892551130001,0.7761420841359271,0.526959261942067,10454
C18_240.000673_19.30021578,-3.2719125255223953,0.0022994202327406604,0.135804104723142,-2.3564166442539465,10455
C18_240.0199753_20.4019112,-1.0241013783665807,0.3123572843658002,0.9421850854569164,-1.00251278932725,10456
C18_240.0377217_17.99833845,-2.0061765620581853,0.05209979095284598,0.5944356817255592,-1.0549433291907304,10457
C18_240.0589669_287.6644508,-0.5221198730432969,0.6046617005341225,0.9928201179984223,-0.14132739202821426,10458
C18_240.0591316_156.8464975,0.7468583499493741,0.4598125149880661,0.9755657681934743,0.2645809407453737,10459
C18_240.0630086_142.4835388,1.7857931604271748,0.0822324855504222,0.6948552844377854,0.5721007540962685,10460
C18_240.0960721_23.32294349,0.6448179164447476,0.5229758265683444,0.9824083431236167,0.487999712487875,10461
C18_240.2048755_205.7105863,-0.36204472185082043,0.7193535910870691,1,-0.1571983337073029,10462
C18_240.8701363_123.7078262,0.8573244436837055,0.3967188822505372,0.9669701703160376,0.21434441913501223,10463
C18_240.945059_168.9233307,1.792425114420734,0.08114626169271814,0.6939617698381066,0.31633398486498426,10464
C18_240.9520849_74.34567885,-0.4182270803763881,0.6781696874524257,0.9996367449012522,-0.16615520897365865,10465
C18_240.9787677_25.20120087,-0.08970228473577119,0.929001829312503,1,-0.05330779324222469,10466
C18_241.0233859_20.31880826,-1.5446529620663838,0.13083946140248173,0.7695072627505222,-1.1716269064626244,10467
C18_241.0388414_127.1009253,-2.7204629926499955,0.009830071984232686,0.2857418246188054,-0.8868283377504075,10468
C18_241.056399_262.3174377,-0.6409722798560328,0.525443954076209,0.9824083431236167,-0.21083762667262268,10469
C18_241.0564415_152.0210926,0.04009146762780063,0.9682331769210055,1,0.009036146893886194,10470
C18_241.0661093_107.2805733,2.4394845248965114,0.019560383038058415,0.4041845899822696,0.5023382287064769,10471
C18_241.0869794_25.06551248,-0.23632514234481544,0.8144681848817268,1,-0.2236471346662484,10472
C18_241.0920501_46.41804256,-0.2794422275752471,0.7814430170132491,1,-0.09652491319856371,10473
C18_241.0982196_138.3142756,-1.2383223453111334,0.22330304151265676,0.8799075082512211,-0.4653542233020213,10474
C18_241.1194502_22.37731886,3.150861985459986,0.0031962905138466224,0.16627060918056435,2.1731717242302655,10475
C18_241.1345005_107.2907247,-1.232545201727187,0.22542738665075193,0.8811947978069936,-0.9364833790963503,10476
C18_241.1809094_125.5210628,-0.02519787187852823,0.9800309251849817,1,-0.006239861620891029,10477
C18_241.2173321_219.7411596,1.778138259419925,0.08350147799264465,0.6948552844377854,0.7373786562842136,10478
C18_242.0691494_17.47652489,-1.4992447247329608,0.14219350952121926,0.787557245903916,-0.885474344703415,10479
C18_242.0904781_24.33608557,-0.42961821164775443,0.6699352037052624,0.9995898993455857,-0.25079288236487757,10480
C18_242.1760085_122.8887723,-0.5521383333128111,0.5841338631558252,0.9913379189285378,-0.19204061507747325,10481
C18_242.184182_123.5722458,0.9166509925857513,0.3651909976965725,0.9637531830220828,0.36006349854362923,10482
C18_242.2206955_226.6760238,1.1611213350716323,0.2529402546838983,0.9054022050039036,0.28191951646824637,10483
C18_242.910385_24.45452971,-0.4629225583155166,0.6460987032492949,0.9965858111391217,-0.18970462364859064,10484
C18_242.9185073_23.22667173,1.5682056023400939,0.12524491764072804,0.7644124538212267,0.7553235321123992,10485
C18_242.9859628_112.908457,0.37407754694192874,0.7104562781735173,1,0.12856673084415995,10486
C18_243.005951_278.906745,0.8830735102087706,0.38283023810229033,0.9638726330536317,0.2523432600255958,10487
C18_243.0182951_19.59424498,1.2906963611839941,0.20472057764647975,0.8653322846082105,0.5330239753607172,10488
C18_243.0331978_22.53490627,0.9886232384284782,0.3291922108410005,0.9506069103298993,0.5090424837562385,10489
C18_243.062865_21.08308889,0.02958337199993836,0.9765564215405783,1,0.010278103002626018,10490
C18_243.1236563_159.6771092,0.33385548935115883,0.7403508885233191,1,0.13696262582910068,10491
C18_243.1420718_150.5727013,-1.1200215592734846,0.2698362853977121,0.9185780391297615,-0.37807323023817213,10492
C18_243.1599335_173.3648271,0.3293766115296337,0.7437061698141618,1,0.09537794190101713,10493
C18_243.1788197_175.5078914,0.8390376459400412,0.40677219211733107,0.9676316311691489,0.3034731804059806,10494
C18_243.1964697_127.4986325,1.3822799368137144,0.1750747436707911,0.83523359340058545,0.3658147026855218,10495
C18_244.0655279_23.35546937,0.4013573737278513,0.6904381178255798,0.9999159889500627,0.3438306584782423,10496
C18_244.1998089_126.2872302,2.0018950092726158,0.052578521399179436,0.5955361003468702,1.2734337162763711,10497
C18_244.5387606_22.0777972,0.3605433600110334,0.720466540351748,1,0.30218670971647643,10498
C18_244.9056739_132.6580795,-0.04217656149082906,0.9665820153357871,1,-0.010182079833086196,10499
C18_244.9657524_22.4240172,-0.30893167745116784,0.7590856557658628,1,-0.26164236702239757,10500
C18_244.9708555_81.34684941,-0.6254277035660509,0.5354832774841991,0.9833164118236528,-0.3312478187144689,10501
C18_244.9974389_132.0666627,-1.7634933246405613,0.08597523938288841,0.6962067550962847,-0.7939349388902371,10502
C18_245.020176_55.9558515,0.10139081549602935,0.9197811350630873,1,0.05744775537598515,10503
C18_245.0489446_23.65201673,-0.8340128485213674,0.40956208659501625,0.9681374308301159,-0.5023030690796421,10504
C18_245.06718_22.24175832,-1.254133875413715,0.21756515717895883,0.8741556571052285,-0.6300889876222163,10505
C18_245.0931472_22.14923188,-2.525972519110143,0.01589285433728837,0.3638036092099284,-2.3301368151207384,10506
C18_245.0972811_27.46324461,2.177203716151635,0.03583880738548479,0.5143847335746973,1.269429912133517,10507
C18_245.1029698_165.6037925,-1.7769126270510522,0.08370618205050087,0.695779957679031,-0.5033472282921994,10508
C18_245.1213511_174.0942678,-0.9914877773372116,0.3278106387673042,0.9506069103298993,-0.319753984661734,10509
C18_245.157688_118.7500969,-0.4596229248335083,0.6484440354745108,0.9965858111391217,-0.15381867685346798,10510
C18_245.1578316_12.4743322,-0.36362359251434395,0.7181838526133836,1,-0.0996619973914556,10511
C18_245.1757157_164.9374295,-0.6103376040137349,0.5453244285489434,0.9849172979815777,-0.2579638630614269,10512
C18_245.56884_22.03884242,-0.48912728337148054,0.6276041389326841,0.9947980550876518,-0.29507878785155867,10513
C18_245.996887_147.5112361,0.39912349427335253,0.692069151423264,0.9999159889500627,0.13184974171403363,10514
C18_246.0078239_21.68765729,1.2173518967806964,0.23108579391841144,0.8875782173548652,1.2439418052963007,10515
C18_246.0524324_24.21918025,-0.6559197590823328,0.5158855652922174,0.9824083431236167,-0.428230680671402,10516
C18_246.0617513_126.665277,0.22545346690677967,0.8228523327535586,1,0.052224679311207715,10517
C18_246.0617576_266.2045224,-0.9992772753432695,0.3240735723518353,0.9506069103298993,-0.37199256783042156,10518
C18_246.0748851_22.26483239,-0.36509726208745164,0.7170926742014583,1,-0.24219194288492102,10519
C18_246.0905624_22.54871415,-1.3954659065785144,0.1710954051567816,0.8323231239234016,-0.7189990664452388,10520
C18_246.0966454_22.00918386,-2.473263144288192,0.018044947149344952,0.38812139415691477,-2.4700798169222926,10521
C18_246.1616938_125.4451653,0.5897370122927703,0.5589084759602758,0.9891348092350075,0.24291859055850834,10522
C18_246.5766982_21.02025847,-0.9192305233945931,0.36385806919444863,0.9636815356289996,-0.8914239926307096,10523
C18_246.897938_152.1295342,0.1966859624236264,0.8451368083981631,1,0.11260266364374366,10524
C18_246.9051875_33.18727074,-0.768772012076219,0.4468499620301529,0.9745894987688215,-0.2981724485073932,10525
C18_246.9505555_23.74294015,-0.1531296924289567,0.879118121652982,1,-0.2566211069083594,10526
C18_246.9603689_40.28028746,0.018854733072362313,0.9850570881809699,1,0.010744641876133497,10527
C18_246.981115_145.2338546,0.09671755391691936,0.9234664427904584,1,0.019854912453932626,10528
C18_246.9917431_19.4540271,-0.6873790889587142,0.4960790253932331,0.9781047779839798,-0.5416926975992281,10529
C18_247.0396397_18.06291852,-1.1996041079482633,0.23782769910737,0.8932665963443939,-1.1804659982621695,10530
C18_247.0449948_24.5280444,-0.6619912533655977,0.5120300228803328,0.980797573128938,-0.43698042687386063,10531
C18_247.0728028_21.16555258,-1.4522176849084398,0.1547683373726596,0.8124985888763471,-1.0729925538679055,10532
C18_247.0826839_19.69945995,-0.2536690382902879,0.8011387594453767,1,-0.21393549413037094,10533
C18_247.099891_22.61823635,-1.7840099224392714,0.08252663961017759,0.6948552844377854,-1.7743134439478703,10534
C18_247.1450651_83.02167825,-1.9197943136954116,0.06252575313527162,0.6321822815039115,-0.9745667214421747,10535
C18_247.1701282_289.8653217,2.2501886910491304,0.030395511302202232,0.48527792942845227,0.6427033499048432,10536
C18_247.1701788_135.6879354,2.595597517012443,0.013409841650260186,0.33228487748515384,0.8332076149446868,10537
C18_247.1701984_16.40716235,0.42670676522863177,0.6720359740595756,0.9996367449012522,0.11895378027272287,10538
C18_247.9498235_25.13833999,0.22464630558799148,0.8234756621361419,1,0.13068875862187254,10539
C18_247.9538552_24.66647722,0.12042205851047008,0.9047925737674973,1,0.1276740795495658,10540
C18_247.9844836_40.75315079,1.2120168993240381,0.2330974027003449,0.8879258919320564,0.7463126617124799,10541
C18_248.0540704_24.00524243,2.2761798234476838,0.02864320646949464,0.4752855391090482,1.194002822643355,10542
C18_248.0796402_182.7262054,-0.19759330540913853,0.8444318675689997,1,-0.07452418946384944,10543
C18_248.1113892_168.8921638,-0.4981426015550251,0.6212964416834776,0.9947980550876518,-0.4734538898682722,10544
C18_248.1736224_286.1792008,0.748861466035259,0.45861858987106274,0.9755657681934743,0.25544459737520614,10545
C18_248.1779476_292.4081059,0.6852914660421431,0.4973801785492543,0.9781047779839798,0.18362776720758445,10546
C18_248.1780554_123.0729902,-0.8976329501303345,0.3751159741625686,0.9637531830220828,-0.19108681799194532,10547
C18_248.1781103_16.48745521,0.910531795479334,0.3683656604441503,0.9637531830220828,0.45357753634247916,10548
C18_248.9022228_32.69581619,-0.60882989299928425,0.5463128059383541,0.9857989553982086,-0.3100005506981797,10549
C18_248.9135426_18.18267768,-1.131943223942336,0.26485433060902114,0.9153716740091526,-0.39072837888445355,10550
C18_248.9136006_149.0889479,-0.8516212962833525,0.39983737178422096,0.9669701703160376,-0.5161296907046348,10551
C18_248.9392421_149.0881622,0.41906024483372056,0.6775660319820921,0.9996367449012522,0.1844468156605856,10552
C18_248.9393213_24.84897091,-0.9205268547560369,0.36318940872924876,0.9633639059453812,-0.3339569636312233,10553
C18_248.9462963_23.97567954,0.3163196962083265,0.7535162714152919,1,0.38618372004093804,10554
C18_248.9545489_24.98389066,-0.24760217180197147,0.8057947464499544,1,-0.15499017603782025,10555
C18_248.9603917_181.1480645,0.009336797583359523,0.9925999828070978,1,0.00249136680900336,10556
C18_248.9604495_48.30454695,0.42679469345446236,0.6719724898103896,0.9996367449012522,0.15865051002200492,10557
C18_248.9968433_44.22624204,0.001031709147105087,0.9991822915880668,1,3.806458054936885e-4,10558
C18_249.051125_23.80269259,-0.5317042684646367,0.5980709430694665,0.9926487049255592,-0.28065467036367414,10559
C18_249.1145699_170.3196432,0.9149090984643481,0.36609288411142094,0.9637531830220828,0.7890818417491622,10560
C18_249.1243387_57.5117757,-0.1891062814622776,0.8510306671484025,1,-0.22429938685718687,10561
C18_249.1495053_276.2431434,-1.6257242954664288,0.11239539380810967,0.7386028370327659,-0.6049576669315552,10562
C18_249.1859608_171.4219829,3.8593548138242606,4.3436690755882263e-4,0.06595282851518033,1.8274516142545552,10563
C18_249.9427449_78.1109765,0.4911534644863818,0.6261840006537907,0.9947980550876518,0.2339235106147698,10564
C18_250.0002035_50.96275752,0.22497786539910752,0.8232196014122019,1,0.07272217121295958,10565
C18_250.0635019_25.14471681,-0.7370804646780715,0.46566638641871894,0.9771095139091859,-0.38151358097984234,10566
C18_250.1447736_202.2068775,-0.11847040618609542,0.9063281217766792,1,-0.04219787460453354,10567
C18_250.1892589_176.8873226,3.9480960976450867,3.348698981198799e-4,0.06119150011595427,2.0554716475679697,10568
C18_250.8348778_22.57288011,-0.31478979889142367,0.754668485587577,1,-0.1337216275833222,10569
C18_250.8976861_154.3734725,0.5305448358921282,0.5988664262254346,0.9927179766037689,0.14893482247609305,10570
C18_250.9374638_80.07474307,1.2080930601687758,0.2345851475523526,0.8884134042888568,0.4466988034361164,10571
C18_250.9551191_61.95717714,0.8865408772563619,0.3809839480536975,0.9638726330536317,0.34213296349912187,10572
C18_250.9552117_165.7391541,-0.18597338128026278,0.8534693204779478,1,-0.06334778728501704,10573
C18_250.9759818_40.00678893,0.18889311942482398,0.8511965460340519,1,0.1531283937687372,10574
C18_251.0133458_22.75526149,0.12485380041444505,0.9013070911325088,1,0.11445796991352435,10575
C18_251.0715561_23.16874613,-0.6736819012275373,0.5046504539367007,0.9781047779839798,-0.38763939620262433,10576
C18_251.0772538_176.2626818,1.5613699786454749,0.12684827053201073,0.7663243633163557,0.3238563929662556,10577
C18_251.1136791_20.6865964,0.6377916872771537,0.5274899315957888,0.9824083431236167,0.5109099659436463,10578
C18_251.1189725_143.0992079,-2.474655075189192,0.01798485768208989,0.38784620630111405,-1.477075681643624,10579
C18_251.1265024_47.35369047,1.6370265689920376,0.11000207162322495,0.7336651855103924,0.4814877262933359,10580
C18_251.1480485_284.4555214,-1.895589531700466,0.06575162046655371,0.6415887934966203,-0.7285706346611022,10581
C18_251.1481043_196.8404096,0.12792343659414954,0.89889403510574994,1,0.041750828900612345,10582
C18_251.1651405_162.3455419,0.49094743745918784,0.6263283380319629,0.9947980550876518,0.15622791467803612,10583
C18_251.1926385_180.5377697,1.099057036862149,0.2787586493911094,0.9266395222036242,0.5226941910110181,10584
C18_251.2015433_199.9338082,4.19665674470107,1.6006568810809146e-4,0.04352015664488242,2.044237455850082,10585
C18_251.2380211_148.0598387,-1.2333910347778787,0.22511542580435476,0.8806395883158146,-0.476967527280449,10586
C18_251.546664_21.98097543,0.3926844449047195,0.6967788252681808,0.9999159889500627,0.2400869186937831,10587
C18_252.2049111_201.0355046,4.214322268204714,1.518108472545525e-4,0.04352015664488242,2.0160541228890003,10588
C18_252.895784_80.82050309,-0.4449686965785749,0.6589036802212774,0.9966192045168055,-0.12786458682268023,10589
C18_252.9133358_76.39119953,0.8171276980912342,0.4190235597548966,0.9716822081080376,0.30709865802876046,10590
C18_252.9473177_29.94518663,-1.1324060803495362,0.2646622455919866,0.9153716740091526,-0.2852055079713845,10591
C18_253.0492575_21.08626427,0.4686017967053003,0.6420705508785224,0.9955023063019077,0.5421427943254316,10592
C18_253.0929548_23.28926956,-0.7139968188154991,0.4796557710073679,0.9781047779839798,-0.47780795014691224,10593
C18_253.0982496_142.6650079,-1.702518710278124,0.0969460263713765,0.7163791506558442,-0.9041643304574932,10594
C18_253.1346174_110.8983452,-0.7758378789277072,0.4427168493511331,0.9745894987688215,-0.5234396054004993,10595
C18_253.1348244_24.72064276,0.5901002243680895,0.5586674999139691,0.9890316005914418,0.6144713761378913,10596
C18_253.1445349_136.3196651,0.017851813911653865,0.9858518409984518,1,0.006422473258189346,10597
C18_253.1446481_35.20645922,1.3375371390935489,0.18911415032589984,0.8493817236871323,0.9187642243162392,10598
C18_253.1808806_172.9930828,0.009904429964269386,0.9921501120282659,1,0.0026314207196662075,10599
C18_253.2017543_220.5877325,3.324935200212702,0.001987213647717689,0.12794723936739713,2.165669027541854,10600
C18_253.2088905_219.184814,3.5447123018843616,0.001074431223672825,0.09429784650223509,2.73670902292718,10601
C18_253.2174299_221.4880813,4.442169087885594,7.629737807778247e-5,0.03424662313148464,2.8505884145661415,10602
C18_253.2253234_220.5131626,4.086374664242038,2.2245484876976158e-4,0.04992522391675649,3.733250430123751,10603
C18_253.2355296_220.7290859,2.855590358767199,0.006967449332611261,0.25021962132398606,2.275425179295168,10604
C18_253.253528_173.8314619,0.3266569438660986,0.7457460447771945,1,0.07892762822827182,10605
C18_253.6151209_23.93830032,-0.326532325943023,0.7458395584897362,1,-0.2830060341273058,10606
C18_253.809379_120.376574,-0.5579043441296967,0.580229779208712,0.9913379189285378,-0.21592193050742542,10607
C18_253.8093986_280.0619519,-0.4028187733745442,0.6893719068919928,0.9999159889500627,-0.15578974657927017,10608
C18_254.0435727_22.72569614,1.3771783360677026,0.17663347742300897,0.8380887738796349,1.142853299802857,10609
C18_254.0727229_21.92427752,-1.6900234801481553,0.09933246835150492,0.718134185467518,-1.6514124361470306,10610
C18_254.0783761_28.15350366,2.804652989265439,0.007940378714565252,0.26208748604396903,1.4037395898662912,10611
C18_254.1059644_144.4736041,-1.2029831448504609,0.23653307331422097,0.8911114104955423,-0.5892069512875302,10612
C18_254.1378748_106.0992786,-0.7258053126742597,0.47246983074854143,0.9781047779839798,-0.493126480497203,10613
C18_254.2206909_218.7941992,4.248064229021232,1.3718556801581473e-4,0.043103705470568986,2.872628298842349,10614
C18_254.2287613_220.7729387,1.8236415950336142,0.07619486567241192,0.6805124159827125,1.192806729772086,10615
C18_254.6230242_23.35836749,-0.9893378292923334,0.3288471954352198,0.9506069103298993,-0.5523212208062571,10616
C18_254.9064331_89.61306723,0.8486297841717008,0.4014792511567019,0.9669701703160376,0.7345572929260639,10617
C18_254.9263912_22.71471197,0.6952178036182821,0.49121029861093857,0.9781047779839798,0.24936189176496956,10618
C18_254.9443113_29.85934972,-2.2299955684997905,0.03182240048539236,0.493246874061832,-1.1574416449455491,10619
C18_254.9610327_141.111999,0.5499203556548783,0.585639005657033,0.9913379189285378,0.10221538246973316,10620
C18_254.9679059_73.21471844,0.21188498233560896,0.8333457213014508,1,0.06814085507592703,10621
C18_254.9818997_17.35045255,-0.20550606806903432,0.838289770927305,1,-0.08370052741103512,10622
C18_255.0723253_23.01668376,-1.2220220336392582,0.2293354349579698,0.885876489596682,-0.8099290112870323,10623
C18_255.0816827_122.1839177,0.990024190820391,0.3285160392832829,0.9506069103298993,0.35820765647343644,10624
C18_255.0876853_108.3476351,2.2198341216171475,0.032562784636504395,0.49762776910455647,0.7630140941141905,10625
C18_255.1075353_50.96591608,2.9471161628609295,0.005493399381725146,0.2223678266061632,1.5154339291922658,10626
C18_255.1094297_144.4925575,-0.850992895238075,0.4001819181853111,0.9669701703160376,-0.49767444425819796,10627
C18_255.113912_131.3406298,-1.8158380547438295,0.07740796640836824,0.6862749166340096,-1.3775970950759355,10628
C18_255.1140129_23.33008009,-1.0786934558771848,0.28762326842661756,0.930014439641605,-0.9565133398862345,10629
C18_255.1247022_23.30896693,-1.1293324550782626,0.26593966945599984,0.9156095609297812,-0.5711734865655268,10630
C18_255.1603351_18.96270573,0.29029989076556895,0.7731882876265918,1,0.15756432252306016,10631
C18_255.196607_263.7106791,-1.998314356877183,0.05298181530968803,0.597129438335422,-0.412528513410448,10632
C18_255.1966285_154.1423427,-0.16601012101638288,0.8690419919710144,1,-0.04333185665619125,10633
C18_255.2205155_236.7861421,4.925032431148388,1.7315072530257207e-5,0.02395189232850786,2.7824015053742546,10634
C18_255.2332176_246.3374211,3.8430829626243477,4.554930983866949e-4,0.0663220715420438,1.6435196444284719,10635
C18_255.2412158_245.143089,4.071087735022091,2.3279293975233094e-4,0.051509536387452384,2.0182288725663255,10636
C18_255.2523689_245.0794918,4.768345818464874,2.8103474496654958e-5,0.02395189232850786,3.5574185243999046,10637
C18_255.6210673_24.06765725,-0.18969118753594783,0.8505755389530393,1,-0.1309455570028799,10638
C18_255.6263023_23.86604086,0.9545815325730316,0.3459107459049444,0.9572455292742392,0.9298639953340404,10639
C18_255.6307927_24.86434813,-0.8685318388398718,0.3906353035553406,0.9669701703160376,-0.7280127200431796,10640
C18_256.014995_18.31533481,-0.6528455865306474,0.5178436979064005,0.9824083431236167,-0.3437579390655064,10641
C18_256.0595184_21.46753469,-2.9638968901600875,0.005257103289233202,0.22054786576761237,-1.9171109864690599,10642
C18_256.0650568_22.28750428,-0.260287367075346,0.7960679302574282,1,-0.30707125693232634,10643
C18_256.1325952_25.34304912,-0.5658069654569652,0.574899784145539,0.9913379189285378,-0.4609945473753337,10644
C18_256.1998849_144.1907358,-1.163038447195343,0.25217126995516276,0.9054022050039036,-0.43473354124994235,10645
C18_256.2272198_227.8479963,3.146138773584397,0.0032372696680266645,0.16729442922598323,1.6660520245588184,10646
C18_256.236507_245.1284441,4.021802559330536,2.694157461673034e-4,0.055691070688004427,1.8637593831650625,10647
C18_256.2445376_245.2091814,1.9137986536805718,0.06331186768027389,0.6358487410957531,1.4900562390331302,10648
C18_256.6286804_26.82333939,-1.8378273449707934,0.07403092178490434,0.6742790878918389,-1.629221881495724,10649
C18_256.6340883_26.78674477,-1.1467772488520482,0.258747866580168,0.9097375345216011,-0.9353199535512197,10650
C18_256.9193631_142.0678398,0.34258133116361983,0.7338288536460149,1,0.0841157699601257,10651
C18_256.9266326_140.6925525,0.38312462618878007,0.7037935416837969,0.9999159889500627,0.07446123823150343,10652
C18_256.9267194_21.8479604,0.025904787818212077,0.9794708278898693,1,0.010881764899107589,10653
C18_257.0457201_17.2826543,-0.8003968136840389,0.42852937997492646,0.9742203846590763,-0.3197263749759462,10654
C18_257.0853661_41.14503155,-0.7446475517278294,0.46113232488117595,0.9756152843481324,-0.4240362929683842,10655
C18_257.1395032_157.1757239,-1.3713521163269102,0.17842674699052977,0.8406428444874736,-0.4730945868052595,10656
C18_257.1578093_157.4131985,0.005561525471029322,0.9955920882041334,1,0.0017020592189557339,10657
C18_257.1758255_116.0770669,-0.1464151389936398,0.8843789970292106,1,-0.03876707278644276,10658
C18_257.2121956_143.2489931,0.4373936191978789,0.6643380048424525,0.9978767801948073,0.11774628359131778,10659
C18_257.2273857_208.0907105,2.973020664862273,0.005132668732674034,0.21816090634826346,1.8518538705487213,10660
C18_257.2395322_241.9874811,4.045889895257894,2.508650289091421e-4,0.05254786138883496,1.7110332576051113,10661
C18_257.9972752_42.72907267,0.22694623929828447,0.8216998477305154,1,0.0936444308561129,10662
C18_258.0059721_16.60559591,0.6337597146745402,0.5300896394553577,0.9824083431236167,0.5664034099723357,10663
C18_258.1790038_110.5189116,0.09192740097571775,0.9272457045301732,1,0.05602175802542572,10664
C18_258.1837221_212.1445878,2.2417251907301363,0.030986453513594754,0.4882619706104048,1.4098800238864693,10665
C18_258.2155144_143.4874072,1.0668891179031215,0.29285160080933303,0.9355859314842769,0.5636662133101282,10666
C18_258.2425323_244.9890494,3.9169304066813515,3.669855014553043e-4,0.06266676334633513,1.9583776852253505,10667
C18_258.866629_23.75550229,-0.47816786586659255,0.6353103157248586,0.9953585489094753,-0.2960981110225205,10668
C18_258.9423566_23.95745922,-0.26140959083651466,0.795208986313245,1,-0.111067753532179,10669
C18_258.9423659_150.0264777,-0.3617226180185577,0.7195923123949326,1,-0.08772287953292424,10670
C18_258.9828029_21.10785903,-0.10791489669057779,0.9146392963688461,1,-0.08999442477962476,10671
C18_258.9866554_69.56226448,0.9521643568298074,0.3471189207999932,0.9574386235069654,0.40913223022782036,10672
C18_259.0106132_20.53171013,-1.8780841969115334,0.06817264332729218,0.6506635641991252,-1.3370428544663582,10673
C18_259.0281492_26.23338369,-3.4404554054896512,0.001441190252354169,0.11382459250370121,-2.2703337494357747,10674
C18_259.0617987_18.94461377,-1.3977037629846627,0.1704271000261028,0.8323231239234016,-0.6610348689677458,10675
C18_259.1370265_169.4377404,-0.3794309870694376,0.7065109071137226,0.9999159889500627,-0.13971720352098468,10676
C18_259.1733952_122.6065144,-0.9663382479831419,0.34007420099602914,0.954346097572737,-0.2735731336217927,10677
C18_259.1914816_160.1131327,0.4105051881170233,0.6837746407278241,0.9999159889500627,0.228004656229205,10678
C18_259.2067797_189.6480411,-0.2445757226132983,0.808120072552073,1,-0.11988621461247351,10679
C18_259.2431181_224.9767366,2.682045215161645,0.010824145218946294,0.303114654883505,0.8249602066217443,10680
C18_260.023629_20.03016935,0.9152334344923344,0.36592484581538387,0.9637531830220828,0.6626730474222291,10681
C18_260.2462704_224.4127147,-0.22090264252230662,0.8263682106553034,1,-0.18455971446468686,10682
C18_260.8637649_24.03043233,0.697506030967274,0.48979410181307825,0.9781047779839798,0.26187935788226674,10683
C18_260.8797455_133.5191623,0.2579580748237137,0.7978515775175123,1,0.051866831348888615,10684
C18_260.9787122_26.94204745,0.8513461174472963,0.3999882269116857,0.9669701703160376,0.6431794923303795,10685
C18_260.9967212_140.2919677,-1.2674501077699294,0.21281895544678628,0.8700201576306809,-0.46776323291829014,10686
C18_260.9976664_21.89464059,1.2949862712025337,0.20325190126357934,0.8647457759331585,0.6460417808702645,10687
C18_261.007751_17.59812045,0.0441903347672171,0.9649874731230704,1,0.04596364596600912,10688
C18_261.0151872_35.85035907,1.0401752759684983,0.3049275661157374,0.9402374180413365,1.1539249991381804,10689
C18_261.0284119_20.09167611,2.192495694824746,0.03463144898193746,0.5051806556928042,1.9310126696972698,10690
C18_261.0413485_24.17203069,-1.2590302175566588,0.21581086594347962,0.87223789657115125,-0.6243053093357843,10691
C18_261.0730783_17.34807935,-0.4474035162279573,0.6571609061883914,0.9965858111391217,-0.17347747884526915,10692
C18_261.0881914_22.21697822,-0.7457747541535237,0.4604591286486802,0.9755657681934743,-0.4762543554235847,10693
C18_261.2224535_254.1380767,2.2558328033595614,0.030007043326855637,0.48300271584518656,1.9125205339492142,10694
C18_261.2224562_181.7535906,0.47611888325341933,0.636755675834024,0.995366335059952,0.15128601446040804,10695
C18_262.0185677_36.20564606,1.0333761732395021,0.3080552489215126,0.9421850854569164,0.5109495349480754,10696
C18_262.0702215_22.05976406,-0.27391710698685934,0.7856535112722641,1,-0.2144660234402353,10697
C18_262.0908591_182.0413742,-0.8073766852979989,0.42454791951171866,0.9724257019093233,-0.6523658820587844,10698
C18_262.6205948_22.82799681,-1.419641943698721,0.1639828980345201,0.8259606694845497,-0.8725924221114971,10699
C18_262.8719175_151.9672103,-0.13364963017895579,0.8943952623829874,1,-0.05937594231370785,10700
C18_262.9006023_20.80256036,-1.7805383666933055,0.083101835727012,0.6948552844377854,-1.050418934134688,10701
C18_262.9283374_154.8190642,-1.1006808071493979,0.27806020734033937,0.9253857243533475,-0.3697567668429399,10702
C18_262.9551474_145.2572491,-0.17639837176905765,0.860931455698118,1,-0.08709605627980141,10703
C18_262.9764796_48.92621223,-0.8673233731618013,0.39128843086616794,0.9669701703160376,-0.2050390400157517,10704
C18_263.0126963_45.07801936,-0.3349344032053505,0.7395434017927491,1,-0.11862025822701881,10705
C18_263.0233449_20.81038548,-0.8108450758097976,0.42257787248253154,0.9720967280689153,-0.6995862245593896,10706
C18_263.0385481_25.82743888,-2.442507366881223,0.01942019833805259,0.4041228254674534,-1.2922096138474128,10707
C18_263.0773425_123.3287321,1.8499612697340944,0.0722216520582406,0.6674130316676234,0.8719174875147234,10708
C18_263.0962557_177.6391432,0.1223185484743069,0.9033007818926824,1,0.1236267584363339,10709
C18_263.1039638_21.8344077,-0.22872614694192855,0.8203262051767299,1,-0.13016314828156106,10710
C18_263.1653381_171.9220186,0.8389414238700262,0.40682550601538847,0.9676316311691489,0.3152313876636447,10711
C18_263.2015647_195.7227566,-1.968213688089945,0.056479669243934896,0.6131966854334604,-0.7773171962924392,10712
C18_263.2379793_239.3925528,-0.6375672027930488,0.5276344951333831,0.9824083431236167,-0.13270243134888196,10713
C18_263.6284056_23.12660613,-1.1111732687751423,0.2735769029458503,0.9212133579231264,-1.0169146577516222,10714
C18_263.9717032_46.35437433,0.12134433299390829,0.9040670623856516,1,0.0624342395288178,10715
C18_263.9796023_45.65620108,0.17863514998515959,0.8591870738917766,1,0.03612210781740186,10716
C18_264.0161169_47.50515282,0.6718086962579018,0.5058289531251492,0.9781047779839798,0.20682761270708933,10717
C18_264.0724841_130.4243634,1.294244289453331,0.20350535072122564,0.8647457759331585,0.4993952857243222,10718
C18_264.0726775_22.3238052,0.4121626883761198,0.6825699976827189,0.9999159889500627,0.1310728436899434,10719
C18_264.1064913_168.4006386,-0.2266676626962759,0.8219148906462279,1,-0.19789815751080408,10720
C18_264.107361_21.92578595,0.38088220771195785,0.7054427950675377,0.9999159889500627,0.3294620306936486,10721
C18_264.1300738_23.32895832,-1.7676603353393743,0.08526517120976543,0.6959761542836904,-1.4982490832560735,10722
C18_264.1604784_230.8101939,-0.8594422089595944,0.39556478337296097,0.9669701703160376,-0.41464867566797037,10723
C18_264.2413736_213.1177982,1.0941558404087137,0.2808743575962347,0.9295944216943315,0.389532602587287,10724
C18_264.6263013_23.49433354,-1.6332647512921254,0.11079396490798853,0.7359903416529988,-1.3074648354923561,10725
C18_264.6315345_23.53129257,-1.1210203804136207,0.2694163369564936,0.9185780391297615,-1.008066790790379,10726
C18_264.8876282_144.5017949,1.1261178214252237,0.26728041593600255,0.9172073687974225,0.42592811360869215,10727
C18_264.8977158_20.79782244,-1.2625544515514575,0.2145547565062683,0.8709703423032235,-0.8012051942174641,10728
C18_264.9134854_150.8657107,1.3153726794086769,0.19638144351941542,0.85722836001277,0.263290351552267,10729
C18_264.9344636_181.8450628,0.8296368713962335,0.4120013612939841,0.96978156031432206,0.46435200477117955,10730
C18_264.9345212_64.11144682,0.40626511367459756,0.6868600623253189,0.9999159889500627,0.14982734922573115,10731
C18_264.9532687_73.06064863,-0.7450283385044408,0.46090484457828196,0.9755657681934743,-0.4201435342340516,10732
C18_264.9709433_53.52980031,0.460201193343378,0.6480327472862292,0.9965858111391217,0.19625502697100913,10733
C18_264.9804757_46.22373461,0.15072125391307362,0.8810045157290847,1,0.04439990325510338,10734
C18_264.9899748_27.3123021,-0.0024150620560061315,0.9980858801602945,1,-0.001578119729145576,10735
C18_265.0026039_20.59416587,0.004491555231420189,0.9964401105720591,1,0.0028125729875910182,10736
C18_265.0481103_283.7411651,-0.36964453142367304,0.7137294434392181,1,-0.3922479998839063,10737
C18_265.0502313_19.80314054,-0.8698634717816535,0.38991640783953097,0.9669701703160376,-0.867025813195245,10738
C18_265.0930323_107.0650977,0.28317871414756735,0.7785993408126848,1,0.17369090590595143,10739
C18_265.1097415_169.2536483,2.5506999609223397,0.014966448102693833,0.3510430506621,1.6774669035943952,10740
C18_265.1288703_24.01089383,-0.4561326277614255,0.6509288434888949,0.9965858111391217,-0.5531051008857757,10741
C18_265.1297031_169.8875588,0.07086728671699631,0.9438804747329553,1,0.01027601456882409,10742
C18_265.1480525_143.7269797,-0.5476371285102531,0.5871903813714734,0.9913379189285378,-0.2149941025659262,10743
C18_265.1481149_278.1897581,2.255949870316718,0.029999033147248146,0.48300271584518656,0.7417144800822147,10744
C18_265.1809918_159.93809,0.14835281323484054,0.8828602671595698,1,0.055075159024975597,10745
C18_265.2173831_215.3704238,3.1374288902324357,0.0033141463926803527,0.168495921776726,1.5773043019162476,10746
C18_265.2536832_211.7936083,-1.8176907595854435,0.0771184815846212,0.6849598718477329,-0.665135870461912,10747
C18_265.9742269_69.32549313,0.4792847506394351,0.6345230689078468,0.9947980550876518,0.29882416321464417,10748
C18_266.0181341_22.01681921,-1.035349491702331,0.30714522812041656,0.9414175050708642,-0.8595228971632131,10749
C18_266.0243281_25.01855107,0.5942975080319629,0.5558865938711557,0.9870981072297655,0.4376169151317681,10750
C18_266.0623944_24.57378538,2.7794206229794423,0.008467896363548532,0.2687354589845491,1.20031205796551,10751
C18_266.0881472_272.6069112,0.565100720236363,0.5753751359990209,0.9913379189285378,0.29001781582682423,10752
C18_266.1024657_171.7215329,-0.4561316014127698,0.6509295747614707,0.9965858111391217,-0.32232689504972967,10753
C18_266.1513293_152.579069,-0.8805209877419699,0.38419303455292253,0.9641462546882261,-0.305783852914916,10754
C18_266.2206119_215.7712565,3.6585861898786085,7.766442522408477e-4,0.07626502498164746,2.043660372070561,10755
C18_266.6067847_22.73193819,-0.703420362351237,0.4861443019623717,0.9781047779839798,-0.41107809679763024,10756
C18_266.8717703_79.85197236,0.10835135039089226,0.9142954432281262,1,0.03447273558587146,10757
C18_266.8798694_26.35960731,1.1386528499846371,0.26207961002540076,0.9131550993531528,1.05963903217532,10758
C18_266.9116265_78.57051069,0.2639978373083505,0.7932289427501396,1,0.10316724845759515,10759
C18_266.9291176_73.79239549,0.4729562074104969,0.6389894638413989,0.9955023063019077,0.15808091140542685,10760
C18_266.9630859_30.49815751,-2.11848347174863,0.04082889160087688,0.5347244144365793,-0.4967960197261835,10761
C18_266.9689438_70.04432026,0.4871286347391628,0.6290063873070204,0.9947980550876518,0.18501274654299893,10762
C18_267.0007435_20.65285276,0.8547270037598,0.3981372683930008,0.9669701703160376,0.4911001943768214,10763
C18_267.0303332_17.35305108,-0.8194507915885036,0.41771394645327453,0.9714168272962488,-0.3170499477957459,10764
C18_267.0723237_127.9244496,-1.0581286490750763,0.29677442679573957,0.9388494250827767,-0.32041033058232793,10765
C18_267.0733444_20.50547607,-2.3872608596695284,0.02213183588101047,0.4244273204202801,-0.7667483795799234,10766
C18_267.1086661_23.6362713,-1.7333422382188985,0.09126247888760275,0.7062726814405119,-1.4667832984311333,10767
C18_267.1139683_161.8405819,-0.8527345405480763,0.3992274462123887,0.9669701703160376,-0.5679627846381546,10768
C18_267.1239993_23.44808512,-1.0396939229207083,0.30514827159173447,0.9402374180413365,-0.37823105369848853,10769
C18_267.1437571_140.8199418,-0.6828909536784138,0.4988786809373894,0.9781047779839798,-0.2320208582450531,10770
C18_267.1569362_151.0146074,0.8382353515693859,0.4072168531691158,0.9676316311691489,0.5364026033738619,10771
C18_267.1965118_130.0867041,-1.9283964566695313,0.06141256795508745,0.6293486252931663,-1.03000653189965,10772
C18_267.2331259_234.8671734,3.743989461456779,6.0735899476267e-4,0.06985791151938181,2.2101242534338126,10773
C18_268.0400055_133.8948035,-0.19081336215532943,0.8497024954998393,1,-0.12930777158668127,10774
C18_268.049434_17.37124729,-1.3452973675691717,0.18661904969010307,0.84811141863714,-0.5310532368738768,10775
C18_268.1274665_24.30294303,-0.7997089111666877,0.42892299345690554,0.9742203846590763,-0.3877762551116128,10776
C18_268.2000158_141.9070621,-3.3823857896478753,0.0016947294967202143,0.12282648482768792,-1.61204568472277,10777
C18_268.2363957_235.7940905,2.946127067545926,0.005507633850093045,0.2223678266061632,1.7092507610448657,10778
C18_268.8768402_26.30820598,0.8216821229299185,0.4164584280757424,0.9712636476221591,0.31616008787594196,10779
C18_268.8956606_24.90134399,0.8660970188846545,0.3919519309954477,0.9669701703160376,0.5946867834080495,10780
C18_268.942289_27.90600314,1.2723895616030427,0.21107833879588483,0.8683661493536527,0.4142164077264931,10781
C18_268.960218_31.21331921,-1.267317880648822,0.21286569879545153,0.8700201576306809,-0.3984344924735397,10782
C18_269.0880264_21.53827014,-2.2257374705251767,0.032130807543341716,0.49528647988607655,-1.1403352794862072,10783
C18_269.1296307_142.2975753,-1.2372370590495025,0.22370097739848369,0.8799075082512211,-0.5888026366565459,10784
C18_269.1579595_172.4343146,0.45044818643763324,0.6549843461348359,0.9965858111391217,0.13346028158340276,10785
C18_269.1759271_157.5545811,0.2494511194536805,0.8043750129751419,1,0.11222124123122684,10786
C18_269.2123855_240.2330114,-0.36978874478568347,0.7136228752139742,1,-0.21100720972700238,10787
C18_269.2398569_236.1560683,2.288734469255811,0.027829641560203934,0.46709793687051687,1.2471348265295068,10788
C18_269.2487192_261.1057499,3.828272749569867,4.755858231449856e-4,0.0663220715420438,1.6679118805822921,10789
C18_269.6285263_52.65665068,1.7756937299147089,0.08391018028092219,0.6957822607914386,1.4910578060093465,10790
C18_270.092402_22.05933872,-1.71387055059101,0.09481949427692789,0.7121317722762723,-0.6170419623928057,10791
C18_270.0926808_128.8574798,-1.4428942227468404,0.1573628606639961,0.817448273034246,-0.4713090783765954,10792
C18_270.0927504_269.5769764,-0.3087146422664328,0.7592494640015507,1,-0.11521193125565729,10793
C18_270.1330439_142.8344441,-0.9474372125673345,0.3494897502858356,0.9575312132874918,-0.5728574827862138,10794
C18_270.2156156_242.6232886,2.10515692645128,0.04204330227114099,0.5390014802778794,0.8190121863494652,10795
C18_270.252021_260.4791913,3.807560424404299,5.051334306318534e-4,0.0671313570817816,1.5375283970865499,10796
C18_270.8458592_20.54592635,1.325208571897934,0.19313058183000523,0.8515234707275139,1.1996292061633977,10797
C18_270.8806479_166.4081883,0.8091020266471699,0.4235672277044926,0.9724257019093233,0.3087502579445711,10798
C18_270.8925777_24.97972149,0.7355363101491346,0.46659477248758563,0.9775312433001775,0.3454563651160415,10799
C18_270.9004078_78.45960401,1.2846381295776823,0.20680830628064206,0.8673174277697767,0.5552357356407842,10800
C18_270.9351287_155.0089391,-1.241167498750099,0.22226232654903622,0.8798719757146458,-0.2960015382440787,10801
C18_270.9425555_146.2265858,1.7717387069063215,0.08457499016485424,0.6959761542836904,0.4117119196264261,10802
C18_270.9426392_26.26632347,-1.1169174111460718,0.27114438742417857,0.919604667683454,-0.41892151277285616,10803
C18_271.0253403_17.30988872,-0.810466785590276,0.4227924703684297,0.9721998989297468,-0.3224398713429136,10804
C18_271.062549_20.29856848,-0.6751080150002524,0.5037542462834994,0.9781047779839798,-0.4400934012574802,10805
C18_271.070279_24.42838364,-0.6364484457766572,0.5283552656527396,0.9824083431236167,-0.3308924418655044,10806
C18_271.15529_147.4403541,0.49755371805688553,0.6217075866927688,0.9947980550876518,0.21796839049180916,10807
C18_271.1736685_161.6339619,0.07260869826822992,0.9425039140730214,1,0.012101819841594011,10808
C18_271.1915986_164.8942592,-0.6175062262497603,0.5406377171125738,0.9844101439284977,-0.176130038475913,10809
C18_271.2068553_240.4380871,-1.9287402842574777,0.06136843098170669,0.6293486252931663,-0.7048962029731329,10810
C18_271.2278124_255.914713,-1.176509312729277,0.24681568090801154,0.9005362363839727,-0.29940863912141263,10811
C18_271.2281257_149.6886302,2.5772330736530797,0.014027632986485673,0.34113639971778625,0.7186261561131053,10812
C18_271.2556232_260.8804959,3.0488366779778215,0.0042006940920502125,0.19939618047014998,1.5946739602011062,10813
C18_271.6261239_22.5928932,-1.7121461164064657,0.09514000502268982,0.7128280646827104,-0.900849768509838,10814
C18_272.0130443_49.26319979,0.8986247531482872,0.37459413065435077,0.9637531830220828,0.3168529497405611,10815
C18_272.0519409_24.28381382,1.1620430098494916,0.25257034410072593,0.9054022050039036,0.6947362270810142,10816
C18_272.0574044_148.1634604,-0.688612625417376,0.4953110878286663,0.9781047779839798,-0.2979249852331292,10817
C18_272.066249_18.14135877,-1.179850284276654,0.24550033735057325,0.9002001515555613,-0.7457875435658553,10818
C18_272.0732949_24.34350566,-0.7245029665956764,0.473259322366568,0.9781047779839798,-0.5838905900000361,10819
C18_272.1074499_21.66026283,-2.224990084155165,0.03218521357588471,0.49528647988607655,-1.855338368374429,10820
C18_272.1692302_136.5047138,1.071262547507306,0.29090684656569976,0.9336356607859333,0.7750714464312318,10821
C18_272.2313071_152.0889068,3.1827366487636786,0.00293233304431047,0.15802674672714098,0.7516996400507964,10822
C18_272.8427671_20.49527021,0.6332170344082393,0.5304400616007225,0.9824083431236167,0.3159262025403512,10823
C18_272.9008391_135.3771105,-0.15973532930374992,0.8739479945087721,1,-0.042709524562952454,10824
C18_272.9581858_134.8908144,-1.2279642680468197,0.2271225116904554,0.8838402126105115,-0.33272364239877195,10825
C18_272.9582531_25.31118724,-0.43637994834159033,0.6650666106954155,0.9978767801948073,-0.19837018254296074,10826
C18_273.0666071_19.94233758,-0.25480195004953277,0.8002701200739146,1,-0.15225681612591732,10827
C18_273.0733674_17.59530763,-0.1617504026157185,0.872371931771091,1,-0.06141835552148576,10828
C18_273.0805117_24.4361972,-0.32181814717472634,0.7493799435925137,1,-0.338170815669702,10829
C18_273.0912198_23.10349236,0.9052559879286923,0.3711170728384441,0.9637531830220828,0.7233490833774368,10830
C18_273.134493_165.0693432,0.836286205328492,0.4082983974657257,0.9676316311691489,0.24623300410845023,10831
C18_273.1528894_168.3818586,2.0923639942475263,0.04323888434102084,0.5457830881143292,0.7729519480984219,10832
C18_273.1894006_144.8789558,-1.1702259542019038,0.24930334380816407,0.9045037333458517,-0.3042180913814717,10833
C18_273.2074522_211.0360008,1.6959141118533243,0.09820141760589689,0.718134185467518,0.9144981980966834,10834
C18_273.234692_151.9240027,-0.9490186868177313,0.34869539729988286,0.9574386235069654,-0.6157382515071781,10835
C18_273.992441_48.06313262,0.6049344293944438,0.5488707392634193,0.9857989553982086,0.22365954819628076,10836
C18_274.0006069_28.68083596,-1.7689732648336602,0.08504246944448789,0.6959761542836904,-0.8641830265647833,10837
C18_274.0765521_18.29418216,-0.5807832159163617,0.5648654987093851,0.9911473761431051,-0.3268461720591268,10838
C18_274.083913_24.54081128,-0.3596258650096188,0.7211469767855878,1,-0.3708052608420125,10839
C18_274.1048098_19.56014777,0.4449236467323526,0.6589359438138802,0.9966192045168055,0.319269738064284,10840
C18_274.1849349_148.6027031,3.757430278856378,5.842001261465045e-4,0.06849092523702675,2.688364268804647,10841
C18_274.192636_137.792435,0.9854560164155121,0.33072433116959055,0.9506069103298993,0.3026848850453252,10842
C18_274.7925453_20.52878549,-0.8625353299459595,0.39388295111983174,0.9669701703160376,-0.6438620692262504,10843
C18_274.9164429_133.0770379,-0.3438229903515031,0.732902398048679,1,-0.09757609345443306,10844
C18_275.0234815_22.77456977,-1.9620347940708236,0.05722193181501814,0.6133199145431344,-2.0593768125651604,10845
C18_275.0597572_23.08517854,-0.23558093313235623,0.8150414206482698,1,-0.15968317603785592,10846
C18_275.0763251_24.41761648,-0.30911866682578004,0.7589445337534431,1,-0.27080064384069613,10847
C18_275.0873253_26.6092461,-0.9025958923219742,0.3725093717078609,0.9637531830220828,-0.9733346647204913,10848
C18_275.1081859_21.53910971,-2.5676346942391928,0.014360826673212302,0.3449672584650845,-1.2811856021481036,10849
C18_275.1140515_142.3794805,-1.4503528131511287,0.15528457005174875,0.8126472902585885,-0.29882348609983606,10850
C18_275.129032_26.12331739,-0.3701285516605404,0.713371793764416,1,-0.28373808495749187,10851
C18_275.1651789_292.3338092,-1.2570686521172112,0.2165123909761037,0.8728277295957376,-0.4086301413043299,10852
C18_275.1653167_16.997927,0.2620574811679346,0.7947132120844855,1,0.14500935323886846,10853
C18_275.16536_123.4224324,-2.6492866677676035,0.011744358575314962,0.3143166494347497,-0.6386650553033918,10854
C18_275.2017399_188.8769821,3.3375660198843105,0.0019190441983076036,0.12699856034871324,1.6246549644550965,10855
C18_276.0630099_23.52829479,-0.3717702120964748,0.7121592352561993,1,-0.19542189868646875,10856
C18_276.0796573_24.65539262,-0.3771599125944794,0.7081836461737236,0.9999159889500627,-0.3967894721718553,10857
C18_276.1322824_26.49454708,-0.6951172246901638,0.49127259993873973,0.9781047779839798,-0.4692645331083448,10858
C18_276.2050507_195.943949,3.1771738786780133,0.002976857649121828,0.15853028361933533,2.0239050278118818,10859
C18_276.2098975_213.1203117,1.563150594874154,0.12642901936702322,0.7652102591223218,0.43914907438960915,10860
C18_276.9086227_20.91041971,0.27347616153813953,0.7859898229827863,1,0.110001048201817,10861
C18_276.992189_47.19873058,-0.10904224610788366,0.9137511661175095,1,-0.02942863875129412,10862
C18_277.0010886_46.21282864,0.3413809878965396,0.7347248651817675,1,0.09970066580775755,10863
C18_277.0332122_22.55113193,2.3713768426691977,0.022972540260234965,0.4301532866368192,1.149410426417919,10864
C18_277.0418304_28.45635767,-0.2139269540209638,0.8317645055576196,1,-0.1995246821905286,10865
C18_277.0547537_28.46273442,-0.8688321799786751,0.3904730881730186,0.9669701703160376,-1.1029339586737008,10866
C18_277.1446279_103.4268505,-0.47357525128062394,0.6385519659347714,0.9955023063019077,-0.3554203343060043,10867
C18_277.1808979_120.9246469,-0.4137217936534634,0.6814376338287895,0.9999159889500627,-0.25432401496417245,10868
C18_277.2044261_212.0599021,3.4059808653437686,0.0015869461618430955,0.11928671867251212,2.479955276781166,10869
C18_277.2175018_210.7050905,3.7740283806997184,5.567788951396079e-4,0.0678061739739786,2.1158291058659655,10870
C18_277.2265551_212.0213732,3.7624091348789146,5.758403012640296e-4,0.06801842957036018,2.7515030550384783,10871
C18_277.2341485_211.8922758,3.317308091171156,0.002029490513309778,0.1280453653176571,2.6881153728188654,10872
C18_277.5715272_20.70826172,0.608132462836535,0.5467703173382459,0.9857989553982086,0.30152690988851927,10873
C18_277.9874159_48.47541135,0.8739864632485653,0.3876958807744202,0.9661464710102153,0.22108595503061013,10874
C18_277.9955085_47.99362222,0.7016018692115953,0.4872648825225271,0.9781047779839798,0.1887616374101726,10875
C18_278.1479791_79.35662204,-0.26770372512329743,0.790396304560134,1,-0.15436019897418293,10876
C18_278.220877_208.100888,3.7082273237576175,6.733868114332768e-4,0.07052604538411186,2.2235252656405327,10877
C18_278.2260517_229.5676598,1.1569991705721316,0.2545994747520118,0.906563406245264,0.8127754481383628,10878
C18_278.2303077_212.0115826,1.5531381480271165,0.1288011317200494,0.7679187018299719,0.4784573101578095,10879
C18_278.6068067_23.81611726,-1.4186885388056942,0.16425892874204667,0.8264778495909016,-1.2024608118704323,10880
C18_278.9029375_146.7495153,0.685532622140557,0.49722977658881096,0.9781047779839798,0.24645385417437593,10881
C18_278.9056653_27.04169185,0.47248660414010485,0.639321434564867,0.9955023063019077,0.2433721523954921,10882
C18_278.9244401_26.65296083,0.8545702809440954,0.39822295172740374,0.9669701703160376,0.5430234996547031,10883
C18_278.9297497_157.6811709,-1.2497444150751906,0.21914688930348356,0.8764295700285223,-0.3301628233212477,10884
C18_278.9502471_56.65914619,1.0496454382454126,0.3006078074189162,0.9396681966123791,0.36260070351214424,10885
C18_278.9865643_58.87259093,0.5897114342556281,0.5589254478994181,0.9891348092350075,0.2505788867121039,10886
C18_278.9961285_47.81915901,0.003484194421349272,0.9972385146571997,1,9.513836455687326e-4,10887
C18_279.039209_22.39472586,1.3315637255577666,0.191052113725317,0.8507713974810356,1.0919908631507007,10888
C18_279.1635952_140.8059618,-0.8220699164654716,0.41624046217722066,0.9712636476221591,-0.1694027025881799,10889
C18_279.1975245_230.2462896,1.6587593695749128,0.10551777423708963,0.7270102455490702,1.1642002868373869,10890
C18_279.2104759_229.8853091,3.71040680697717,6.691716256802704e-4,0.07052604538411186,2.7005265847488773,10891
C18_279.2175661_225.7865324,3.8306120126746497,4.7235598486459156e-4,0.0663220715420438,2.4409129665617497,10892
C18_279.2236201_220.8870062,3.6881989473931682,7.133429484954481e-4,0.07230075948944188,1.9045440804964004,10893
C18_279.2332211_230.5434698,3.941336253134835,3.4159487280288836e-4,0.06119150011595427,2.047470048354016,10894
C18_279.2431658_229.570527,3.878671677639175,4.105203237319514e-4,0.06449274285828956,2.2089171042206317,10895
C18_279.2577198_229.757348,3.8275412706116594,4.7660017038089335e-4,0.0663220715420438,2.6665393307162133,10896
C18_279.6145192_23.46934006,-1.2223137321750541,0.2292264334163155,0.885876489596682,-0.7831512033142228,10897
C18_279.9898971_66.78422438,0.8556368525026548,0.397640065172862,0.9669701703160376,0.6180830564314247,10898
C18_280.1162776_23.27098507,-1.314311570590135,0.19673462866297292,0.8578132157355828,-0.7982187158509798,10899
C18_280.1245822_96.10389132,0.24863055794276723,0.805005007030032,1,0.11319780821429998,10900
C18_280.1557219_24.27980566,-0.2912987045580423,0.7724302446745017,1,-0.1597282343912775,10901
C18_280.1670688_141.0228978,0.8219644097819129,0.41629975705077804,0.9712636476221591,0.5943154751976716,10902
C18_280.2273147_221.5412977,3.0065920259309893,0.004698241248397152,0.21209589083999789,1.4308907382857865,10903
C18_280.2365333_229.9125167,3.922039694691939,3.6152261475327094e-4,0.06241231074476798,2.1120324205242382,10904
C18_280.2456266_229.6311559,3.3359407170961233,0.001927689215934353,0.12699856034871324,2.8339369603016333,10905
C18_280.6124893_23.39140724,-1.1567024785976923,0.25471919998596865,0.906578756633341,-0.8182008808461104,10906
C18_280.6176009_23.19547265,-0.3985516187669931,0.6924869371549116,0.9999159889500627,-0.3066433196737788,10907
C18_280.6263314_96.02433472,0.3943564124780179,0.6955547298159265,0.9999159889500627,0.2692529082710216,10908
C18_280.827208_21.56075731,-0.16617005734106427,0.868917011982066,1,-0.11219097750813685,10909
C18_280.8616047_136.4287625,-0.7885319275851961,0.4353489861414588,0.9745124110909839,-0.35196813004411764,10910
C18_280.8874547_77.56984368,0.6460013454896865,0.5222175504148103,0.9824083431236167,0.1724347788805577,10911
C18_280.9085507_74.25509601,-0.23490892190551313,0.8155591336197303,1,-0.11471871378845565,10912
C18_280.9272547_77.61361826,0.8742917775109258,0.3875317666122067,0.9661464710102153,0.5673796427136489,10913
C18_280.9447522_72.15437708,0.5162826203893695,0.6086922584420209,0.9928201179984223,0.16887218359931186,10914
C18_280.983144_123.8659822,-0.2687670484480381,0.7895840708800645,1,-0.07956320295506243,10915
C18_280.9831457_271.3175176,0.7478007125102083,0.4592506095746378,0.9755657681934743,0.2513500407700397,10916
C18_281.0364386_22.70368638,0.21589536408973298,0.8302409230573671,1,0.14093037848897133,10917
C18_281.0549056_22.3165506,0.33098786420531284,0.7424985378726382,1,0.2285026583601055,10918
C18_281.0704882_23.82633709,-1.5190882467976965,0.1371383621232753,0.7784967967874279,-1.3454006415270379,10919
C18_281.0882611_117.1916946,0.6323357088482121,0.5310094160917807,0.9824083431236167,0.20438057850167454,10920
C18_281.1141653_25.00035105,-1.2838294035067934,0.20708821384800136,0.8678275884790382,-0.9494612851426085,10921
C18_281.1241117_25.3669075,-0.9312850233231453,0.35767114246484333,0.9588670540445742,-0.5365347910662028,10922
C18_281.1323606_116.1404129,-1.1071078659665823,0.27530786407248414,0.9227236778686373,-0.682341937941011,10923
C18_281.1757399_161.0721034,1.3951990365987506,0.17117523829215792,0.8323231239234016,0.4233685501175298,10924
C18_281.2122702_170.0316551,1.3213725446128872,0.1943935022040301,0.8530860928789571,0.3843265198876569,10925
C18_281.2126845_252.6599223,4.370476900555026,9.482969680753616e-5,0.038199347098625464,3.298494907438182,10926
C18_281.2284041_252.197391,4.652168749513529,4.017476259695518e-5,0.028688432745371178,3.544598705951791,10927
C18_281.2395053_238.3178652,3.981228947365549,3.037274718603312e-4,0.059160036624645376,2.1938396981429755,10928
C18_281.2489516_253.5821947,4.585508473479459,4.9279648281998044e-5,0.030005296016407244,2.5438975631627807,10929
C18_281.2695861_252.1806945,4.772549508618777,2.774161142273193e-5,0.02395189232850786,2.948852632802694,10930
C18_281.6222123_26.57479239,-1.2226042706381097,0.22911790350503095,0.885876489596682,-0.940045187184363,10931
C18_281.6341601_115.4418927,0.8113216270907283,0.4223076272163029,0.9720647144923827,0.39142709808686776,10932
C18_282.0556259_52.75733498,1.7025909231724734,0.09693237439011797,0.7163791506558442,0.9002004803567535,10933
C18_282.0848186_17.84386011,1.3126673309271537,0.19728286186917715,0.8589075869458993,0.5360691767426512,10934
C18_282.1209955_34.38015825,-1.4720818594981477,0.1493533593272871,0.8016471986305529,-1.1571599810998558,10935
C18_282.1262199_125.0264877,0.41859340094353387,0.6779042494655418,0.9996367449012522,0.24025948253205628,10936
C18_282.1685688_114.5232678,-1.546233443066707,0.13045783432028682,0.7695072627505222,-0.8389733185351559,10937
C18_282.1686418_283.6918008,-1.7854037207892246,0.08229664997991923,0.6948552844377854,-0.4872687155036708,10938
C18_282.2429666_234.954775,2.9732383862781133,0.005129733435382831,0.21816090634826346,1.6630518087942896,10939
C18_282.2522662_253.0310635,4.620996871627934,4.420485461737398e-5,0.028935761084956053,2.668070443731338,10940
C18_282.2617081_252.1246463,5.165869799721672,8.189716125714081e-6,0.02395189232850786,4.116707860485439,10941
C18_282.9031388_80.68699178,1.6296122375877575,0.11156732371614488,0.736040478094709,1.074578377671694,10942
C18_282.9111365_25.92923435,1.6820824662929887,0.10087430385150613,0.7194807920788194,0.877627056308897,10943
C18_282.9270872_78.23793545,0.11491772623795751,0.9091242797722252,1,0.06958613919969993,10944
C18_282.9428661_73.30473057,1.9731179160670935,0.05589647937151374,0.6099355153895992,1.0781064779455485,10945
C18_282.9579843_42.10602439,0.36797941976591375,0.7149603184744955,1,0.11189566235817693,10946
C18_282.9757975_32.91493075,-0.5222795734145503,0.6045516044489099,0.9928201179984223,-0.27645316072721793,10947
C18_283.0253124_17.53911459,-0.766345560066977,0.4482745451372607,0.9745894987688215,-0.3041906387818149,10948
C18_283.0533076_22.49395125,-1.1254960246133712,0.267540309634872,0.9176983109964715,-0.8830786023776287,10949
C18_283.0682123_23.01177238,-0.24269254703483006,0.8095678739189691,1,-0.4233161758332016,10950
C18_283.0826361_22.44703206,0.2820329003668204,0.7794710436609613,1,0.21224559523406356,10951
C18_283.1090107_156.1443378,-1.4751105958215909,0.148541098746522,0.8014900281899261,-0.7799925709940119,10952
C18_283.1095941_90.38083778,1.2947238727239023,0.203341505170555,0.8647457759331585,0.9594119132142322,10953
C18_283.1375752_132.003894,-1.1256972411820723,0.2674561869559781,0.9176101107399904,-0.5728245977143511,10954
C18_283.1736372_172.9566777,-1.2687582553549066,0.21235693021806926,0.8692358972709401,-0.39483437654120074,10955
C18_283.1917147_244.7345778,-0.021596634361713916,0.9828843783069208,1,-0.007617299378520131,10956
C18_283.191863_23.23692741,0.5083935052628479,0.6141592931549062,0.9931667617408494,0.13013771841095526,10957
C18_283.2433734_218.1762523,3.31922655585318,0.0020187764393884786,0.1280453653176571,1.2326234187463618,10958
C18_283.2480741_279.0367122,2.6265787892235672,0.012424032011714149,0.3216997248155867,1.5911686192286603,10959
C18_283.25537_256.5390392,4.488279981019389,6.631073204764006e-5,0.031001382561299397,2.484951418306309,10960
C18_283.2647088_271.7735592,1.6214775060188487,0.11330564664511375,0.7398432349432608,0.46677908339483104,10961
C18_283.2737574_275.590778,1.5015926498691945,0.14158771517481775,0.7868210135820258,0.5088066509656,10962
C18_283.2808682_276.1513837,2.091453067592321,0.04332514521231013,0.545820393973851,1.1539525456779034,10963
C18_283.95731_29.81034836,-0.045645468783227935,0.9638353618908952,1,-0.021867082904711625,10964
C18_284.0673238_21.43557344,-0.1473945443680087,0.8836112931764764,1,-0.10955125913318622,10965
C18_284.1125226_156.5434723,-1.068438594034003,0.29216155145088035,0.9343229000674844,-0.7921189108974037,10966
C18_284.1996183_220.7152452,1.9022460025172272,0.06485055731789044,0.6405709176144979,1.3020243236201432,10967
C18_284.2232576_137.5192404,1.6602475839480721,0.10521629911822776,0.7270102455490702,0.4644811396586168,10968
C18_284.2314395_166.6400858,0.28536328770075337,0.7769381824537248,1,0.07810640688354988,10969
C18_284.2466037_218.0969164,2.573242065657382,0.014165303623249395,0.3416577542585483,0.9132664509547554,10970
C18_284.2585423_252.2158471,3.5373508064852035,0.0010970661148330155,0.09469730035179491,2.314881526916377,10971
C18_284.2680194_273.0324826,1.7490013598485041,0.08848351179026347,0.6991326024755875,0.5492110183778129,10972
C18_284.2773905_278.9770411,1.8813226956948343,0.06771908667371092,0.6493544748295632,0.9125328861740905,10973
C18_284.5794047_19.89718558,0.7166889509095372,0.4780120606509666,0.9781047779839798,0.48066555991467097,10974
C18_284.9161356_73.25279215,-1.023968065934717,0.3124194190488419,0.9421850854569164,-0.4543902369429223,10975
C18_285.0108487_23.33525049,1.995981942922703,0.05324596226048384,0.597129438335422,1.425889008809448,10976
C18_285.0410295_17.41887766,-0.8363480397188997,0.4082640594164372,0.9676316311691489,-0.3262632861426649,10977
C18_285.0653744_160.0453165,0.09547826634116056,0.924444028232859,1,0.013294934679109515,10978
C18_285.0713371_22.22166284,-0.3976282597779928,0.6931617058883575,0.9999159889500627,-0.29717404021195365,10979
C18_285.0858718_24.89499657,-1.4200301438650274,0.1638706101697973,0.8259246986742109,-0.9644621835821564,10980
C18_285.1208942_22.95871624,0.2632051264066157,0.7938352306522665,1,0.2111003324518431,10981
C18_285.1246674_115.4293115,-0.25913676881388253,0.7969488588869651,1,-0.18874933448133635,10982
C18_285.1530109_158.8205533,-2.3690158893667066,0.02309993415195868,0.4309384917552656,-0.7740890820154895,10983
C18_285.1710383_158.4810312,0.6983203917554199,0.4892906414408653,0.9781047779839798,0.23338659954728772,10984
C18_285.1893098_170.255146,0.3739787369369374,0.7105291753778629,1,0.07167060209599187,10985
C18_285.2265321_137.7309899,0.21819455207023508,0.8284621537848464,1,0.09160400975851227,10986
C18_285.2437752_154.8888576,1.3979225710664906,0.17036186534935144,0.8323231239234016,0.341469792359703,10987
C18_285.2586879_234.8362979,3.140164592023099,0.0032898156921952622,0.16834854893937318,1.876426472857608,10988
C18_285.2710004_275.6597498,1.3845456893023484,0.17438590363829407,0.834640816827064,0.3860607679926177,10989
C18_285.2710318_179.6879884,0.1463231015804578,0.8844511460873343,1,0.039430929626604536,10990
C18_285.9543273_30.67624263,-0.012668741705298964,0.9899593271244482,1,-0.0036129413250546557,10991
C18_285.9897424_19.93341278,-0.8198855180862289,0.41746915410182117,0.9713818483750211,-0.3868539034692399,10992
C18_286.0647255_159.8503013,-0.14892204947891832,0.88241419029472,1,-0.022081945057066846,10993
C18_286.0692874_156.7487953,-0.8903910632658872,0.37894049303564137,0.9638726330536317,-0.4808215350773533,10994
C18_286.1280306_107.1689828,-0.6256764422974185,0.5353218433740279,0.9833164118236528,-0.43776487382823576,10995
C18_286.2150997_245.5042146,4.391572137666692,8.896006681398208e-5,0.03777196350399077,2.0068998325441654,10996
C18_286.247136_162.936554,-0.5847147651369897,0.5622459015122946,0.9902335328204201,-0.19759962549374235,10997
C18_286.2740004_277.0570204,2.080636890522104,0.04436100762718567,0.5517606452510946,1.0827146248475268,10998
C18_286.6043501_22.97770586,-0.3307770286720876,0.742656521430725,1,-0.33723189771830875,10999
C18_286.6223947_24.80154388,0.17772528690299444,0.859896557186421,1,0.14731510065806658,11000
C18_286.8618667_22.07583941,0.03694137410431496,0.9707279657509171,1,0.020762284100605734,11001
C18_286.8744711_82.34281896,1.6229181034790086,0.11299619548638562,0.739346202037117,0.9400806036682063,11002
C18_286.9166041_142.3496089,-0.0013726978044745774,0.9989120321483678,1,-3.963459002075533e-4,11003
C18_286.9376337_161.0688307,1.2572699236322915,0.2164403306549256,0.8728105295437921,0.5207507859335053,11004
C18_286.9740366_141.0864199,0.7307712506200553,0.4694663782876477,0.9777549229263227,0.1899966440490453,11005
C18_286.9977022_18.72730777,0.17449082119804377,0.8624196431356973,1,0.12282477610345255,11006
C18_287.0077655_23.28463583,2.271879172051692,0.028926758094449324,0.47824805056138364,0.979892980928689,11007
C18_287.0387207_100.0199519,0.7492431308202302,0.45839130997717303,0.9755657681934743,0.3434615385751116,11008
C18_287.052616_19.3123694,-0.18502006706366367,0.8542116718211124,1,-0.1931969724190519,11009
C18_287.0601425_22.86046848,0.739083392717766,0.4644637660650014,0.977038339924947,1.2253139077255122,11010
C18_287.0621531_159.9291898,0.005452999886477685,0.9956781017071323,1,7.220300049493839e-4,11011
C18_287.0690335_158.2979215,0.8737641688161747,0.38781539739537607,0.9661464710102153,0.2741521306790266,11012
C18_287.1038463_84.18966357,-0.9092682250646399,0.3690234254789415,0.9637531830220828,-0.6061809183219958,11013
C18_287.1502897_160.4067353,1.646896886109415,0.10794639068834307,0.7299405333124399,0.6641470629766006,11014
C18_287.1685621_160.1116721,-1.096267341785905,0.27996149511332946,0.9288690788237394,-0.3242019087311743,11015
C18_287.1866768_161.689618,0.5954412624923261,0.5551300209165064,0.9865304209500617,0.2351876859963581,11016
C18_287.2050121_150.3840018,-0.4087929785222306,0.6850199255687764,0.9999159889500627,-0.10262865372149721,11017
C18_287.2188451_244.7798734,1.403574737169715,0.1686834860561977,0.8314976732916184,1.0671380318989947,11018
C18_287.2228946_145.4265263,0.3272579475122835,0.7452951043439896,1,0.09199494543841001,11019
C18_287.6120926_23.05435376,-1.421768854264724,0.1633684233357657,0.8255123610823027,-0.8414788106124332,11020
C18_287.9718969_21.49978281,0.6485877387315468,0.5205623810691014,0.9824083431236167,0.4864694676675276,11021
C18_288.0081171_49.22420717,1.3712574258098813,0.17845600804364892,0.8406428444874736,0.37933962292127066,11022
C18_288.1137506_22.85899802,-0.9969333415017438,0.3251950427508292,0.9506069103298993,-0.5133284211961966,11023
C18_288.1225878_28.00011351,1.690495411517936,0.09924145680779883,0.718134185467518,1.627097308988948,11024
C18_288.2083955_150.3047068,-0.7636330098961431,0.44987027081645714,0.9745894987688215,-0.12831078686037561,11025
C18_288.2307109_245.5199715,3.1789487552206634,0.0029625822530803224,0.15830669114248933,2.1759649931767613,11026
C18_288.6101493_22.71423319,-1.1042554089669792,0.27652701255942336,0.9229316692816105,-0.6988883877798483,11027
C18_288.6199781_23.12476321,-1.0755099650318172,0.28902679453152896,0.9304530619037541,-1.0971225223808503,11028
C18_288.7697582_20.62189269,-0.07605391991454818,0.939781046647051,1,-0.0726461662329872,11029
C18_288.859006_22.04637306,-0.44463670469682137,0.6591414601457468,0.9966384251949502,-0.3115212670661678,11030
C18_288.8748053_130.0878533,0.2678508430642304,0.7902839124177949,1,0.07730931693749085,11031
C18_288.9322222_142.6508011,0.2581062284390064,0.797738096596625,1,0.06339714152154183,11032
C18_288.9532187_46.17815663,-0.8824106210298454,0.38318385926730447,0.9639039222134288,-0.28866478628393955,11033
C18_288.9533396_170.8673782,-0.2618105171473965,0.7949021820485294,1,-0.19100767401503918,11034
C18_289.0682273_17.64036337,0.5488302424811883,0.5863794537519843,0.9913379189285378,0.20978320011465118,11035
C18_289.0755137_23.10868493,-0.29004328145632824,0.7733830759090322,1,-0.3237072942539249,11036
C18_289.106175_29.74185599,-0.9436458564116822,0.35139896021039163,0.9578247927857968,-0.5686977537877683,11037
C18_289.1220749_22.93489833,-0.8555694859198577,0.39767686549898495,0.9669701703160376,-0.7361872997929272,11038
C18_289.1298155_150.4215483,0.03693239857405274,0.9707350745659218,1,0.0062802042816746655,11039
C18_289.1823371_185.6029181,0.5051454613496394,0.6164166624522007,0.9935268048757642,0.32901693496769807,11040
C18_289.2019297_149.3604755,0.3273878221743276,0.7451976697112034,1,0.11332204717553591,11041
C18_289.6177598_23.76666485,-1.4974154012356358,0.1426669318347011,0.7880792894244565,-1.8027368966930242,11042
C18_289.6233934_24.03373717,-1.0499357508698435,0.30047605654097137,0.9396681966123791,-1.417021583250254,11043
C18_289.9797444_280.6254798,0.11390656261300178,0.9099203379442924,1,0.03756125473439044,11044
C18_289.9797929_114.9780614,1.1443620170845337,0.25973512675653865,0.9110155930665823,0.7208827980867262,11045
C18_289.9959623_18.36165016,-0.23249263201899634,0.8174213179303552,1,-0.1748163229393842,11046
C18_290.0204094_17.76971174,-0.98206010341324,0.33237240377281707,0.951799209491607,-0.7195572898444423,11047
C18_290.0788082_23.43729484,0.14137509281968552,0.8883313918986284,1,0.12065394821634041,11048
C18_290.0999449_17.36674024,-0.41336903693739496,0.6816937725545322,0.9999159889500627,-0.17299588550883155,11049
C18_290.1191966_24.30437165,-1.277250687074631,0.2093758035598405,0.8683661493536527,-0.8405246210827388,11050
C18_290.2127587_182.4483452,-0.8407651804512435,0.4058157527433116,0.9672616821631036,-0.23141564769675074,11051
C18_290.8904162_127.9337181,0.09113178313026155,0.9278735867907939,1,0.03599822901445426,11052
C18_290.9243936_25.23614391,-0.042438920548845134,0.9663742666550748,1,-0.016318769949191982,11053
C18_290.9982386_50.30950016,-1.7949103354443705,0.08074234891606433,0.6939617698381066,-1.0087957385002333,11054
C18_291.0077274_49.96849166,0.7103020004738763,0.481916896444715,0.9781047779839798,0.14158005426815465,11055
C18_291.0188437_41.81362603,-0.03455080986285879,0.9726214282377157,1,-0.011371988140002853,11056
C18_291.0764794_17.34371355,0.3164149867026882,0.7534445239816718,1,0.12032046969826697,11057
C18_291.0994021_17.67065671,0.39965865411187074,0.6916782767467775,0.9999159889500627,0.14387633239930958,11058
C18_291.1247264_121.8829485,-0.9645533514660559,0.34095604923622413,0.9549164034006683,-0.7053483438956537,11059
C18_291.160212_124.3639291,1.6554763804745003,0.1061853475840945,0.7270102455490702,0.3383481625513838,11060
C18_291.1604223_291.5898448,1.6308754392684723,0.111299362058051,0.736040478094709,0.49106527730301724,11061
C18_291.1605184_16.83554759,1.2960404226861826,0.2028922307714773,0.8647457759331585,0.7397618735786475,11062
C18_291.2331671_224.698182,2.550886608377076,0.014959647519502663,0.3510430506621,1.482833258955568,11063
C18_292.0033201_48.83255338,0.7574999826349124,0.4534905026518129,0.9751806134071928,0.18408120958047816,11064
C18_292.0112587_49.71148164,-0.20590086417771963,0.8379835846296693,1,-0.05262839650151564,11065
C18_292.1280708_104.6902203,-0.6207676032785103,0.5385124439794893,0.983683589406213,-0.49113210235139637,11066
C18_292.2001251_163.4148105,-0.26036569892559813,0.7960079671258558,1,-0.08525468694595414,11067
C18_292.6294042_102.4057419,-1.0383739998050845,0.30575403600649265,0.9402374180413365,-0.7280682240846427,11068
C18_292.8070119_21.63558045,0.6932944841719403,0.49240241980455235,0.9781047779839798,0.238820038179267,11069
C18_292.8827557_122.2520166,-2.157424797076504,0.03745572772532607,0.5220805529735174,-1.0732728955253492,11070
C18_292.8916299_182.9445761,0.7195471359478818,0.47627047689248525,0.9781047779839798,0.28640315008392475,11071
C18_292.9214297_27.7194371,-0.11379011900695866,0.9100120164895643,1,-0.05262257174602878,11072
C18_292.9401096_27.81709342,-0.7691223226080376,0.44664451441855957,0.9745894987688215,-0.22551913553127095,11073
C18_292.9661512_57.90322428,0.46032393836754004,0.6479454603816432,0.9965858111391217,0.1249154818813782,11074
C18_292.9832106_179.6691655,-0.08642003707683597,0.9315929264855535,1,-0.0380552224287467,11075
C18_293.0032844_156.6930797,0.5603186580246701,0.5785988685997943,0.9913379189285378,0.16788126502884393,11076
C18_293.0119221_49.38889216,1.7718674822465343,0.08455327436881364,0.6959761542836904,0.39711268390733573,11077
C18_293.0188666_18.7619741,-2.2336217388549136,0.031561847275447225,0.4923898914570764,-1.3514154790012975,11078
C18_293.0521965_24.16827224,-0.08992937901106962,0.9288225834386946,1,-0.07084215868586478,11079
C18_293.1325827_109.1230391,-1.1810081418305343,0.2450456833697943,0.8999626234969405,-0.9102366544926137,11080
C18_293.1399522_28.08402389,-1.4422525468304241,0.15754267953847925,0.817448273034246,-0.8986909269086818,11081
C18_293.1785468_158.2918308,-0.9845414603206404,0.3311676327691041,0.9506069103298993,-0.24211517637685534,11082
C18_293.2123926_208.463699,2.243374755453291,0.030870478286335788,0.4882619706104048,1.2944561131760497,11083
C18_293.2489322_245.0025827,3.1216295834260013,0.0034580296775076676,0.17468053451332946,2.090710772018959,11084
C18_293.6302323_26.43976449,-0.3276315326650428,0.7450148445549278,1,-0.27411543800681387,11085
C18_293.9418402_21.53070783,-0.5008543623713685,0.619404741135523,0.9947708529175083,-0.23720681977191377,11086
C18_293.9693619_59.1235697,0.8948836608669811,0.3765649723591038,0.9637531830220828,0.24876532570618248,11087
C18_294.1127656_17.1014174,-0.45512071814221705,0.6516499978828745,0.9965858111391217,-0.32198410172488423,11088
C18_294.1263053_136.7627709,-0.26478178352735854,0.7926294861900007,1,-0.13303456336247274,11089
C18_294.1284698_29.06412859,-1.9314876133965453,0.061016738211833704,0.6275921233476536,-1.4139921491291407,11090
C18_294.1771928_184.8697988,1.6199372014888656,0.11363728363577902,0.7398432349432608,0.553101133381303,11091
C18_294.1826926_149.3927238,-1.1072326489186923,0.2752546187384951,0.9227236778686373,-0.2560289334284507,11092
C18_294.2157137_157.8271674,1.625576863541743,0.1124268934258702,0.7386028370327659,0.5944934486111604,11093
C18_294.619729_64.19747754,0.9618544290821728,0.3422923734320694,0.9550137755006265,0.5720144951619611,11094
C18_294.8041347_21.57947827,0.8275492063695675,0.41316822813643017,0.9702967640516138,0.6368382011099664,11095
C18_294.903834_149.1345757,-0.8697647478621641,0.3899696762193815,0.9669701703160376,-0.28161127032941147,11096
C18_294.9241179_70.89684676,0.4116211517819558,0.6829634849387574,0.9999159889500627,0.15172800663465746,11097
C18_294.9370648_27.87962126,-0.34018062015252404,0.7356212708760255,1,-0.29982882508355896,11098
C18_294.9610958_68.37314123,0.6425707197823471,0.5244173237253713,0.9824083431236167,0.25473059718914615,11099
C18_295.0636489_19.93994911,-0.6056377970422392,0.5484084223740198,0.9857989553982086,-0.5117810265373702,11100
C18_295.1117532_22.98163434,1.0551425131355339,0.2981199002745166,0.9388638086478203,0.8165855534855677,11101
C18_295.1214504_63.95846736,0.16147040730261333,0.872590894995228,1,0.08738391760883217,11102
C18_295.1296329_136.1872247,-0.5203316861002707,0.6058951000105266,0.9928201179984223,-0.24072876850288596,11103
C18_295.157211_161.9557535,-0.25343724139735585,0.8013165170433099,1,-0.19234185651677355,11104
C18_295.1743496_146.5437002,-1.4555546201789928,0.15384799436149882,0.8098035215536038,-0.44802051315877595,11105
C18_295.1853021_147.9874092,-2.6666878721958596,0.011246917912859781,0.30675187571358886,-1.7407215084476122,11106
C18_295.189097_211.8489666,3.320453703015782,0.0020119515026401553,0.1280453653176571,1.850324143428208,11107
C18_295.2280235_243.0356626,3.5871849712609385,9.523577325454904e-4,0.0880090586958215,2.870570865568983,11108
C18_295.2643165_268.2979165,4.292680756703016,1.1994823776875654e-4,0.042559105754374195,1.9820742401372904,11109
C18_295.2867471_229.276309,-3.4085783520733397,0.0015754898717649118,0.11916283042348748,-1.3200245163167685,11110
C18_295.6097006_23.11006728,-1.3875549131955616,0.17347428895425115,0.8339288888220858,-1.145801755403457,11111
C18_295.6176021_63.84692435,-1.0407258694219266,0.30467524834938403,0.9402374180413365,-0.663131787964678,11112
C18_295.6228837_66.37293139,-0.2442736873520722,0.8083522339396725,1,-0.17865720750594005,11113
C18_296.0382837_19.0100828,-0.9459013743049522,0.350262324030301,0.9578247927857968,-0.40142913014487525,11114
C18_296.0443682_17.31844517,-0.6046164193147915,0.549079829955317,0.9857989553982086,-0.40964575977500123,11115
C18_296.1004623_18.33959588,1.848643953716383,0.07241623495090012,0.6680323259416564,0.8951301605044741,11116
C18_296.1294599_143.53588,-0.7389226303383059,0.4645602263837315,0.977038339924947,-0.6752352981288321,11117
C18_296.1323962_43.31852407,1.0838042890270148,0.28538004127074607,0.9295944216943315,0.496373171692872,11118
C18_296.1926037_211.4646575,2.997763023003798,0.004809011177399659,0.21305217379685332,2.3169874355466016,11119
C18_296.2234705_221.0455859,2.340011500922998,0.024717861009596023,0.44396893648848884,1.5077381943632562,11120
C18_296.2313733_234.7874614,3.01055834879971,0.004649265112318505,0.211098135591109,3.098893738316961,11121
C18_296.2675621_268.3711134,3.5843751540603943,9.600029098841891e-4,0.0881967585630445,2.1356924922485296,11122
C18_296.2900877_229.4336886,0.5820653286329758,0.5640105542273948,0.9908975404733137,0.1255392645396263,11123
C18_296.6173077_22.65554752,-1.5028266496999017,0.14127015565977902,0.7859839538695291,-1.3220888922608809,11124
C18_296.8013681_21.31849629,-0.3956860590943972,0.6945818461123341,0.9999159889500627,-0.06999132832236625,11125
C18_296.8905052_23.16562696,-0.07549510463893326,0.9402226471118575,1,-0.0473335723753671,11126
C18_296.9194117_147.8190777,-0.08861011426120417,0.9298639334030927,1,-0.028033872826396012,11127
C18_297.0403928_17.63220193,-1.2653941238357433,0.21354663484729025,0.8700201576306809,-0.6530684933687328,11128
C18_297.0472346_219.2040927,0.7033338179967075,0.4861975989048918,0.9781047779839798,0.2704705787334383,11129
C18_297.1194223_22.18762251,-0.7840175227385401,0.43796076122931327,0.9745124110909839,-0.48390569677420137,11130
C18_297.1245188_104.6344706,-1.9063689612068364,0.06429777847229014,0.6379364415822807,-2.035252933539102,11131
C18_297.1333164_61.91506176,-0.8290320002893107,0.4123392348791851,0.96978156031432206,-0.2873875607538949,11132
C18_297.1484668_128.1473158,1.5162130448014666,0.13786176337019926,0.7797984111181292,1.1613113610050436,11133
C18_297.1530477_144.9853401,0.30743957776797126,0.7602120511587973,1,0.07347635950163552,11134
C18_297.1712616_145.1494275,-0.4578411731865132,0.6497119913593039,0.9965858111391217,-0.19852661995941384,11135
C18_297.1893811_175.2961443,0.11368500117871304,0.9100947790781775,1,0.03388205849429119,11136
C18_297.2073725_162.7226488,-0.8801228796140227,0.3844058633071784,0.9642369651214711,-0.31366402043479,11137
C18_297.2358741_172.2308657,-1.4697065640210965,0.14999284114547948,0.8022269263565472,-0.5236666750222094,11138
C18_297.2438036_259.7909692,1.932207996923273,0.06092480794542701,0.6272141106308378,0.7487394199841277,11139
C18_297.2799154_280.3964805,-0.2270724093962602,0.8216024572525311,1,-0.07681783563971258,11140
C18_297.2934923_229.3125661,0.8768464069534482,0.3861603158711273,0.9661464710102153,0.18542058230579525,11141
C18_297.622324_24.86773469,-1.3091221974701694,0.19846886093578459,0.8593515168411124,-0.6449323980504672,11142
C18_298.0392647_17.79752215,1.3007737480999082,0.2012831905320222,0.8636226484729774,0.31093564385856665,11143
C18_298.0467368_125.6860315,-0.16327446095611706,0.8711802595032749,1,-0.052016321420127,11144
C18_298.0467374_13.77301904,1.0051113173711155,0.3212936288341701,0.9494025046502981,0.37898920789401797,11145
C18_298.1147577_23.14859076,1.0616716528935992,0.2951835319681631,0.938511025914046,0.436564960948347,11146
C18_298.1565604_137.9107113,-0.5613132586720996,0.5779276512390641,0.9913379189285378,-0.13235600781357293,11147
C18_298.1847016_150.0452623,2.9693907759437645,0.005181839676564336,0.2188352185989939,1.1460921893580154,11148
C18_298.2105833_162.1637028,-2.0604385918130816,0.04635371110147756,0.5623314133857369,-1.580626034537152,11149
C18_298.2391315_245.2368176,3.6512076414414683,7.932416295412993e-4,0.07692485185243093,2.2933307469254043,11150
C18_298.2470513_260.0213685,1.1302629027310656,0.2655525025136396,0.9154772469803112,0.3123650788381053,11151
C18_298.2834953_276.498816,1.693278523101426,0.09870614311596398,0.718134185467518,0.6205598110302104,11152
C18_298.9318086_68.84159754,-0.24827474173866346,0.8052782293479483,1,-0.16908682967956243,11153
C18_298.9900993_18.00362183,-0.17731287311523128,0.8602181835965043,1,-0.1005218171404665,11154
C18_299.0266156_170.2596317,0.7861869210262415,0.4367045034430893,0.9745124110909839,0.18453008196361723,11155
C18_299.0443435_110.4935202,0.9150731357095908,0.3660078902561714,0.9637531830220828,0.5122161873965623,11156
C18_299.0810406_159.3109167,-0.23679496697751823,0.8141063502128328,1,-0.027140934118606706,11157
C18_299.1224365_99.31424471,0.31300423498423696,0.7560139689620147,1,0.14305045220891296,11158
C18_299.1494784_142.7720638,0.4014012209205819,0.6904061183856172,0.9999159889500627,0.10649389874696576,11159
C18_299.1685799_157.6597955,1.5187225059713454,0.13723021313830278,0.7784967967874279,0.39856756041284414,11160
C18_299.1865961_160.6599802,0.5999786154570242,0.5521338111633951,0.9858134543858914,0.19708582145354472,11161
C18_299.2025988_189.9165404,-1.0841582137273784,0.2852251548481777,0.9295944216943315,-0.2698743580507855,11162
C18_299.2229571_201.8756207,1.5608421032234927,0.1269727764298201,0.7663243633163557,0.6973546227605221,11163
C18_299.2506496_174.3210136,-0.2673024500323124,0.7907028855138054,1,-0.09054232048651172,11164
C18_299.2593616_270.7921133,0.23840258457812136,0.8128685588041249,1,0.08937295725238438,11165
C18_299.259453_169.4777,0.6376850194417953,0.5275586209368415,0.9824083431236167,0.32406708733270617,11166
C18_300.0052684_18.47944705,-0.2563906319228533,0.7990524603600151,1,-0.10114748117206634,11167
C18_300.026049_178.3916092,-0.49384717703304354,0.6242982256195068,0.9947980550876518,-0.15303244537112395,11168
C18_300.0399458_18.9789035,1.499036401265555,0.14224735947621145,0.787557245903916,0.6902811095894835,11169
C18_300.0803538_160.2532094,-0.7588300479439846,0.45270393604597337,0.9750316892785739,-0.09149049390063999,11170
C18_300.0848123_156.6222829,-0.013573463847838939,0.9892423288921712,1,-0.004408492749036851,11171
C18_300.1404776_115.5204084,0.5161612527785203,0.6087761933829066,0.9928201179984223,0.34544343291366664,11172
C18_300.2006542_161.453557,3.235103721980471,0.0025430637641150103,0.14371054580664322,0.748782355701642,11173
C18_300.2050474_199.9927818,-0.8240109056132223,0.41515054966548925,0.9703935627503105,-0.3740355128640519,11174
C18_300.2263339_220.4375206,0.8370833054756185,0.40785588672686646,0.9676316311691489,0.5942086675362453,11175
C18_300.26272_270.9740931,-0.9580939070919986,0.3441601330713847,0.9564212583657042,-0.29106702141721896,11176
C18_300.2627426_170.138662,3.0044197187198813,0.004725270345942146,0.212098222795094,0.9245357016480978,11177
C18_300.642049_118.8399025,-0.3950222424599668,0.6950674860872412,0.9999159889500627,-0.2890226575057783,11178
C18_300.749439_20.68978555,0.5466001712491048,0.5878956119827374,0.9913379189285378,0.3322595718714104,11179
C18_300.9122922_183.8256049,-1.3639175916859363,0.18073546918665587,0.8437902588179388,-0.8121994524848125,11180
C18_300.9531561_37.41826857,-1.64740442659218,0.10784154666555956,0.7299405333124399,-0.523148187858935,11181
C18_300.9531594_151.5441341,0.2978122212658373,0.767492427002936,1,0.09756434036832363,11182
C18_301.0058499_139.2891898,0.3680042356289813,0.7149419685506296,1,0.05670601865529403,11183
C18_301.0358912_17.35126544,-0.7171510850053049,0.4777302222315707,0.9781047779839798,-0.2798277087246637,11184
C18_301.077862_160.2848731,-0.18999688334872858,0.8503376909605602,1,-0.02160359010214758,11185
C18_301.0845617_157.5173647,1.3037867670524728,0.20026400432911654,0.8618721518192737,0.2377291961444171,11186
C18_301.1659032_187.4974475,-0.11510441770798405,0.9089773136495276,1,-0.044040841290748964,11187
C18_301.18404_152.8497462,-0.28201176107600456,0.7794871285530752,1,-0.06331713516583251,11188
C18_301.2206605_157.390259,0.26144031903251475,0.7951854707467123,1,0.04758999166129158,11189
C18_301.2385955_245.107383,3.8959001558069404,3.90328200238482e-4,0.06387558360152659,1.6554295821244192,11190
C18_301.2386197_136.4526317,-0.55755539548116,0.5804656853205176,0.9913379189285378,-0.18010109941256436,11191
C18_301.2659408_189.1498256,0.9862144895822315,0.33035698889972154,0.9506069103298993,0.8944016690745078,11192
C18_301.6276218_90.17300242,-0.43330681057647286,0.6672775291696855,0.9982644021852166,-0.26817160844884963,11193
C18_301.9565693_27.89904218,-0.40553480431510047,0.6873920448197943,0.9999159889500627,-0.3369142991163856,11194
C18_302.0788355_22.4620666,1.6004853143709665,0.117894215413797,0.7510616886256085,1.135670617256347,11195
C18_302.1292147_89.0860445,-0.29565574759724833,0.7691261476471409,1,-0.23078728570914714,11196
C18_302.1556126_22.81262826,0.4241237037158216,0.6739020307299888,0.9996367449012522,0.21212663168277293,11197
C18_302.2207225_208.511926,2.0613346758317403,0.04626367112196939,0.5621053931369986,1.9614675518542513,11198
C18_302.2217637_163.2401079,0.40186246258987124,0.6900695416472185,0.9999159889500627,0.17007752512983657,11199
C18_302.2420434_245.3032638,2.8060503489847735,0.007912078660402385,0.26208748604396903,1.7470592512626255,11200
C18_302.7467343_20.56148536,0.8252057348647901,0.41448049738166837,0.9702967640516138,0.5276071585669874,11201
C18_302.8905827_136.2908233,-0.8931862851748129,0.37746135662872204,0.9637531830220828,-0.2700663879806892,11202
C18_302.9113767_156.1662008,-0.31358802653474466,0.7555739771536586,1,-0.10677054809912695,11203
C18_302.9479292_136.4368579,-2.335582499412094,0.024973714741502225,0.44685314190091113,-0.42063407188556684,11204
C18_302.9687621_169.1223858,-0.08219549167203383,0.934929006167273,1,-0.03886786641054191,11205
C18_302.9688664_39.379087,-1.4347530750412576,0.15965630806229572,0.8202102361448862,-0.5560281919030514,11206
C18_302.9986115_134.575704,-0.02927524955773725,0.9768005236350693,1,-0.015456064583296843,11207
C18_303.0527851_21.85266562,-2.313452809319939,0.02628817216713498,0.45669563423730697,-2.3569655848108053,11208
C18_303.1454171_27.29646595,0.9112669384422737,0.3679833235150277,0.9637531830220828,0.5250315333205487,11209
C18_303.1454414_156.2217871,-0.5472479503931493,0.5874550121236789,0.9913379189285378,-0.0815779870341499,11210
C18_303.199946_152.3543997,1.668577568638837,0.10354195685017276,0.7228916721315264,0.5404639885524832,11211
C18_303.2177458_158.7075982,-1.32887270008076,0.1919301200749789,0.8510995214092673,-0.34071442871624114,11212
C18_303.2331636_225.5040761,2.7063786986382357,0.010184254289467048,0.2924947621344192,0.8165517504741162,11213
C18_303.2450316_224.6517084,2.1191148867107445,0.04077212758309658,0.5347244144365793,0.8060576458842869,11214
C18_304.0116974_16.9038438,0.6714147337483505,0.5060770004909371,0.9781047779839798,0.6806703559403018,11215
C18_304.0558562_22.58200444,-1.4991426222305406,0.1422199001684965,0.787557245903916,-1.3944012916653195,11216
C18_304.1487367_26.91126509,-0.018754174815201925,0.9851367738395356,1,-0.013971121932461052,11217
C18_304.1919521_174.760605,0.3307728702628281,0.7426596375288503,1,0.12359774022921634,11218
C18_304.2365274_224.8894491,2.7463994909841847,0.009207538397419304,0.2755246251875376,0.8696420500385246,11219
C18_304.848706_110.3772389,-0.2836931002582751,0.7782081045128396,1,-0.08511246430560218,11220
C18_304.9059572_126.6714617,0.8341060231802883,0.4095102461473503,0.9681374308301159,0.2388090597996418,11221
C18_304.9271316_69.00899785,1.3994892378188903,0.16989535332160208,0.8322594327041998,0.3925943406603229,11222
C18_304.9272585_172.3375444,-0.27935877286371624,0.781506565626209,1,-0.18763685607205485,11223
C18_304.9400575_28.34198421,-0.9073772026021477,0.37000923632575466,0.9637531830220828,-0.31487588496054153,11224
C18_304.9643594_155.9698585,-1.3232312283679388,0.19378078971155774,0.8521195764475552,-0.28071381757196434,11225
C18_304.9955171_134.7270265,-0.018869672611891257,0.9850452496134485,1,-0.010100060239208496,11226
C18_305.0138192_40.50532966,0.4766205290822861,0.6364016796935015,0.9953585489094753,0.2054284754920357,11227
C18_305.0233045_51.80091504,0.6781700741793978,0.5018329241417345,0.9781047779839798,0.14423623465414775,11228
C18_305.0342902_51.5904409,0.537466683110044,0.5941247940866029,0.9921034274533279,0.18295063494432706,11229
C18_305.0493255_22.12197927,-2.1479885649337547,0.038249649129966014,0.5257235239123063,-1.310285945527391,11230
C18_305.0820755_147.4073159,-0.6650480369044329,0.5100948280635966,0.9802142331323181,-0.13443661186489259,11231
C18_305.0824637_23.91725958,-0.40800329308342415,0.6855945618899806,0.9999159889500627,-0.14331359703777943,11232
C18_305.1609587_25.54096786,-0.6629405726257711,0.5114285995466397,0.980797573128938,-1.0349297638485668,11233
C18_305.1759403_141.9542765,-1.0887657022035981,0.28321419670682757,0.9295944216943315,-0.37033200504183506,11234
C18_305.2396869_225.077933,2.8139567010536504,0.0077537171025090145,0.2619554217640756,0.8770372817559164,11235
C18_305.2487611_238.9237545,3.448642603189256,0.001408509923742307,0.11289638215301859,1.3243298555111649,11236
C18_305.9638801_165.1961962,-0.6456355955897484,0.5224518400114819,0.9824083431236167,-0.18027463407683408,11237
C18_306.0270251_51.64858444,-0.1521774048939402,0.8798639100791812,1,-0.03964582179688028,11238
C18_306.2077248_166.9893554,0.48958181735290435,0.6272854336278086,0.9947980550876518,0.1532402098452844,11239
C18_306.2430898_224.5091488,3.0476605592451076,0.00421384671649203,0.19939618047014998,1.9993065554944502,11240
C18_306.2522262_239.009671,3.450985945992962,0.0013992876988137388,0.11273235768391712,1.2725712831379612,11241
C18_306.8643795_96.2674959,2.060216733486449,0.04637602747568052,0.5623314133857369,0.555760376239805,11242
C18_306.8982946_123.2996999,-0.40801225749117814,0.685588037629506,0.9999159889500627,-0.15436208820029154,11243
C18_306.9194381_27.98276687,0.8497874428751867,0.40084337598079034,0.9669701703160376,0.517236612851917,11244
C18_306.9557877_27.85317221,-1.4039313410246541,0.16857802894385646,0.8314976732916184,-0.35414385359152545,11245
C18_306.9611779_165.0613657,1.4688371813435126,0.1502274405236003,0.8022269263565472,0.6008135906630745,11246
C18_306.981626_58.28559224,0.4351916115631652,0.6659211820954506,0.9980954332927549,0.14011655295207817,11247
C18_307.0025864_33.27288437,-1.4004899254746386,0.16959789674517337,0.8316096347034753,-0.8885062460700806,11248
C18_307.0277186_51.26277651,0.025513951594243297,0.9797804904571854,1,0.007668314352472214,11249
C18_307.0661422_27.14359301,-2.144557935751479,0.038541954724744545,0.5283543706158262,-2.1686951554975247,11250
C18_307.0785674_17.09782753,0.6165997287565737,0.5412292092793134,0.9844101439284977,0.20105158722746122,11251
C18_307.0978686_25.36257964,-0.037088061212637975,0.970611786717007,1,-0.05645220034011841,11252
C18_307.109411_25.27463648,-0.016799646495654574,0.9866856357700444,1,-0.004600992080513433,11253
C18_307.11463_21.31451269,0.030609366542571226,0.9757436203051844,1,0.025334447401782215,11254
C18_307.1341716_135.4429773,-0.2300497213516668,0.8193051088899219,1,-0.08801877713049293,11255
C18_307.1587744_135.5757337,2.307621216413194,0.026644757158916284,0.4579201795426374,1.1816539788194667,11256
C18_307.194133_162.6607132,0.2952131779418883,0.7694615657585694,1,0.08925416170829129,11257
C18_307.2554915_239.4308888,3.5550032257256725,0.0010435406048800878,0.09286212860536602,1.8549522822032019,11258
C18_307.2644341_259.9379433,4.16108393825541,1.7804235011106975e-4,0.044397544765792156,1.8567609596882606,11259
C18_307.9849911_58.42511949,0.2613463110750002,0.7952574134379505,1,0.0756715577436097,11260
C18_308.0998462_20.66374798,-0.1557396130004677,0.8770747241483411,1,-0.09439538816681228,11261
C18_308.1379543_25.72224646,0.23174280455281218,0.8179994129529191,1,0.27819188682218204,11262
C18_308.2678087_259.2688854,4.259715348956822,1.3246329513808548e-4,0.043103705470568986,1.9265387282624433,11263
C18_308.8567203_118.2817349,-1.2692474551256312,0.21218434333154393,0.8692088745080979,-0.5311856235864366,11264
C18_308.9398416_68.11662056,0.47012381949499504,0.6409928678068375,0.9955023063019077,0.14424241305080654,11265
C18_308.9528229_28.55945475,1.803426965517632,0.07937103726307457,0.6911349530212022,1.1947673656641025,11266
C18_308.9797003_57.87334326,1.6925934314927666,0.09883769309179247,0.718134185467518,0.5128923803585157,11267
C18_309.0211565_17.11909918,-0.8458738182874509,0.4029955726489761,0.9669701703160376,-0.7069031711911762,11268
C18_309.103103_24.2656228,-0.6244052876383303,0.5361471043809487,0.9833164118236528,-0.5450005532788093,11269
C18_309.1165119_22.3053883,0.7413836805598791,0.4630848226686236,0.9766495588836188,0.6891957795134529,11270
C18_309.1196622_135.051523,-0.5543748575661654,0.5826180343643116,0.9913379189285378,-0.3195942156074422,11271
C18_309.1476809_185.2891782,3.4527031147243137,0.0013925665690111692,0.11273235768391712,3.3366037301448332,11272
C18_309.1484515_37.67176299,-0.512451604517455,0.6113442791891184,0.9928201179984223,-0.7660233341609839,11273
C18_309.1501997_135.9257752,0.01484064991995169,0.9882380909514108,1,0.007671438042172115,11274
C18_309.174332_149.960129,0.4678258155515357,0.6426202940917547,0.9955023063019077,0.14872105939246513,11275
C18_309.206488_225.6197135,1.8750771477022445,0.06859610910342669,0.6511567144338838,0.8688443809965991,11276
C18_309.2438304_189.0735257,-0.3097231257870777,0.7584884020872797,1,-0.08292369861181924,11277
C18_309.2709449_259.6512753,5.928796955254997,7.508008516651739e-7,0.011795081379659882,3.7861828895059504,11278
C18_309.2801537_286.3286414,4.6809883122207925,3.677236417433175e-5,0.028688432745371178,2.460631825699689,11279
C18_310.1055171_22.74447786,-1.5469630426159906,0.13028196667453376,0.7695072627505222,-0.7395596493034529,11280
C18_310.116859_23.91634553,-0.181494137998545,0.8569584952976985,1,-0.22314458503181853,11281
C18_310.1512776_24.04947394,1.8142257769861119,0.0776606334878186,0.6866401149068114,0.9195609399634823,11282
C18_310.1530394_136.8138806,-0.06290296335643197,0.9501783152919443,1,-0.040407486120167715,11283
C18_310.1777366_143.0260287,-0.788163786925686,0.4355616204067134,0.9745124110909839,-0.3492901092536015,11284
C18_310.2106361_169.9941076,0.06903302819532862,0.945330618098868,1,0.013649923505835927,11285
C18_310.2151411_229.5481659,3.8347474328568785,4.6669815485351677e-4,0.0663220715420438,2.2151478802189195,11286
C18_310.2390558_142.219478,0.4222855237455574,0.6752312431730342,0.9996367449012522,0.3353750320294276,11287
C18_310.2833424_286.2174191,4.9320451607484195,1.6942824620031894e-5,0.02395189232850786,2.4658363548493107,11288
C18_310.8385313_40.10397613,-0.2998094978046532,0.7659802704865311,1,-0.14643482874191202,11289
C18_310.8777743_132.5450319,0.5884020527173088,0.5597946169423527,0.9892433556990282,0.15662272948151326,11290
C18_310.9033881_33.48840946,0.8533404416642478,0.39889572933358985,0.9669701703160376,0.533473573314841,11291
C18_310.9352498_144.9996129,0.6899103556262043,0.49450390005096445,0.9781047779839798,0.21181622491854937,11292
C18_310.9690048_20.51587627,-0.45784961271430064,0.6497059830076557,0.9965858111391217,-0.26923256401483686,11293
C18_310.9937623_115.8491561,0.4380376352455331,0.6638752706416631,0.9978767801948073,0.1574644125532212,11294
C18_310.9938181_267.2741627,0.2353788396397577,0.8151971033045529,1,0.11906971580286435,11295
C18_311.0203829_17.57335764,-0.7385500716763453,0.4647838128549938,0.977038339924947,-0.2911485219973321,11296
C18_311.0745396_17.91566696,0.25400684029305576,0.8008797291144827,1,0.1790709608023225,11297
C18_311.0993282_218.616371,1.193516148545053,0.24017333305902816,0.8961162212635817,0.46625187056260664,11298
C18_311.1039342_150.8604021,-0.27646252311481584,0.7837129227712495,1,-0.1465411116430707,11299
C18_311.1202455_23.98092975,0.5510631035583036,0.5848632911804266,0.9913379189285378,0.4509692575185491,11300
C18_311.1354155_171.7561446,-0.04260449652306705,0.9662431567554284,1,-0.009636876567794822,11301
C18_311.1630407_212.0034257,1.460941230319275,0.15237147987886795,0.806517032531509,0.8546972255064955,11302
C18_311.168734_286.0429244,1.7988239053758908,0.08010973627577662,0.692257402031051,0.47323421034620833,11303
C18_311.1689495_146.9949743,-0.12253185189222404,0.903133018093014,1,-0.02527489436126124,11304
C18_311.2047464_180.3386492,-0.463289963714591,0.6458377824883057,0.9965858111391217,-0.15291070682183933,11305
C18_311.2231178_114.7441906,0.7835259909931719,0.43824569827167836,0.9745124110909839,0.5425151254269401,11306
C18_311.2232153_246.2063164,-0.3670258968692092,0.7156655243425005,1,-0.13310846074180913,11307
C18_311.259343_192.9748025,1.1964983512790885,0.2390222068674927,0.8952886386545575,0.24563775701013435,11308
C18_311.2727394_160.8610687,0.4749104356292684,0.6376087946145164,0.9953856535986481,0.3209711245830864,11309
C18_311.2865575_286.3081271,4.484424238437696,6.709401700090258e-5,0.031001382561299397,2.6134507272910956,11310
C18_311.2955522_295.3509829,4.014852005129124,2.750127760766953e-4,0.05610974950863484,1.2596861978783198,11311
C18_311.9815366_287.611973,0.32800403016437757,0.7447354356756067,1,0.1533696802295186,11312
C18_312.0236909_17.4024374,-0.41767281067637563,0.6785713934688716,0.9996367449012522,-0.18764553289483837,11313
C18_312.1094876_19.98986585,-0.15389804055049475,0.8785164675374023,1,-0.1375518828049718,11314
C18_312.167618_23.06776989,0.32743573492956385,0.7451617256512896,1,0.2730675644298615,11315
C18_312.1722482_148.4534343,0.04983543648389374,0.9605183769310154,1,0.00911773711092033,11316
C18_312.2264034_144.8554948,1.1959532081108142,0.23923232839004746,0.89548245866277,0.5281649012595424,11317
C18_312.2310976_251.9266683,4.063119997155879,2.383656189089734e-4,0.052010053792499615,4.060397888811312,11318
C18_312.2546895_151.3071993,2.734574218074351,0.009486689963968302,0.28173137870310405,0.839471258681724,11319
C18_312.2989755_295.0124769,2.203279741657019,0.03380187378563451,0.5027225142861993,0.9816141191776404,11320
C18_312.8231631_173.5501893,1.2061639705186913,0.23531913296882934,0.8886691295529588,0.45014076248086554,11321
C18_312.8935212_131.2557895,-0.09376006393160571,0.9257995914874644,1,-0.02543127638925514,11322
C18_312.9659519_20.32618394,-1.9254605576741162,0.06179056259692334,0.6298711516618964,-1.0436299633832464,11323
C18_313.0385125_17.32803269,-1.9208283780491375,0.06239102537243485,0.6319277618398141,-1.3191143694240126,11324
C18_313.078676_274.1380005,0.33008947759498336,0.7431717964389943,1,0.0774360634127408,11325
C18_313.0787172_108.5855475,0.3678412507445807,0.7150624897666151,1,0.09484120865882534,11326
C18_313.1197117_143.3110343,-1.2222077693641462,0.2292660250289483,0.885876489596682,-0.5698482608296498,11327
C18_313.1199055_24.71459175,-2.070871751655774,0.045314822621860304,0.5576714434454315,-1.708524788529638,11328
C18_313.1298877_144.1763711,0.2980149222567488,0.7673389180985443,1,0.12421841203463999,11329
C18_313.1481442_27.65965802,-0.6881947251222434,0.4955711774552112,0.9781047779839798,-0.4754454236678625,11330
C18_313.1649935_145.2122741,0.5121540680478901,0.6115504715437505,0.9928201179984223,0.09351556274999136,11331
C18_313.1790365_143.4267353,0.22813752113707314,0.8207804135212623,1,0.10651425273849865,11332
C18_313.1815858_30.150077,0.0171753456520715,0.986387909508208,1,0.020678527293076492,11333
C18_313.2206934_180.6389326,0.964099530227158,0.34118050746581485,0.9549164034006683,0.18521114196661542,11334
C18_313.2387369_147.9625894,0.6856254899699898,0.49717186438019445,0.9781047779839798,0.23594193571653438,11335
C18_313.2387706_264.4098045,-0.7066692280111556,0.48414592047766614,0.9781047779839798,-0.1605916990571422,11336
C18_313.2579721_151.4278914,-1.3866692549896211,0.17374220480739908,0.834217828707121,-1.048657777132346,11337
C18_313.2750865_200.222947,1.1639804339711473,0.25179404568924096,0.9053010394091442,0.5913355409639391,11338
C18_313.2884454_155.3996816,-0.28224073892419516,0.7793129044790043,1,-0.13711659272463747,11339
C18_314.0781368_179.8571005,-1.7386785285119954,0.09030737568667649,0.7028476636205563,-0.9208728747810345,11340
C18_314.1037079_123.6804899,-0.5189361687880684,0.6068584693717658,0.9928201179984223,-0.274519032786368,11341
C18_314.1230366_143.4592801,-1.2079588864887876,0.23463614367934954,0.8884134042888568,-0.5467747727824805,11342
C18_314.1682098_142.9637603,0.9931885241054682,0.3269922203166723,0.9506069103298993,0.6380098078943732,11343
C18_314.1764531_155.9008597,-0.770603045331713,0.44577672883611685,0.9745894987688215,-0.337500647936291,11344
C18_314.1845147_136.870537,0.17229616091756478,0.8641324494100917,1,0.08614801039885657,11345
C18_314.242578_174.9280019,1.3134933913484537,0.19700728611029786,0.85846412404072,0.39137778664905476,11346
C18_314.2465212_268.9124519,1.9795885653451866,0.05513500600888667,0.6065607728992479,1.375246705186824,11347
C18_314.8855411_26.42143043,-0.5826873883785584,0.5635959831498578,0.990786345850868,-0.423746056852719,11348
C18_314.968927_43.81098192,0.24048100225590294,0.8112689941678116,1,0.07182438942395393,11349
C18_314.9691634_147.7244486,-0.3465982393835907,0.7308331298615935,1,-0.08486966610667249,11350
C18_315.0414243_170.4267374,-1.0128941428356362,0.3176103787960521,0.9457907027300043,-0.36923747144667945,11351
C18_315.0417015_18.92203611,-1.278601887059864,0.20890440901709664,0.8683661493536527,-0.49537467487335207,11352
C18_315.0577655_123.1904174,0.23871402641351688,0.8126288190816808,1,0.10120617536175207,11353
C18_315.0988638_130.8682491,-0.9115581757369547,0.3678319264495631,0.9637531830220828,-0.4593985341345845,11354
C18_315.1260108_143.4222741,-0.41279171667759235,0.6821130505427564,0.9999159889500627,-0.24586463281736484,11355
C18_315.1352821_143.076305,-1.1882086410702053,0.24223206860818236,0.8968418665666728,-0.8234997921573765,11356
C18_315.1398106_22.60783723,0.25439939896905434,0.8005787393767312,1,0.1953188170319299,11357
C18_315.1451394_161.328799,-0.7720895672137588,0.44490655069054164,0.9745894987688215,-0.2576387380382222,11358
C18_315.1602247_125.0965861,-1.926762127674876,0.061622740007402345,0.6298711516618964,-1.1311836943059823,11359
C18_315.1810951_158.0346834,0.291912063177771,0.7719648522203211,1,0.06277430947257548,11360
C18_315.1877886_136.9595227,-0.7924611612785308,0.43308338591168505,0.9742203846590763,-0.37266658798144225,11361
C18_315.199962_175.558921,1.1007054885897711,0.278049600535707,0.9253857243533475,0.37576455466870656,11362
C18_315.2360846_184.4421702,0.7271345931308472,0.4716647901133101,0.9781047779839798,0.18877462413595703,11363
C18_315.2542667_270.8814431,-0.3474909941529438,0.7301679103743757,1,-0.14858653525605334,11364
C18_315.2542709_153.7499466,-1.4338270934939967,0.15991882449385122,0.8202170201757762,-0.5482758400166758,11365
C18_315.6433671_122.3011055,-0.8972890067349244,0.37529705127707136,0.9637531830220828,-0.8431244618952074,11366
C18_315.972312_34.75250365,-0.5833428912227901,0.5631592893703261,0.9905491739477441,-0.23612600731062644,11367
C18_316.0228528_15.78672731,-0.7760013831042926,0.4426214790946139,0.9745894987688215,-0.6394128190256039,11368
C18_316.0606151_17.06172632,-1.4335114747535016,0.16000838018829203,0.8203357701163545,-0.9189413022348699,11369
C18_316.145945_98.54565603,-0.4897808920568043,0.6271458713215747,0.9947980550876518,-0.5754797166628294,11370
C18_316.1713114_22.99600844,2.6149528361307106,0.01278586689628377,0.3265887834017226,1.871462900162194,11371
C18_316.2577143_145.4769758,1.4638384706332799,0.15158197543733662,0.8050550487222983,0.6856398496057501,11372
C18_316.2616095_280.9998103,0.7717735775606799,0.44509143988164435,0.9745894987688215,0.3698981046603185,11373
C18_316.9012566_25.6489179,0.7833578034239437,0.4383432207277379,0.9745124110909839,0.4972501051380425,11374
C18_316.9078032_181.2467536,0.1602766177571569,0.8735245815558266,1,0.04293369427848045,11375
C18_316.9271064_147.5677052,-1.6189187478237252,0.11385699942734412,0.7400469429059066,-0.4248343282977135,11376
C18_316.9482564_43.00760452,-1.1394316523279902,0.26175889983237816,0.9128151645652964,-0.389419710121749,11377
C18_316.9845921_41.75687027,-0.4457330914875057,0.6583563401050532,0.9966192045168055,-0.13457534036788268,11378
C18_317.03711_144.8698719,-0.1656854989525631,0.8692956737763476,1,-0.031679011716032934,11379
C18_317.1610027_163.7714515,0.4645553483628916,0.6449394897780762,0.9962085044382889,0.07001928201724773,11380
C18_317.1737636_179.2130039,2.4375572040112643,0.019650242143734443,0.4041845899822696,1.3121290146445945,11381
C18_317.1792211_157.5066764,-0.026342938939256808,0.9791236811923965,1,-0.012122480112160855,11382
C18_317.197188_157.22931,0.7631483598458545,0.45015573072203396,0.9745894987688215,0.32163446177346583,11383
C18_317.2148291_151.1178951,-0.82362028081833,0.4153697538307173,0.9707615044154371,-0.3750073135775123,11384
C18_317.2331622_172.3211555,1.078235295457773,0.2878249653429334,0.930014439641605,0.33265151081204025,11385
C18_317.9880133_42.0163718,1.1231365383534022,0.2685281529869086,0.9185307776279524,0.3484422020550099,11386
C18_318.0365797_139.1014975,0.3695262398186733,0.7138168608041335,1,0.06679939162951608,11387
C18_318.0557069_22.24525553,-0.10411769294140784,0.9176315574901692,1,-0.06943834338621935,11388
C18_318.86424_100.8229995,1.264252480560768,0.2139515052248025,0.8700201576306809,0.45834836347111757,11389
C18_318.8854816_157.4992734,-1.2102216512097113,0.23377721460272696,0.8879818864087687,-0.6711602626968406,11390
C18_318.9048551_181.3633447,0.3214484899165503,0.7496577927136743,1,0.05287660820013918,11391
C18_318.9217515_105.3561737,-0.9471856602035336,0.34961621170758983,0.9577106688624648,-0.3764851026205273,11392
C18_318.9428448_54.69403427,0.2605334034110297,0.7958795933422069,1,0.11708197782160953,11393
C18_318.9429223_169.3649077,-0.21084859462821082,0.8341485245806308,1,-0.06295942311218256,11394
C18_318.9933044_31.1160917,0.6732508238413649,0.504921526418235,0.9781047779839798,0.27132022382603144,11395
C18_319.0341141_138.8630904,-0.0023709011793163863,0.9981208809363088,1,-4.55528439619534e-4,11396
C18_319.0593314_22.5193687,-0.5274216067789539,0.6010117436180908,0.9928144482048423,-0.37438729260390174,11397
C18_319.11914_24.88745339,-0.6456132677028671,0.5224661444780203,0.9824083431236167,-0.41559695995317875,11398
C18_319.1401015_119.5731634,-2.838835766728805,0.007274464148920551,0.2556640531980802,-0.9103202686629083,11399
C18_319.1891987_201.1897675,3.1161158661124406,0.0035096200756035622,0.1755927751201655,2.142683021837945,11400
C18_319.2280171_164.1292309,0.5752734602651625,0.5685469048180563,0.9913379189285378,0.22874538038569064,11401
C18_320.0519132_22.66899831,-0.9579054625963478,0.34425390662574773,0.9564212583657042,-1.0148222055553555,11402
C18_320.085608_62.92857474,1.3916798735907812,0.17223069869862406,0.8326851500809265,1.1942137163699156,11403
C18_320.122496_25.81589557,-0.25986777560696656,0.7963891493861215,1,-0.20946618995368899,11404
C18_320.2314924_156.0719673,1.3526705127174052,0.18427192116901486,0.8464654624459718,0.735394388729957,11405
C18_320.8595813_20.88124606,-0.45192024896714145,0.6539330961645058,0.9965858111391217,-0.35953523702971746,11406
C18_320.8799685_90.05256773,-0.09160991503258259,0.9274962510885452,1,-0.02791468343715195,11407
C18_320.9011644_75.019124,0.7922852437754015,0.43318466812910117,0.9742203846590763,0.2592824746821296,11408
C18_320.9014317_179.7627508,-0.5978060227916437,0.5535674365825342,0.9863382588989011,-0.19885949060388064,11409
C18_320.9351025_28.48799016,-0.6856399031571737,0.4971628766781804,0.9781047779839798,-0.2312309234184926,11410
C18_320.9713948_29.15138956,1.0237347146351303,0.31252820055914216,0.9421850854569164,0.4668918197644527,11411
C18_320.9974494_59.40496233,0.14017456831747208,0.8892732710838869,1,0.04658880572696662,11412
C18_321.0183373_33.60020043,-0.4236533363728819,0.674242059006007,0.9996367449012522,-0.22333018939892188,11413
C18_321.0628686_21.75908828,-0.2555752638359053,0.7996773433687399,1,-0.17169059211039833,11414
C18_321.0806358_33.86302591,-1.2902221295824725,0.2048834253324501,0.8653322846082105,-0.7500747268907751,11415
C18_321.1251594_27.7641207,-0.16941243925345822,0.8663840375046197,1,-0.15715163647436495,11416
C18_321.1559622_154.1666814,0.4681715561159061,0.6423753292902663,0.9955023063019077,0.1405923569580086,11417
C18_321.1742443_139.1568996,-1.4153142573317148,0.1652387796988525,0.8269835071898608,-0.4753295085396281,11418
C18_321.2051524_219.8448939,4.173483576667031,1.7156273525475703e-4,0.04352015664488242,2.668403270894459,11419
C18_321.2257904_194.6427134,2.28077996673848,0.0283426670554766,0.47217741192103646,0.7525702006315751,11420
C18_321.2437349_165.8674554,2.2217491598182044,0.032422088136855196,0.49741309045897963,0.704084135698941,11421
C18_321.5431189_17.16680957,-0.580229537920459,0.5652349053006763,0.9911473761431051,-0.2599580292109763,11422
C18_321.9666444_19.17592295,-0.5643768285505926,0.5758625656131571,0.9913379189285378,-0.28805997740978956,11423
C18_322.0006376_58.26401243,0.21787890887077838,0.8287062975210125,1,0.05821685349236036,11424
C18_322.0428489_18.8049982,-1.7614208942513974,0.08633023296886382,0.6962067550962847,-1.0297956719937553,11425
C18_322.1162374_18.17649799,-2.089901439975398,0.043472426002496976,0.546361449999382,-1.1385154877766832,11426
C18_322.208536_220.2715772,3.9096760416238787,3.7487998175392273e-4,0.0631492384125134,1.9935990450546088,11427
C18_322.2140449_159.2070395,-1.071451896604246,0.2908228523486414,0.9336356607859333,-0.29126487055493305,11428
C18_322.2391571_229.8715823,4.250280466053856,1.3627479245153866e-4,0.043103705470568986,3.0823929066199436,11429
C18_322.2470434_166.2923102,2.100964148947287,0.042431899497428524,0.5410756015459433,1.2187851650435753,11430
C18_322.8566204_20.8405519,-1.0874022417074398,0.2838082411699118,0.9295944216943315,-0.6938928056452324,11431
C18_322.8722732_128.2012473,-0.617692709542133,0.5405160779518421,0.9844101439284977,-0.28593600111660367,11432
C18_322.9142378_29.56506882,0.4236092469251672,0.6742739347922269,0.9996367449012522,0.40920037299339945,11433
C18_322.9313271_28.24422702,-0.817711473189875,0.41869422803814726,0.9716822081080376,-0.6034912662579769,11434
C18_322.9555522_68.03835505,0.3356152902011255,0.7390339621952051,1,0.12898393416165618,11435
C18_322.9636192_20.35413157,-1.074121637677193,0.2896403764340763,0.9318421632048914,-0.4457894698333325,11436
C18_322.9953568_57.07122197,0.7821158828846285,0.4390637419145329,0.9745124110909839,0.20309183322203098,11437
C18_323.0928747_24.97690021,-0.47404562159482666,0.6382196278362997,0.9955023063019077,-0.7739452964683924,11438
C18_323.1353546_118.9694697,0.8406095427219241,0.40590186333721434,0.9672616821631036,0.3364428917222995,11439
C18_323.1686093_140.4462995,0.26279007561113027,0.7941527250718168,1,0.10474926179783345,11440
C18_323.1880784_152.585372,1.2075326561010555,0.23479819759426415,0.8884134042888568,0.21393133140114856,11441
C18_323.18995_211.8065708,4.378873856279062,9.244908834646221e-5,0.038199347098625464,3.83932224447942,11442
C18_323.2049279_170.5451165,0.5038030425220654,0.6173507397773245,0.9941935580372473,0.13789105630244294,11443
C18_323.2216189_232.3918688,2.975609786847235,0.005097864483857361,0.21816090634826346,1.091236314203147,11444
C18_323.2593749_181.5419589,2.2392418327607158,0.031161783607744842,0.48999181383113344,0.9113283898400931,11445
C18_323.9629654_25.45704413,0.4528820010038651,0.6532466617424216,0.9965858111391217,0.2674716423065259,11446
C18_324.0730807_19.83271713,-0.06537665777480997,0.948221859356547,1,-0.0515316463576097,11447
C18_324.0961178_24.44142586,-0.28836819693524474,0.7746549718429456,1,-0.26562899076355856,11448
C18_324.193223_211.7784349,1.277055933097095,0.2094438136211099,0.8683661493536527,1.3079756295500142,11449
C18_324.2242576_240.8699476,2.634304005547576,0.012188841511224138,0.3201829305339241,1.4965730340301004,11450
C18_324.2548011_251.9527223,4.55819694341002,5.3572203472010895e-5,0.030233970845210126,3.0698562237371037,11451
C18_324.2548604_145.5087268,0.7556506286400442,0.45458549561775874,0.9753792522951469,0.7088161531356417,11452
C18_324.2627418_181.3443361,3.1426363173925567,0.003267978331532548,0.1678636194435376,1.8883426054470318,11453
C18_324.7632272_21.01205203,-0.26527780982702004,0.7922502578720021,1,-0.32277827180551893,11454
C18_324.8538706_20.87270691,-0.2505179184763557,0.8035561653482715,1,-0.13909089378499787,11455
C18_324.9068743_85.33579483,0.876298054954857,0.3864544380425904,0.9661464710102153,0.4127121132708382,11456
C18_324.9144231_144.2412681,1.1467387299880916,0.2587635904519406,0.9097375345216011,0.4585485082270283,11457
C18_324.9537122_69.11855912,1.815863680313244,0.077403956144848865,0.6862749166340096,0.7301815135786286,11458
C18_325.0973437_19.53510224,-0.6909556497331365,0.49385425992987453,0.9781047779839798,-0.41109834360635733,11459
C18_325.1086437_23.75572614,-0.09326050778583353,0.9261937549082768,1,-0.07055725283701271,11460
C18_325.1148456_130.1724247,1.3213252328416474,0.19440911774522196,0.8530860928789571,0.7168349839360847,11461
C18_325.125814_23.21308313,0.8381874369403063,0.40724341875967673,0.9676316311691489,0.6137461221492443,11462
C18_325.1446937_135.3905178,-0.4907530360043242,0.626464544482539,0.9947980550876518,-0.2816017244370176,11463
C18_325.1511526_172.1133598,0.10417684020616956,0.917584939014752,1,0.014026480175890988,11464
C18_325.1665284_144.9169419,0.7061073345804767,0.48449121006065343,0.9781047779839798,0.17563982773756565,11465
C18_325.1819437_27.58126995,-1.164368539866926,0.25163874550381077,0.9053010394091442,-1.07212733147334,11466
C18_325.1841609_286.8843722,1.0068131710585804,0.3204857506439096,0.9485363870790919,0.2811699850000028,11467
C18_325.1845522_149.5930683,-0.3836508751875861,0.7034067057816507,0.9999159889500627,-0.0611058843267869,11468
C18_325.2022202_158.7043246,0.47798549613251806,0.6354389015388997,0.9953585489094753,0.10656699924491911,11469
C18_325.2386803_223.8724953,4.286926534538865,1.2204601399514138e-4,0.042559105754374195,2.2395010439310052,11470
C18_325.2750505_204.1741174,1.2147942979590773,0.23204855273653296,0.8879258919320564,0.37705397080547437,11471
C18_325.6681764_144.9624102,-0.21532371110742723,0.8306833239398251,1,-0.18017971337534391,11472
C18_326.0886703_19.86950684,1.7138357012269827,0.09482596260774265,0.7121317722762723,2.549835892991366,11473
C18_326.1544632_168.6022007,-0.46868262059618354,0.6420133029855921,0.9955023063019077,-0.25721716268992084,11474
C18_326.1878812_152.3032055,-0.3747521963364515,0.7099586284240453,1,-0.059004009186440935,11475
C18_326.2160882_169.100417,-0.18967217424578264,0.8505903327959239,1,-0.06374774492965601,11476
C18_326.2339784_252.487836,4.495277157501559,6.491218156864371e-5,0.031001382561299397,3.280459934481561,11477
C18_326.2420974_229.4904009,3.4876750653996553,0.0012622344318425867,0.10436685749603705,2.019419230101917,11478
C18_326.2603056_270.4790425,1.0225431738522563,0.3130840664994555,0.9421850854569164,0.39766713768216466,11479
C18_326.2703143_155.4024508,3.16860548371287,0.003046696405384298,0.1606161091563333,2.0287315094716827,11480
C18_326.2703201_281.4056146,4.938717569003118,1.6596004308206334e-5,0.02395189232850786,2.4607009968937517,11481
C18_326.8517799_132.7481271,-0.15127109078203407,0.8805737972155805,1,-0.0464690264342074,11482
C18_326.9091293_137.5818731,0.2189999313920551,0.8278392870737887,1,0.07076556281962651,11483
C18_326.9300508_27.09550509,0.9130983713605005,0.36703194095815417,0.9637531830220828,0.3929801154496458,11484
C18_327.0153268_17.58738406,-0.3352533094083423,0.7393047813755467,1,-0.22294939739185377,11485
C18_327.0928563_20.91286602,1.4029169331228548,0.16887815108537368,0.8316096347034753,1.4486623200111144,11486
C18_327.0990956_135.8913213,-0.9312060146769959,0.35771146780727314,0.9588670540445742,-0.5918286923535682,11487
C18_327.1567958_31.33852306,-0.3755851723396552,0.7093443678551167,0.999964854966912,-0.4352373449148918,11488
C18_327.1603929_135.1123147,-0.28891408510657374,0.7742404082552679,1,-0.14190605452086816,11489
C18_327.1806339_148.593836,-0.4867334470579978,0.6292838154383535,0.9947980550876518,-0.06713532579086336,11490
C18_327.1945127_152.1768349,-0.1760734322583675,0.8611849231318472,1,-0.04391271182252544,11491
C18_327.2350219_218.3737987,3.1927426764489324,0.0028538309294671646,0.15621492648755803,1.1691825106897458,11492
C18_327.2450606_217.9375004,2.9616884915950776,0.005287645719974319,0.2207908217140379,1.711458907550943,11493
C18_327.2543328_186.7545348,0.42017545240159915,0.6767583639508172,0.9996367449012522,0.08780453588537887,11494
C18_327.2544663_252.1178605,4.663325309238583,3.882228593054289e-5,0.028688432745371178,2.7263788146389505,11495
C18_327.2729385_258.8894117,1.5106246410681847,0.1392765587881766,0.7828389046734362,0.7139568546102267,11496
C18_327.290643_207.4117899,0.03150019742562109,0.9750379180461667,1,0.017643533274541105,11497
C18_327.309086_282.8200207,-0.7298142805632007,0.47004430838688116,0.9780296314406529,-0.27584544466581173,11498
C18_327.9261006_23.02097699,-0.01664788229952672,0.986805903256603,1,-0.013677101393541828,11499
C18_328.0941066_19.54097629,0.8708712529229053,0.3893729036047301,0.9669701703160376,0.5881086779792554,11500
C18_328.1077144_22.54946922,2.2142010856120233,0.03297979822719633,0.4996956656890978,1.6765948106532924,11501
C18_328.1627117_29.83294662,-0.5960892541605229,0.5547016185447987,0.9865304209500617,-0.3398161840203713,11502
C18_328.163502_135.7874787,0.7241524740307278,0.4734719223896128,0.9781047779839798,0.43217746635783083,11503
C18_328.1838724_148.4405226,-0.8353203855106619,0.40883497153994086,0.9676316311691489,-0.35420829436209345,11504
C18_328.2215344_161.0404359,0.12426526568719373,0.9017698503207002,1,0.03639227708578146,11505
C18_328.2352075_210.2244933,3.0507326802383012,0.004179572467484699,0.19939618047014998,1.034344290775296,11506
C18_328.2499704_252.7133259,3.2082827592178704,0.0027358553894159155,0.15213332724626133,2.5892766729538237,11507
C18_328.2577786_251.8988796,3.7967318349111774,5.212818480111802e-4,0.0671313570817816,2.0506874594316207,11508
C18_328.2759327_265.0111653,-0.1444928894547396,0.8858860741063292,1,-0.03486329952285564,11509
C18_328.312766_281.0234097,-0.24098640357713974,0.8108801574040402,1,-0.0711015709320367,11510
C18_328.6643178_31.13052605,-0.08479426363064668,0.9328766382626974,1,-0.05199752561928672,11511
C18_328.8675194_130.4691806,-0.2026063528904388,0.8405394387606571,1,-0.05876713508546569,11512
C18_328.9012345_27.66125186,0.053905690140953394,0.9572968437700868,1,0.033381445388262494,11513
C18_328.9846221_42.38282653,-0.48580820840425565,0.62993356082392,0.9947980550876518,-0.16541341678572605,11514
C18_329.0010541_23.01848907,1.3404462790333516,0.1881758096996461,0.8490068840842734,1.4851929796800822,11515
C18_329.0138128_18.03824004,0.3640428915621277,0.7178733216993434,1,0.1575690634832461,11516
C18_329.0306171_17.5676974,-0.8804201087729078,0.3842469573903873,0.9641462546882261,-0.332212654585088,11517
C18_329.042691_17.43251475,-0.3423961198541643,0.7339670824188429,1,-0.1489200024653603,11518
C18_329.0855425_152.6722026,0.989836302556929,0.32860666936092575,0.9506069103298993,0.8120659494021646,11519
C18_329.1146019_144.4920898,-0.3876125613939033,0.7004971136672276,0.9999159889500627,-0.28546075018806927,11520
C18_329.1170518_25.64685499,-2.3998048489849793,0.02148769081199059,0.4188233531716776,-2.3202589922093986,11521
C18_329.1433727_23.23273349,-1.6250604978132137,0.11253727481853146,0.7386028370327659,-1.3089470533157208,11522
C18_329.1754243_121.1161139,-0.6807452878021545,0.5002202075446595,0.9781047779839798,-0.3216487264927273,11523
C18_329.1970232_164.8886255,0.665078431003824,0.510075606111632,0.9802142331323181,0.2549126139911476,11524
C18_329.2156128_145.2212986,-0.7864524163186142,0.4365509085689828,0.9745124110909839,-0.18388637549434778,11525
C18_329.2337508_167.1499854,-1.17890519062489,0.24587190172734605,0.9002284293303288,-0.27708418318260397,11526
C18_329.2398914_218.1500006,3.1805408083502757,0.002949832600514098,0.15816337936544872,1.0996871266635617,11527
C18_329.2503783_227.6795465,3.701022235429386,6.875051231988163e-4,0.0710572729306145,1.3585310947519336,11528
C18_329.2699041_278.724407,2.175179264984426,0.036001413210477354,0.5143847335746973,0.6873167139541408,11529
C18_329.2832137_112.3437304,1.551145677308327,0.12927744675044425,0.7690074549221807,1.0672005234879305,11530
C18_329.2880284_281.3310191,0.08359925892786589,0.9338203307969568,1,0.02526044408108208,11531
C18_329.9892516_34.40073775,1.3647510596423427,0.18047550030369378,0.8435536307584767,0.7274131907321816,11532
C18_330.0324642_17.25553751,-0.8756019535101786,0.38682801415435253,0.9661464710102153,-0.34233783755462666,11533
C18_330.0851273_17.55873001,1.8030476947658733,0.0794316840483005,0.6911349530212022,1.0206908471407652,11534
C18_330.0890148_152.6427168,0.037626128453843735,0.9701856326045895,1,0.022040447600209973,11535
C18_330.1179122_144.7717981,-0.02656121469744345,0.978950743057131,1,-0.022693945670904138,11536
C18_330.134743_122.1108556,0.5333034165614101,0.5969745922644728,0.9924427755631277,0.4774803778825103,11537
C18_330.1784604_124.9413251,-1.5644894619690237,0.1261145191854903,0.7652102591223218,-0.9826506728579338,11538
C18_330.252343_229.713812,3.6884655683646135,7.127963027494304e-4,0.07230075948944188,1.3251046057822589,11539
C18_330.2733371_281.3424356,1.289248098415343,0.20521820786523956,0.8654972584231475,0.9026357901593814,11540
C18_330.6365863_122.8681537,-0.18525942390635694,0.8540252705959479,1,-0.1329729799511499,11541
C18_330.7543297_20.89077594,-0.974783481513342,0.33592238046334766,0.9537290100285187,-0.5928634902529754,11542
C18_330.8597904_146.8179403,-0.2459065576012287,0.8070973271467463,1,-0.11861890119913787,11543
C18_330.9168443_27.08174343,-1.047075721925711,0.30177575304042553,0.9397496500337139,-0.5277666086185986,11544
C18_330.942917_146.2025299,-0.4379062309407842,0.6639696755826043,0.9978767801948073,-0.12401769594487654,11545
C18_330.9639818_47.79852599,1.265801738622532,0.21340221848334173,0.8700201576306809,0.453637193966684,11546
C18_330.9799086_288.2033681,-1.701795110327679,0.09708291261937439,0.7164771308729047,-0.5677599946157481,11547
C18_331.0004435_42.64380829,1.0186249719704887,0.3149167206155543,0.943249128859935,0.39301908565393856,11548
C18_331.035659_17.42627268,-0.8597307947698684,0.3954076790058255,0.9669701703160376,-0.3420078782861718,11549
C18_331.1422654_127.3029267,0.8988655366287914,0.3744675113658015,0.9637531830220828,0.5370926991616652,11550
C18_331.1456336_22.71185605,-0.04293047524454627,0.9659850361094262,1,-0.021088383112416578,11551
C18_331.1768259_168.2854816,0.6445365052149119,0.5231562259129108,0.9824083431236167,0.1128910904995124,11552
C18_331.1919921_130.4809514,-0.7981539899062232,0.429813515176778,0.9742203846590763,-0.34638791730532265,11553
C18_331.2313541_149.1489451,0.47510600092335004,0.6374706989148882,0.9953856535986481,0.17720513141849062,11554
C18_331.2492517_154.7164486,1.2522848926221941,0.218230389867764,0.8743686367820893,0.4044965745667789,11555
C18_331.2552532_232.386484,3.230231645051347,0.0025770962309644963,0.1445935063873294,1.1386811819971405,11556
C18_331.2646082_249.0532502,3.4316449871279646,0.001477169768839714,0.11533063334683856,1.1266291462661182,11557
C18_331.5285529_17.59570844,-1.142187838222253,0.2606261713942455,0.9116983194396786,-0.7626034150535683,11558
C18_331.9673036_42.90121757,-0.1953230458244133,0.8461959397711576,1,-0.06272376215693026,11559
C18_332.0037403_42.01253244,1.278090754677622,0.20908263413879086,0.8683661493536527,0.3540445305905938,11560
C18_332.0291654_18.02561764,0.0410240242609953,0.9674946782109514,1,0.01507540402367875,11561
C18_332.1742702_147.7520642,-0.6584222555036884,0.5142945245866728,0.9824083431236167,-0.1539799176132645,11562
C18_332.1950212_125.4546458,-0.48229537715075066,0.6324031437198103,0.9947980550876518,-0.2612198115780047,11563
C18_332.2679546_249.2268415,3.2877696504899316,0.0022014597077089715,0.1332811543492528,1.0733148977281994,11564
C18_332.6759714_147.7728001,-1.4123246764526765,0.16611073691987654,0.8274419139233609,-0.4205866171578089,11565
C18_332.7511914_20.31246606,0.21783704085528605,0.8287386828920423,1,0.16662148363621834,11566
C18_332.9010406_154.2303343,-0.4676002558708699,0.6427801298940646,0.9955023063019077,-0.1287998575568299,11567
C18_332.9221687_184.3480852,0.6494849276156517,0.5199888802942656,0.9824083431236167,0.6699381361551491,11568
C18_332.922194_63.35127877,0.6479279312955548,0.5209843592490162,0.9824083431236167,0.2611374829377869,11569
C18_332.9585915_47.81518098,0.5666254537000212,0.5743491268493364,0.9913379189285378,0.2335404423427929,11570
C18_333.0237951_17.36651213,-0.7779443108304213,0.44148912601990586,0.9745894987688215,-0.30422280417309217,11571
C18_333.1559089_156.6847451,0.9344846374855963,0.3560405884571509,0.9588670540445742,0.4514893143172088,11572
C18_333.1897726_125.1200559,0.6938583671842156,0.49205274392975906,0.9781047779839798,0.5445574791815144,11573
C18_333.19779_125.7101096,-0.7952249379033368,0.4314940495041386,0.9742203846590763,-0.3521258928634115,11574
C18_333.2074185_135.4566652,-1.9253922880023935,0.061799376043228334,0.6298711516618964,-1.503658292310891,11575
C18_333.2263456_179.4403153,-0.7421392978752176,0.4626323746968086,0.9761454576259606,-0.27018173804190965,11576
C18_333.2713639_248.7167174,2.3319172804727564,0.025187247504424814,0.4491392262139771,0.9207450802024942,11577
C18_333.280161_268.6723932,3.903375683122836,3.8186999676567614e-4,0.0631492384125134,1.405644016847711,11578
C18_333.9620973_67.23462441,-0.9967183209886918,0.325298052110888,0.9506069103298993,-0.5284458353883879,11579
C18_334.1215382_22.72369799,0.807095123471091,0.42470809148458155,0.9724257019093233,0.651273355238133,11580
C18_334.2019542_125.8521062,-0.2564323511464957,0.7990204911160083,1,-0.05599867926857451,11581
C18_334.2363316_214.4408545,-2.2785263578203994,0.028489546333500152,0.4736198655018914,-1.4289253415314704,11582
C18_334.2834147_268.9330617,4.79029291302419,2.6264284884003318e-5,0.02395189232850786,3.5234407334389926,11583
C18_334.8594096_79.47080333,1.7363628935011481,0.09072080163664996,0.7034668280907063,0.6447708682239218,11584
C18_334.86749_26.19780863,2.439365366408209,0.019565927818352494,0.4041845899822696,1.3120915916049818,11585
C18_334.8968287_128.4513391,0.4547989643781743,0.6518793722103253,0.9965858111391217,0.17425550291373526,11586
C18_334.9168249_73.4369273,0.25942458460688894,0.7967284741677514,1,0.08683471424740825,11587
C18_334.9507917_31.2983048,-1.2991103598185252,0.20184753344464768,0.8642749387886114,-0.3535386490461421,11588
C18_334.9566144_67.92367853,0.12751180857350017,0.8992175619652946,1,0.06207175829663038,11589
C18_335.0350187_19.56834253,-1.364731592551756,0.1804815690305982,0.8435536307584767,-0.45889377392331815,11590
C18_335.0517468_282.0205556,0.625161087724654,0.5356563423679929,0.9833164118236528,0.22373413128612193,11591
C18_335.1513306_25.2094554,-0.4421860431841855,0.6608977857672611,0.9968021749030789,-0.38211386509948275,11592
C18_335.1718288_162.8754022,-0.851054806878215,0.4001479643694512,0.9669701703160376,-0.1594843200929439,11593
C18_335.1764276_211.8564695,2.2520235318049444,0.030268734255538263,0.4847317177925648,0.8351456708634856,11594
C18_335.1900322_147.4798526,-0.714233104621195,0.4795113758323575,0.9781047779839798,-0.38631291935320755,11595
C18_335.2053283_179.028169,0.8548904709963029,0.39804791007062756,0.9669701703160376,0.3622536068929181,11596
C18_335.2053669_125.2216752,-0.33748844219215773,0.7376330854392458,1,-0.1391646781241613,11597
C18_335.2210191_220.2986875,4.279180580147898,1.2492677108915607e-4,0.042559105754374195,2.8380139608124955,11598
C18_335.2232352_135.3774538,-3.634452355868061,8.322119272575629e-4,0.07923666289222007,-2.584415414760343,11599
C18_335.2957508_294.584808,3.781066307332582,5.4553183995674e-4,0.0671313570817816,1.5822947052828706,11600
C18_335.6502774_23.70224246,-1.3661031515267044,0.18005438100292567,0.8435536307584767,-1.25182960874696,11601
C18_336.0664161_21.97355618,0.06657412487596026,0.9472748932016175,1,0.041575631160727246,11602
C18_336.1601414_24.67823745,-0.967344731858324,0.3395776075331154,0.954330731898445,-0.6558988719805985,11603
C18_336.2240551_220.3654183,2.693507397947884,0.0105182308382163,0.29773226390698754,2.10577882825269,11604
C18_336.2548375_147.7380273,2.6226671445960132,0.012544707921627093,0.3236081468780979,1.2358439873374698,11605
C18_336.2991865_294.2562651,4.272864072258853,1.2732514134026652e-4,0.042559105754374195,3.5868994137360666,11606
C18_336.6600748_24.10251548,-0.9926654085520467,0.3272438022533578,0.9506069103298993,-0.7306905008670638,11607
C18_336.7890663_21.14209301,0.8206891821574077,0.4170168465023558,0.9712636476221591,0.7572007130020763,11608
C18_336.8629877_23.14376806,-0.19159595006358185,0.8490937613767593,1,-0.06270579769083573,11609
C18_336.8752773_77.65051075,0.09589030018655058,0.9241189909135499,1,0.06177791313631299,11610
C18_336.9149051_71.4156414,-0.36521731518546124,0.7170038073262477,1,-0.1953999889580462,11611
C18_336.9298895_34.98514738,-0.40568502952060737,0.6872826024382419,0.9999159889500627,-0.14517742307595716,11612
C18_336.9476376_30.75060197,0.5268004971996708,0.6014388082489838,0.9928201179984223,0.25530806428057234,11613
C18_336.9714435_66.78866841,0.514481971978109,0.6099380936888309,0.9928201179984223,0.17252059308906428,11614
C18_337.0328916_19.14049702,-2.3483005870586573,0.024245356968126068,0.44186977315186204,-1.1022845666682701,11615
C18_337.0701563_21.91499678,0.02364709132251202,0.9812596612045409,1,0.01842600316065777,11616
C18_337.130101_22.01220645,-0.5832018544138767,0.563253233277692,0.9905640092681676,-0.43934876062137673,11617
C18_337.1510759_123.9361698,-0.6622620213018913,0.5118584438311764,0.980797573128938,-0.21716149590108524,11618
C18_337.1595065_24.30411181,-1.2665346720413073,0.21314272746887752,0.8700201576306809,-1.0792648468387664,11619
C18_337.1679613_27.38099044,0.25994326617723906,0.7963313547718835,1,0.15649719052561048,11620
C18_337.17921_220.3828853,5.21302445943063,7.069584524140268e-6,0.02395189232850786,3.095717321968889,11621
C18_337.1844814_148.384041,-0.6127585121694833,0.5437393402359924,0.9844101439284977,-0.2038958978510885,11622
C18_337.192163_229.8046167,1.5813009852450792,0.12221920415867042,0.7609623335528272,1.079599327067193,11623
C18_337.2057308_154.4797048,-0.6620193881369507,0.5120121931074119,0.980797573128938,-0.16177069858308638,11624
C18_337.2364688_244.8011071,3.7646447479553546,5.721243474088121e-4,0.06801842957036018,1.3240644694633237,11625
C18_337.9747138_65.51925245,-0.11405374822112652,0.9098044573481937,1,-0.07685062790217136,11626
C18_338.0894121_178.5375301,1.0728283521171114,0.29021277439340476,0.9325511731888707,0.7403586803657686,11627
C18_338.2092598_154.3955253,-0.7448381129199136,0.4610184763251657,0.9755657681934743,-0.5774858512662933,11628
C18_338.2242146_178.525551,0.43462416449343294,0.666329410994049,0.9980954332927549,0.08324376182267734,11629
C18_338.2341754_252.2685642,4.631218903505938,4.284120606853047e-5,0.028935761084956053,3.6056761064706246,11630
C18_338.2397876_244.4680186,3.8522311431831664,4.4349605795729465e-4,0.06595282851518033,2.9872709100234514,11631
C18_338.2602891_199.5043025,-0.7930472560978414,0.4327460523093901,0.9742203846590763,-0.17380707738521156,11632
C18_338.2703945_155.5805276,2.820832242042351,0.007618408768029482,0.25962082808187237,1.1417803222318217,11633
C18_338.7860669_21.12663217,1.1608642444964032,0.25304350699542877,0.9054022050039036,1.080715584529642,11634
C18_338.922603_92.51876711,0.2936129444545976,0.7706747372541486,1,0.25341836524487865,11635
C18_338.9300035_144.6180382,-0.6204341841690172,0.538729515985644,0.983683589406213,-0.1448853721140027,11636
C18_338.9692896_66.58733216,-0.062324274226744227,0.9506360486646693,1,-0.028116087585011093,11637
C18_339.0579522_24.49078993,-0.9005492862514646,0.3735828582482531,0.9637531830220828,-0.6626507278182044,11638
C18_339.1302975_137.0599097,-0.1604372287031665,0.8733989538372922,1,-0.047148520948851566,11639
C18_339.1607324_135.2162304,0.46417986995434224,0.6452059845805495,0.9962085044382889,0.13738831395961398,11640
C18_339.1654327_23.61981899,1.1126593371842213,0.2729461027693991,0.921156449947854,1.1139259958058199,11641
C18_339.181938_150.2091653,0.38630946954111817,0.7014536450586173,0.9999159889500627,0.1437553853105621,11642
C18_339.1944118_243.7904344,1.1053421233209013,0.27606209685502103,0.9227236778686373,0.6586312562168639,11643
C18_339.2159809_155.0589643,-0.19532668173734438,0.8461931138939005,1,-0.07727879308055544,11644
C18_339.2363451_235.136069,0.20660945155406696,0.8374340998333538,1,0.08228207693135968,11645
C18_339.2542078_185.9372526,-0.7940196921288087,0.4321867047839516,0.9742203846590763,-0.2737464459663765,11646
C18_339.2906872_212.8253435,-1.2512944744520154,0.21858735046468772,0.8751292751784515,-0.2581870466668623,11647
C18_340.000484_186.1308619,-0.27797885630996017,0.7825575562817364,1,-0.09883473069580088,11648
C18_340.0005535_46.14410619,-0.8251971817384417,0.41448529155207625,0.9702967640516138,-0.3254299796543087,11649
C18_340.0185113_18.17927785,-0.5040244196465498,0.6171966574871753,0.9941935580372473,-0.29617230907599806,11650
C18_340.1637671_135.5984665,0.9615746483906307,0.34243110104360464,0.9550137755006265,0.2977543786554993,11651
C18_340.2103715_280.9400232,1.6363033162960405,0.1101539599045489,0.7340855793306676,0.44333390958800284,11652
C18_340.2398071_242.1267927,-1.1936518074652638,0.24012088080310431,0.8961162212635817,-0.28018555504184334,11653
C18_340.2494685_139.7111265,0.32546602638628297,0.7466398724449728,1,0.26590150366093457,11654
C18_340.2859759_166.2360306,3.6380297871222256,8.237393242844842e-4,0.0789081999055442,1.8879435476738868,11655
C18_340.5166663_18.36877763,-0.486658295008273,0.6293365795532011,0.9947980550876518,-0.4955915593260358,11656
C18_340.7371072_20.51658902,-0.1577804294316472,0.8754774909449049,1,-0.12055002783480706,11657
C18_340.8809991_85.82653507,-0.6332722152341239,0.5304044243803703,0.9824083431236167,-0.3734499111001367,11658
C18_340.8883823_128.9178866,0.8022108411190286,0.42749245387927937,0.9738791676427527,0.25372278015051825,11659
C18_340.9457729_74.98545713,-0.8331050261480433,0.4100673926441475,0.9686420717311376,-0.5601321789677863,11660
C18_340.945843_26.64817551,-2.1186938975967085,0.04080996664407918,0.5347244144365793,-1.0292191232453234,11661
C18_340.9902701_55.55769887,1.1140463547854973,0.2723582817777989,0.9208765037336004,0.5353113660434219,11662
C18_341.0682841_26.05186228,-1.152949088239121,0.25623733865089277,0.9085114391831796,-1.0279250936903699,11663
C18_341.1012267_27.62798464,-0.49292850034105945,0.6249410725875099,0.9947980550876518,-0.35739649238734617,11664
C18_341.1091634_120.1158285,-0.09420753539039693,0.9254465403913676,1,-0.0416362384168118,11665
C18_341.1092452_17.06088783,0.8417108291120332,0.40529279228277926,0.9672616821631036,0.4565535093596096,11666
C18_341.1764901_29.43176398,-1.0257134778551449,0.3116065825005819,0.9421850854569164,-1.099987416107306,11667
C18_341.1767576_136.8139052,0.027267752305290483,0.978390966070331,1,0.011415801086126186,11668
C18_341.1968682_148.6143487,-0.53494619737971,0.5958493192196467,0.9924074341965825,-0.15609205296645176,11669
C18_341.2065527_153.426714,0.5487066139874148,0.586463455633973,0.9913379189285378,0.14817138458209836,11670
C18_341.2335866_185.4540564,0.05158072536438523,0.9591369265625059,1,0.017211147557747167,11671
C18_341.2515483_197.708024,0.8399545874177923,0.40626435868648036,0.9673254129985763,0.3007523822793311,11672
C18_341.2700233_184.0667247,0.18318485724136332,0.8556411380288939,1,0.0292307284104602,11673
C18_341.2884514_269.419395,-1.4631328451132457,0.15177396075068803,0.8055300416869287,-0.4479525324758399,11674
C18_341.9998652_18.43645449,-0.3757216220323793,0.7092437646338152,0.999964854966912,-0.14317963651046497,11675
C18_342.104557_28.91039399,0.3038086425045536,0.7629552734732259,1,0.48823565338412844,11676
C18_342.1125647_122.8827317,-1.2221406115362499,0.22929112029048468,0.885876489596682,-0.5821673165052502,11677
C18_342.1793578_134.9589662,-0.2285430921462872,0.8204674512205774,1,-0.08735570777951324,11678
C18_342.2000825_143.8056677,-1.9171832904330455,0.06286705655354186,0.6326842076288512,-1.1809805752385538,11679
C18_342.2190258_178.259138,-0.17948407189749055,0.8585252173034752,1,-0.06295463601814076,11680
C18_342.2653111_147.7566835,-0.5853907077495755,0.5617961357230162,0.9899322889121577,-0.11434934194323249,11681
C18_342.2734557_173.7899788,1.0366253069579785,0.30655785654549217,0.9413651146070527,0.1766763534347879,11682
C18_342.2916322_273.5770395,2.3955489361655897,0.021704307825824037,0.42162090439719235,0.6590289638000568,11683
C18_342.7342983_20.75296706,-0.2808743579075739,0.7803527236066758,1,-0.25588426864486513,11684
C18_342.8256469_115.8199354,-2.4103975565757874,0.02095702068561093,0.4141280600040436,-0.7600704607263282,11685
C18_342.8832544_130.1818442,1.6570270409078003,0.10586959846700343,0.7270102455490702,0.47556651493226654,11686
C18_342.9040696_102.9136765,0.5107698425673444,0.6125101588712135,0.9929351559041135,0.16213474778182455,11687
C18_342.9801719_178.3659132,-2.4017854457272856,0.02138755176943713,0.4179085053455937,-0.9610575797610114,11688
C18_342.9998779_286.4957834,0.6558374732950628,0.515937926148986,0.9824083431236167,0.30723997211431825,11689
C18_343.0011745_15.43687102,0.18013291750283364,0.8580194186600711,1,0.06823996284284999,11690
C18_343.0260276_23.16646763,-0.2102373940158816,0.8346220552082717,1,-0.2859612075548686,11691
C18_343.1195901_23.40928745,0.3305296188885899,0.7428419252375483,1,0.4297488221177947,11692
C18_343.1221717_135.7989711,0.06028167417930303,0.9522518453935611,1,0.11301984125054391,11693
C18_343.1517703_28.07305893,-1.9963403121096475,0.05320530252325575,0.597129438335422,-1.7672409325198608,11694
C18_343.1554437_170.8124027,1.4244585134171326,0.16259395548715744,0.823187573542779,0.7721499629721527,11695
C18_343.1676828_122.4942649,-0.5616802683802545,0.5776800669518278,0.9913379189285378,-0.36543642557934847,11696
C18_343.1917725_139.2593499,0.021620890248621242,0.9828651582654067,1,0.011058912707124318,11697
C18_343.2041598_137.0298157,0.28762747199265887,0.7752176071147376,1,0.24652139768224404,11698
C18_343.2128168_160.9911002,-0.6410213578069166,0.5254124168589296,0.9824083431236167,-0.1701303885598285,11699
C18_343.2587436_202.7831854,-0.4566282365103252,0.6505757635106588,0.9965858111391217,-0.17705424832860617,11700
C18_343.2678031_261.9083734,0.3619300700585651,0.7194385598824837,1,0.1312997644888325,11701
C18_343.2851437_280.3045711,-0.6881997406070587,0.4955680555059405,0.9781047779839798,-0.2190870802890326,11702
C18_343.294914_285.9239438,-2.3264445609804656,0.02550914430687131,0.45178111371304214,-0.6333526666000893,11703
C18_343.303908_267.7510627,1.338826067733319,0.18869796561355073,0.8493817236871323,0.35795601296509394,11704
C18_343.6695167_122.3044357,-0.6010265276603314,0.5514430055829451,0.9858134543858914,-0.5699581019018461,11705
C18_343.9952186_19.12679569,-0.6127760699863093,0.5437278529818488,0.9844101439284977,-0.2277832237941262,11706
C18_344.0053542_118.3279359,0.3967433273651073,0.6938086311448142,0.9999159889500627,0.15384937066465354,11707
C18_344.0060209_15.41555995,-0.3728325169861065,0.7113750017918675,1,-0.1700603404460944,11708
C18_344.0753744_22.41995807,0.12991572303830215,0.8973284078223858,1,0.12566109841115555,11709
C18_344.1255234_135.9311503,0.1603045263374526,0.8735027516019702,1,0.14267886527896795,11710
C18_344.1356208_23.61169753,1.1394486499842573,0.2617519033588033,0.9128151645652964,0.4803198453591588,11711
C18_344.1577145_22.89429376,-0.7798507495153242,0.44037971862912795,0.9745894987688215,-0.5212936002098852,11712
C18_344.195264_137.7663699,0.04834719788552153,0.9616964616278938,1,0.02477885148272181,11713
C18_344.226605_152.4864443,-1.0583606798569132,0.29667005709183275,0.9388494250827767,-0.7996284470875407,11714
C18_344.2710804_280.76667,2.830602526520879,0.007429916293949037,0.25823890481844997,0.703014091240075,11715
C18_344.3075333_274.7897085,1.4692654546310313,0.15011183636480355,0.8022269263565472,0.3756013721829794,11716
C18_344.7313482_20.73907981,-1.212544612065894,0.23289784982959758,0.8879258919320564,-1.2297861862896602,11717
C18_344.8413385_94.55648453,1.6478647768115913,0.10774652341661418,0.7299405333124399,0.5926478434085424,11718
C18_344.875473_152.3784239,-0.7435434637078038,0.4617922710130201,0.9757574415083452,-0.25098751080749954,11719
C18_344.8963605_26.89104113,0.5218695747439656,0.6048342728899777,0.9928201179984223,0.22914503284919047,11720
C18_344.9322341_28.31083594,0.7031644757847066,0.4863018950797665,0.9781047779839798,0.566409817148519,11721
C18_344.9588026_52.89016488,0.9157858083214147,0.3656387765624217,0.9637531830220828,0.2519052114350436,11722
C18_344.9798613_46.46903085,0.1686793828320975,0.8669565831006698,1,0.04619675296564891,11723
C18_344.9984318_145.1862559,0.7954178368544307,0.431383252576525,0.9742203846590763,0.29428677565706624,11724
C18_344.998475_18.99087742,-0.5038263165042491,0.6173345398604932,0.9941935580372473,-0.1879596953838201,11725
C18_345.0094684_14.8802711,0.12053088166025656,0.904706963230414,1,0.07578020570383899,11726
C18_345.0163752_45.08134257,0.5823591358705172,0.5638147276530789,0.990786345850868,0.23778297380732477,11727
C18_345.1191794_135.8092343,-0.18914637588119312,0.850999467154713,1,-0.16363184611254525,11728
C18_345.1311784_137.5889638,0.210341697274956,0.8345412413336162,1,0.26335034492624665,11729
C18_345.1366123_37.1617939,1.0428705874228612,0.3036937739535154,0.9402374180413365,1.2879032715798646,11730
C18_345.1656139_24.76370824,-0.31793363699081606,0.7523013802116896,1,-0.2951609272162716,11731
C18_345.1711302_135.6476266,0.6956786160129493,0.49092491532480054,0.9781047779839798,0.44759375351413483,11732
C18_345.2017121_201.7767768,3.3306088501851954,0.0019563113688344114,0.12699856034871324,1.5887623259043944,11733
C18_345.2284936_165.7941009,-0.05484412868318548,0.9565541873464183,1,-0.010932403146712387,11734
C18_345.2462854_151.4899455,0.2558843511777341,0.7994404488212938,1,0.07841261980528615,11735
C18_345.2648506_192.686521,0.4970611486388876,0.6220515817994803,0.9947980550876518,0.20732908842148312,11736
C18_345.2832487_288.1273142,0.049442023641811016,0.9608297926086962,1,0.018951316713915457,11737
C18_345.9753472_45.6187554,0.46896583414264187,0.6418127191399046,0.9955023063019077,0.16793680767844085,11738
C18_345.9832139_45.84491495,0.9198819116413294,0.3635219766632447,0.9633639059453812,0.3111564052183368,11739
C18_346.00004_18.60770098,-0.28460977923458497,0.7775110338249178,1,-0.11876114089869377,11740
C18_346.0195272_44.99617383,1.4025598864516897,0.16898388588967195,0.8316096347034753,0.38963896879449367,11741
C18_346.1225496_136.1135143,0.06219921386578735,0.9507349715401656,1,0.05447831897450674,11742
C18_346.2085549_211.8715248,3.348148413967981,0.0018636550417940427,0.12699856034871324,2.602555052780843,11743
C18_346.2109269_125.7806986,1.0149061828046935,0.3166628761160208,0.9448763122094371,0.8531913994059013,11744
C18_346.272994_257.7461365,1.6704408784011953,0.1031704588514227,0.7222851642405752,0.8911408850550446,11745
C18_346.7284655_20.51989042,-0.9049740311475659,0.3712644901430424,0.9637531830220828,-0.9397888335134775,11746
C18_346.8907307_142.4183205,-1.2166282091987928,0.2313579121622007,0.8875782173548652,-0.7076391496029869,11747
C18_346.9169062_86.09666895,0.007685943390235726,0.9939083624525724,1,0.003038829019253285,11748
C18_346.9380128_53.99671167,0.9419257312157391,0.35226742526049937,0.9584471216727528,0.34439761185767553,11749
C18_346.9741674_46.16461131,0.21425981933343455,0.8315068158196031,1,0.11651722771549317,11750
C18_346.9835957_45.70266629,-0.06427145555944498,0.9490959293029253,1,-0.019376856705992044,11751
C18_347.0033033_142.1347358,0.056138150252484864,0.9555301960448876,1,0.01614266305598561,11752
C18_347.0035351_16.54906033,-0.88145375213726,0.38369467221209186,0.9640023294868427,-0.37668139171538034,11753
C18_347.077201_18.27011544,-0.16697559799667797,0.8682875854482658,1,-0.2802106974763493,11754
C18_347.0855311_22.46181384,-0.8887920424890051,0.3797883069583101,0.9638726330536317,-0.7308422028634094,11755
C18_347.1718732_182.0144449,1.349619103664149,0.18524051876897282,0.8467345678477594,0.6422075462569113,11756
C18_347.1867254_126.5538885,-0.2286970912603093,0.8203486242889061,1,-0.30864130865112716,11757
C18_347.2208354_229.1553891,3.6483710257379083,7.99712999102707e-4,0.077076633226402,1.3039079842281336,11758
C18_347.2441755_213.8068595,0.28848283442538447,0.7745679071999024,1,0.2767005500239576,11759
C18_347.2595241_179.1039127,2.0072647485989177,0.051978724365060666,0.5938805525637113,0.7407419665827694,11760
C18_347.2944428_28.47618171,-0.5740503899691852,0.5693657290160281,0.9913379189285378,-0.2659298832070338,11761
C18_347.9777419_65.62817783,0.6306380524293238,0.5321070456252315,0.9833164118236528,0.16913879150235975,11762
C18_348.0017308_16.994418,0.11199610221293077,0.9114246411512706,1,0.08233402210032344,11763
C18_348.0225254_171.7867507,0.8521440337511084,0.39955090119131464,0.9669701703160376,0.3727221877293374,11764
C18_348.1782865_110.1799894,-1.0455406719695084,0.3024749364659548,0.9397496500337139,-0.702666005309551,11765
C18_348.2241418_229.4771121,3.3461206986176624,0.0018741486034759508,0.12699856034871324,1.3220849608784564,11766
C18_348.2368493_185.0506289,-0.3193951496525641,0.7512017795298047,1,-0.08686339169224444,11767
C18_348.2629714_178.8939881,1.3545815828557601,0.18366728665137452,0.8460463584863603,1.1022554611763793,11768
C18_348.676353_91.81250887,-0.5786098022167062,0.5663162646147426,0.9913379189285378,-0.3584630251761687,11769
C18_348.8751497_77.67111296,0.3252586098365208,0.7467955825533716,1,0.1118707436078033,11770
C18_348.8831259_26.72427713,-0.10620291495064993,0.9159882139478048,1,-0.057487745350123166,11771
C18_348.8960941_70.70013544,0.7658615824232683,0.4485590117510653,0.9745894987688215,0.7038418540921559,11772
C18_348.9149459_75.43567969,-0.36467498006281795,0.7174052915743443,1,-0.13432283304479053,11773
C18_348.9325467_71.72200169,0.5084013104043634,0.6141538731994333,0.9931667617408494,0.1546591070907929,11774
C18_348.9686372_43.57134951,-0.4050238577330008,0.6877643316957195,0.9999159889500627,-0.11930416496421876,11775
C18_349.0011401_16.54602175,-1.1005658762790371,0.27810960244954125,0.9253857243533475,-0.523159437246437,11776
C18_349.0964204_142.5753336,-1.9018018316274992,0.064910351474227,0.6405709176144979,-1.2716049822298894,11777
C18_349.1233005_36.15129897,-0.8045278272176145,0.42617024243382573,0.9732405036444339,-0.4421080147639583,11778
C18_349.1493089_136.6189392,-0.24296033113472065,0.809361957737749,1,-0.10942668360590838,11779
C18_349.1873353_168.3873164,1.4801855274507245,0.1471879517299901,0.7990057780504991,0.45605740449369897,11780
C18_349.2055234_220.4504425,3.655989951558231,7.82445668812744e-4,0.07634920159657273,2.334420628445672,11781
C18_349.2228015_163.1706509,1.4977734768021023,0.14257416421914104,0.7878438691110466,0.3532188354997885,11782
C18_349.2364669_251.6175572,3.6238607493618997,8.577922364430136e-4,0.08118021707542016,1.3253333277373769,11783
C18_349.2423394_169.3750482,-1.6870197864455492,0.09991335304099476,0.718134185467518,-1.318517745154252,11784
C18_349.2751406_260.6613388,-1.1089720399274332,0.27451317569595207,0.9222085663954013,-0.8893166394495159,11785
C18_350.005381_16.82357295,-0.38366663795204464,0.7033951200965962,0.9999159889500627,-0.32339353818441463,11786
C18_350.0422219_23.98050116,0.8706051432056974,0.38951637203592215,0.9669701703160376,0.6205643491531081,11787
C18_350.155949_23.41305993,0.1748595445560514,0.8621319415228911,1,0.10927914066965229,11788
C18_350.1756861_121.7189478,-0.17261574804860402,0.8638829884779343,1,-0.15478668040074606,11789
C18_350.2089406_80.39309007,-0.32146742103289405,0.7496435625108684,1,-0.2381045422799698,11790
C18_350.2089643_220.3992514,4.095967258591509,2.161979218239874e-4,0.04992522391675649,3.5215623116162877,11791
C18_350.2400336_252.678356,2.4844420166439263,0.017567478544891962,0.3840214710141083,1.7020796288141944,11792
C18_350.2705468_151.307476,2.032178193655297,0.04927317930702411,0.5775821167007157,1.461191466807883,11793
C18_350.6775485_121.8058505,-0.38043135191955324,0.7057745646260607,0.9999159889500627,-0.32926949845373243,11794
C18_350.8707116_131.0652086,-0.21765109751467646,0.8288825157723201,1,-0.06445977396515658,11795
C18_350.8908503_75.53676048,0.7286082470378664,0.47077323417730643,0.9781047779839798,0.24869747276353613,11796
C18_350.9306235_72.41260838,0.6754122980316118,0.5035631399780911,0.9781047779839798,0.27958211703604063,11797
C18_350.9456655_38.09097726,0.513537326310889,0.6105921474792895,0.9928201179984223,0.14428263659485988,11798
C18_350.9635437_32.43475421,-0.6156182374965101,0.5418700140664907,0.9844101439284977,-0.1698027078257711,11799
C18_350.9701927_162.6624867,0.98520340031459,0.33084673873570647,0.9506069103298993,0.4707564752471746,11800
C18_350.9968197_16.82474656,0.891859654319735,0.3781629024138746,0.9638726330536317,0.7660828196486953,11801
C18_351.0127721_19.31402734,-1.2282290728844543,0.2270242667129755,0.8838402126105115,-0.4174594231641308,11802
C18_351.0214369_90.26694264,0.9583735864774449,0.3440209905799717,0.9564212583657042,0.9826348928088916,11803
C18_351.057651_17.22980607,0.9598147822274792,0.34330457784426016,0.9561851813631342,0.7603872833185741,11804
C18_351.1459976_24.0159054,1.1644799158367087,0.25159419135946015,0.9053010394091442,1.0175714426957885,11805
C18_351.1648926_21.85087312,-1.8936655801057876,0.06601405079119296,0.642951480427552,-1.0082537510959566,11806
C18_351.1659227_119.7519659,0.068193181244141,0.9459946545086861,1,0.019844206403052064,11807
C18_351.1943853_220.7397489,1.637623422996045,0.10987685767824243,0.7336651855103924,1.2123204020148166,11808
C18_351.2001133_163.6325532,0.8508142924044274,0.40027987832348766,0.9669701703160376,0.28950155573677067,11809
C18_351.2212937_244.9328742,3.8221063496200314,4.8420280168705955e-4,0.0663220715420438,1.7949094692366105,11810
C18_351.221426_159.949643,-0.7436040607262133,0.46175603615344163,0.9757574415083452,-0.3217688887328245,11811
C18_351.2521046_280.8047152,1.4908430246979285,0.14437823152654972,0.7914103340132924,0.8336690791241715,11812
C18_351.2553637_190.8891302,1.5753448821222709,0.12358792560884446,0.7633864733503855,0.3887647657358859,11813
C18_351.997969_16.96327012,-0.8550128009833211,0.39798104738945395,0.9669701703160376,-0.3743016959364196,11814
C18_352.0162796_18.60437599,-0.6596149100401095,0.5135371921010463,0.9818266140814699,-0.2200720916074719,11815
C18_352.0575884_103.250769,1.4441411128142374,0.15701390348447022,0.8165809420917173,1.2023335596432823,11816
C18_352.0577421_27.52701421,1.707282908997429,0.09604876793810994,0.7130752058283747,2.435768462722587,11817
C18_352.0866317_26.53246435,-0.10555769811988662,0.9164966636012793,1,-0.08522562249738573,11818
C18_352.1673416_135.2747472,-0.8754315696544642,0.3869194888102505,0.9661464710102153,-0.6260852829381729,11819
C18_352.1678001_21.57409131,-0.5183319484806247,0.6072758023771938,0.9928201179984223,-0.4629313306513944,11820
C18_352.2248011_244.6665266,0.5075155236227623,0.6147691108601138,0.9931667617408494,0.2878648451016121,11821
C18_352.2399061_181.9495653,0.808440753975334,0.42394293497126945,0.9724257019093233,0.15373151664163553,11822
C18_352.2860881_160.1516715,3.373037369195087,0.001739341467528121,0.12340373404031173,1.3915502197714773,11823
C18_352.9038439_63.54428228,-0.02876905501547817,0.9772015481622899,1,-0.017250950957131497,11824
C18_352.9459969_145.7359974,0.8759807531107991,0.38662469570334235,0.9661464710102153,0.37789660112107304,11825
C18_352.997433_16.71409657,-0.5856411369105142,0.5616295484909991,0.9899322889121577,-0.29276743434211727,11826
C18_353.012421_16.79835463,-0.6222258104284571,0.5375636170670274,0.9833164118236528,-0.3071246406350108,11827
C18_353.0136708_138.1308496,0.1662741609537289,0.8688356635104975,1,0.032801512392477146,11828
C18_353.0609486_102.8239669,1.3901688372018528,0.17268543723511512,0.8326851500809265,1.0401315938476852,11829
C18_353.1391852_25.23371582,-0.13503003762294735,0.8933112706997768,1,-0.07954717331179056,11830
C18_353.1463084_146.4769177,-0.29652284678958163,0.7684691141801129,1,-0.048356726191295815,11831
C18_353.1467397_21.18427382,-0.3821538566750231,0.7045073456284006,0.9999159889500627,-0.4127388845659856,11832
C18_353.1607853_129.263569,-0.07445079775117047,0.9410479556074471,1,-0.023025883506985364,11833
C18_353.1609832_24.80671761,-0.15065064052425697,0.8810598338722407,1,-0.12985229778951865,11834
C18_353.1774341_25.07408289,-0.38982705191907635,0.6988727059817779,0.9999159889500627,-0.44684108980467707,11835
C18_353.1782325_138.878475,-1.1480559698882988,0.25822626798843246,0.9093778682130181,-0.6436538066950299,11836
C18_353.2005705_146.514788,-0.266657095542502,0.7911960179166763,1,-0.0832920686064741,11837
C18_353.269962_171.2461021,0.65708296096407,0.5151456928334692,0.9824083431236167,0.23269129514642786,11838
C18_353.2895791_159.9142313,3.723204736122329,6.449299872659007e-4,0.07052604538411186,2.220850887633054,11839
C18_353.9962078_17.08911567,-1.2641485038116977,0.21398840796212293,0.8700201576306809,-0.7154513644641238,11840
C18_354.016404_46.95391852,0.5259957757221548,0.601992333173618,0.9928201179984223,0.13445925533655984,11841
C18_354.1646253_24.38838324,-0.22100106927703506,0.8262921294509553,1,-0.19039698399163893,11842
C18_354.2041814_146.3471051,0.9198409407410982,0.36354311019361374,0.9633639059453812,0.4363964931721012,11843
C18_354.2191587_180.0999378,0.20808178929420773,0.8362926173614774,1,0.0679128688773063,11844
C18_354.2474988_196.6996756,-0.8253043438367155,0.414425227867561,0.9702967640516138,-0.5080743889232239,11845
C18_354.2554632_178.0232677,-0.4822472086595492,0.6324370367769719,0.9947980550876518,-0.1409009577611666,11846
C18_354.3018218_166.7735666,4.173111750353847,1.717536417557422e-4,0.04352015664488242,2.6655986693100893,11847
C18_354.8966794_85.5667413,-0.14565378430087617,0.8849758606163148,1,-0.06513267627353601,11848
C18_354.9042597_138.9419749,-0.09932787369108033,0.921407743262588,1,-0.03505241922744521,11849
C18_354.9252233_41.99392002,-0.733008941585377,0.4681165962059348,0.9777549229263227,-0.3009925160987322,11850
C18_354.961576_47.83317299,-0.4340375453623423,0.6667515406591825,0.9980954332927549,-0.1543780164377127,11851
C18_355.0110456_137.2721336,-0.19122185323060625,0.8493847400425991,1,-0.05352368172100621,11852
C18_355.0358278_155.4179064,-1.6684596086255097,0.10356551234942821,0.7228916721315264,-1.3346155594865294,11853
C18_355.0867841_21.7522344,0.9899052566283972,0.3285734066077659,0.9506069103298993,0.6833796656891834,11854
C18_355.1403365_24.02427302,-0.27857374234278254,0.7821044203866557,1,-0.2336083213431473,11855
C18_355.1557874_135.7290011,-0.41926273926460134,0.6774193505209354,0.9996367449012522,-0.37688995244353407,11856
C18_355.1674124_24.46771459,-0.2856620526742399,0.7767110826625518,1,-0.2616836648897443,11857
C18_355.1682451_169.1613611,0.5666265015981147,0.5743484220176855,0.9913379189285378,0.5443914972889441,11858
C18_355.1936937_150.1865293,-0.4404476251268462,0.6621448446694074,0.997439400686201,-0.1632508341145783,11859
C18_355.213024_164.4586211,-1.5256964841992833,0.13548727361681098,0.7756115552681921,-0.5189642881741628,11860
C18_355.231468_178.7986636,2.1591538273899564,0.03731184680014339,0.5220805529735174,0.5255644733582147,11861
C18_355.249447_156.1941279,2.2121027581721147,0.0331363489509727,0.4996956656890978,0.5318405342036356,11862
C18_355.2677827_219.2592151,0.8053806799777868,0.4256841790404219,0.9732405036444339,0.3394564469615789,11863
C18_355.2856338_181.1205105,0.34938679745828666,0.7287559889727535,1,0.15529804031324304,11864
C18_355.9958799_41.47086078,-0.10870904810172398,0.9140136491882918,1,-0.035726019061803296,11865
C18_356.0994553_19.16251747,0.7358785504188703,0.4663889165528289,0.9773834678378885,0.5408272246111676,11866
C18_356.1437637_23.82255838,-0.5260382154551412,0.601963135179862,0.9928201179984223,-0.4188777421955982,11867
C18_356.1703147_25.32202,-0.02447628864753084,0.980602654098919,1,-0.02652662466435905,11868
C18_356.1718001_169.3012214,0.07503693351087401,0.9405847284094913,1,0.09034610211515963,11869
C18_356.1943276_138.4502364,-0.46086588110277443,0.647560132224599,0.9965858111391217,-0.3359653400157731,11870
C18_356.2809967_239.9950601,-1.7547239725828898,0.08748580152261991,0.6965941799907964,-0.603687855350589,11871
C18_356.8624343_130.7245816,-1.1556818800075346,0.25513135710526624,0.9076344248468597,-0.40912849176330424,11872
C18_356.9197624_131.6572295,1.884092698535296,0.06733319494504736,0.6489598114028797,0.5162384552503129,11873
C18_356.9408904_31.00100734,0.4185760522367297,0.677916819500145,0.9996367449012522,0.3186068235706422,11874
C18_356.9932593_16.86778189,-0.36663307501746367,0.7159561207597636,1,-0.191629816738787,11875
C18_357.1050019_19.41641384,-1.4450367731950078,0.15676361900451996,0.8159575214875335,-2.0445691063430425,11876
C18_357.1097957_130.6247025,-0.6774862216523772,0.5022616645483601,0.9781047779839798,-0.26560797118752855,11877
C18_357.1713958_37.12904647,-0.38901628212111455,0.6994672685535755,0.9999159889500627,-0.16961114539793862,11878
C18_357.1714562_137.895852,-0.016956392105720162,0.9865614210285465,1,-0.008372734471558159,11879
C18_357.183607_39.00910291,-0.3661811808749884,0.7162904698339405,1,-0.24335980060025825,11880
C18_357.1921251_153.4462415,0.7597764199751071,0.45214476432882744,0.9750316892785739,0.2120087292519472,11881
C18_357.2079946_28.16312101,0.1319594831236909,0.8957227623799947,1,0.09965624421642476,11882
C18_357.2097266_160.2141809,-1.2654387177105952,0.21353083183394192,0.8700201576306809,-0.41786642296298004,11883
C18_357.2379301_181.1241074,-1.296085935291709,0.20287671299760393,0.8647457759331585,-0.4518724871156259,11884
C18_357.247185_212.3856548,-0.4887266015165323,0.6278851447316851,0.9947980550876518,-0.11895878448192089,11885
C18_357.2751751_214.0744609,-0.8319056038311328,0.41073559803811255,0.9692624333173796,-0.4384238261795466,11886
C18_357.3013488_270.9352499,-1.5122737771040684,0.1388578486182136,0.7820601419325246,-1.2312086095383377,11887
C18_358.0330486_25.42749686,0.12615359796955,0.9002851967025447,1,0.10735268943175195,11888
C18_358.1092124_22.68686987,-1.0549838739451782,0.29819149728608096,0.9388638086478203,-0.9574131125504829,11889
C18_358.1743095_37.09411237,-1.9862899686137054,0.05435587593315426,0.6020988853157871,-0.9505603321505838,11890
C18_358.2067132_135.9080537,0.94907016087873175,0.3486695626495713,0.9574386235069654,0.7184556778161982,11891
C18_358.2110109_28.06147247,-0.3361508062192097,0.7386333728496421,1,-0.1574115525561747,11892
C18_358.2505398_204.5656429,0.23099704293714862,0.8185744754858278,1,0.07676232908903372,11893
C18_358.857405_97.39786427,1.473401909046191,0.14899890976816607,0.8014900281899261,0.6350227530083855,11894
C18_358.8782323_95.41941803,-0.42097080021110106,0.6761825844704246,0.9996367449012522,-0.16067714022648738,11895
C18_358.9120014_27.74928026,-0.2366432708518576,0.8142231742275554,1,-0.07311876249472073,11896
C18_358.995893_46.91603504,1.9548928113981718,0.05809039105731058,0.6170385689725147,0.641518026238953,11897
C18_359.1247086_136.0924604,-0.25097071442657615,0.8032086785118808,1,-0.17035568994598826,11898
C18_359.1869792_135.7118359,-0.16756921806905944,0.867823803185594,1,-0.07625097511260304,11899
C18_359.1870394_36.19129404,-0.17887921540926066,0.8589967792637503,1,-0.07182469226639465,11900
C18_359.208072_144.3178342,0.6310565615920242,0.5318363451083021,0.9831191928759727,0.30236335714239826,11901
C18_359.2199571_211.8571559,2.1507686705457,0.03801421111868328,0.5247670185298375,1.6154157588024054,11902
C18_359.2266229_173.0539846,0.22326460745671262,0.8245429456852729,1,0.05423513141088563,11903
C18_359.2628477_216.5039672,0.26395607720135955,0.7932608788298069,1,0.09444040862983481,11904
C18_359.2982226_252.3068533,-1.4784220672316062,0.14765703358971663,0.7996535692222799,-0.5771230695429196,11905
C18_359.9908499_47.99845383,1.4720628949262486,0.14935845642212783,0.8016471986305529,0.37593577874739303,11906
C18_359.9992916_47.63141882,0.8701259474153079,0.3897748064786002,0.9669701703160376,0.35466231550225225,11907
C18_360.1290776_136.7489769,-2.333556723458207,0.025091532454097294,0.44845048333773435,-1.1530854476467358,11908
C18_360.1304792_22.77804583,2.3719680388795936,0.022940739633915987,0.4300704291752031,1.5015047354792974,11909
C18_360.1903834_36.5667444,-0.6486833424358253,0.520501253163344,0.9824083431236167,-0.2649385224779674,11910
C18_360.1915799_133.9938154,0.27992053637176395,0.781078826488637,1,0.24463111400162135,11911
C18_360.211427_129.0375761,1.7674569396803732,0.08529971543844785,0.6959761542836904,1.045358005395769,11912
C18_360.2243586_161.0632545,1.645787946492029,0.10817575947154937,0.7299763028144053,1.3254940684792906,11913
C18_360.2298566_173.7700299,-0.4984087148131133,0.6211106878267592,0.9947980550876518,-0.13349078379559912,11914
C18_360.2397646_144.5670601,1.5633295589278948,0.12638694391975566,0.7652102591223218,1.0437808899646452,11915
C18_360.2524127_175.800162,-0.5367036957027618,0.5946465820559648,0.9921034274533279,-0.432427339950866,11916
C18_360.2660781_195.8699643,1.8256926914740053,0.0758787022377432,0.678296612054887,0.5211832568415631,11917
C18_360.3066345_286.7396811,1.773903609419826,0.08421053904605195,0.6959761542836904,0.7930420522695337,11918
C18_360.7058445_20.42363242,-0.2528902242357792,0.8017360493657737,1,-0.09519759540353417,11919
C18_360.8497526_152.4569042,-1.0880599118900505,0.2835215921376377,0.9295944216943315,-0.4728668348849286,11920
C18_360.9091584_27.84521246,0.19780175736569247,0.8442699335444734,1,0.14697073981595968,11921
C18_360.9274296_27.75235197,0.6360334358974721,0.5286227725906213,0.9824083431236167,0.3706514584397022,11922
C18_360.9325417_72.95463331,-0.1538052754457931,0.8785891032789659,1,-0.06235683459782892,11923
C18_360.9539659_53.70805562,1.3236224507888104,0.19365201191613804,0.8519629665163642,0.418749087349258,11924
C18_360.9901975_50.44508146,-0.06325981241010091,0.9498960622058104,1,-0.023850188087239536,11925
C18_360.9998883_46.60726325,0.4208644869355171,0.6762595368888307,0.9996367449012522,0.10917655875020287,11926
C18_361.1278657_22.95167022,-0.02106128470163077,0.9833085848537211,1,-0.018116576734506253,11927
C18_361.1791498_211.8540417,2.7939363526644483,0.008160572181221905,0.2637913353230373,2.3480494452612835,11928
C18_361.2027661_30.65395512,0.35378488318181067,0.7254841558219891,1,0.23673889292869923,11929
C18_361.2241963_138.3674682,-0.4861455624133861,0.6296966206861347,0.9947980550876518,-0.3477183415014917,11930
C18_361.2367849_229.2674098,3.6794950161992337,7.314124673409932e-4,0.07365698629440387,1.6135230938028704,11931
C18_361.2598792_206.4843707,0.7106501006314695,0.48170361181472243,0.9781047779839798,0.26824535507872554,11932
C18_361.3101736_286.7145196,3.3129593196150458,0.0020539783992073743,0.1288365932596867,1.10382800339947,11933
C18_361.9571701_56.7143596,1.2947774773004255,0.20332319783286523,0.8647457759331585,0.4233438859517384,11934
C18_361.981794_284.0906608,0.9550337952450846,0.34568500178163664,0.9572455292742392,0.32372431164803533,11935
C18_361.9818776_117.5907252,0.5775679439123392,0.567012369895786,0.9913379189285378,0.17076938869216648,11936
C18_361.993549_63.11745001,0.17472524840940717,0.8622367257887554,1,0.09311418015291224,11937
C18_362.0459515_22.33737659,-0.18193897313230206,0.8566118528668977,1,-0.12131583224390603,11938
C18_362.0656462_19.2738643,1.335535702656416,0.18976179294280682,0.8501508773867503,1.3643890599542856,11939
C18_362.1564943_40.67429949,-0.5576572571308177,0.58039681710246,0.9913379189285378,-0.3463154347377839,11940
C18_362.1723771_112.4707457,-0.1012744996497269,0.9198728396774272,1,-0.05837131451591941,11941
C18_362.2162709_171.9410877,-0.5335790222969574,0.5967857374551429,0.9924427755631277,-0.16908166025181556,11942
C18_362.2374542_149.6677873,0.9775284689029184,0.33458023729085995,0.9528688564543588,0.3001440633301679,11943
C18_362.2399448_229.696079,2.7052635823520057,0.010212795444657252,0.29277922707219967,1.9969039627992107,11944
C18_362.2546048_240.2575624,0.08495080249974964,0.9327530271102165,1,0.04204594801711397,11945
C18_362.267684_122.6827899,0.595794005772164,0.55489679326471,0.9865304209500617,0.1992038581439346,11946
C18_362.2679793_243.0967843,-0.9053113824667827,0.37108811499308425,0.9637531830220828,-0.3405475650948671,11947
C18_362.2816713_240.1819585,-0.6479823227034762,0.5209495664313046,0.9824083431236167,-0.21931305935000794,11948
C18_362.2858944_292.9147356,1.3988172749206933,0.1700953239862624,0.8323231239234016,0.4206441496927658,11949
C18_362.3036214_280.8320523,1.0177686875980172,0.3153182039157505,0.9434080661828157,0.3185565790407784,11950
C18_362.3130268_280.8947944,-0.431479539792533,0.6685935569925461,0.9990112973514266,-0.10723527293045208,11951
C18_362.891476_143.9739115,0.3822257022022518,0.7044545085364171,0.9999159889500627,0.10002405630998568,11952
C18_362.9119393_69.49919422,1.662216078024695,0.10481862410548781,0.7268984698411121,0.5044840055311135,11953
C18_362.9484438_68.75226248,0.576393539046173,0.5677975457825711,0.9913379189285378,0.19316317225317847,11954
C18_362.984053_43.03024817,-0.81100674770331,0.42248617890222717,0.9720647144923827,-0.2390750455734668,11955
C18_363.0429481_139.4278563,0.53341166133012,0.596900415742234,0.9924427755631277,0.1950899852484936,11956
C18_363.0499572_22.79032295,-0.6057603784307801,0.5483278712699847,0.9857989553982086,-0.629065094936371,11957
C18_363.0801713_21.03003805,-1.0097293497558766,0.31910464070764477,0.9482000956151124,-0.6284878769420371,11958
C18_363.1668195_157.3423722,-0.5957236818328892,0.5549432862387342,0.9865304209500617,-0.1938668753494103,11959
C18_363.1817609_125.439858,-1.3946623882121936,0.1713358624533508,0.8323231239234016,-1.0610172822882171,11960
C18_363.1949694_229.3505367,3.576405009189376,9.820116823337202e-4,0.08963939478753113,1.5792525873917767,11961
C18_363.2032461_174.6722946,-0.3848614820743338,0.7025171143928978,0.9999159889500627,-0.08143087436361267,11962
C18_363.220415_160.6671143,-2.341552192780058,0.02462941380952903,0.44396893648848884,-0.9703759214147809,11963
C18_363.239899_152.4139466,-0.6568909406449654,0.51526779078725915,0.9824083431236167,-0.1618349458445942,11964
C18_363.2524749_251.9257769,4.052275086667606,2.4616014466201315e-4,0.052259133414057114,1.6465237955307448,11965
C18_363.2712352_246.771256,-1.490351718901732,0.1445068113545898,0.791644336233801,-0.47501937578035947,11966
C18_363.2895163_288.2436263,0.18855201190546583,0.8514620040560591,1,0.06865243157998364,11967
C18_363.3070602_290.589511,0.10162516222774967,0.9195963770524098,1,0.041057793826247566,11968
C18_363.9518071_70.23674873,-0.5666757061798986,0.5743153267728567,0.9913379189285378,-0.2930761792662881,11969
C18_364.0425496_137.066628,-0.42877344775941867,0.6705444721436726,0.9996367449012522,-0.07387360169480205,11970
C18_364.0625303_19.08583982,0.8698634713653856,0.38991640806412653,0.9669701703160376,0.6860340641966272,11971
C18_364.2319769_204.9071244,0.2576019286818901,0.7981243922285237,1,0.0691001991998406,11972
C18_364.2657572_248.5480219,-1.3000450354943316,0.20153027557618938,0.8636226484729774,-1.225323667599383,11973
C18_364.27402_240.0614827,-1.4881259340273458,0.14509046644462895,0.7923338880414151,-0.5179738606792198,11974
C18_364.2833075_286.8248263,-0.4103352771418309,0.6838981765448311,0.9999159889500627,-0.1630071645050095,11975
C18_364.9067265_68.12073593,0.8992825654994938,0.3742482761802093,0.9637531830220828,0.2685997226263522,11976
C18_364.9314735_133.8739489,-1.1131547055737254,0.27273606103717435,0.9211190340094966,-0.6528533398200266,11977
C18_364.9449485_63.19397051,0.6918797514797372,0.4932803356671335,0.9781047779839798,0.31590371656348093,11978
C18_364.961268_40.45232432,1.2456738085499053,0.22062138613828056,0.8779032361277578,0.36973338651148246,11979
C18_364.9790943_33.36338071,-0.552751515996447,0.5837180818633434,0.9913379189285378,-0.3562406544721267,11980
C18_365.0397945_136.8126351,0.5585046689713475,0.57982404009939,0.9913379189285378,0.13111094467757206,11981
C18_365.1824167_126.0445432,-0.7134368954920203,0.47999804084668274,0.9781047779839798,-0.20196782699153315,11982
C18_365.2099769_252.7589882,2.7505823619263756,0.009110635294250985,0.2752088704868528,1.6600984630994913,11983
C18_365.2159072_165.2927427,-0.39963693166402103,0.6916941409129415,0.9999159889500627,-0.10057031056360595,11984
C18_365.2339393_181.5134523,0.9024077257188831,0.3726079858285807,0.9637531830220828,0.3388906242285707,11985
C18_365.2468213_239.4631605,-1.6658737246160031,0.10408300314074077,0.723414405040139,-0.6526866226315188,11986
C18_365.2676651_281.5944438,1.5446453360612509,0.1308413049791345,0.7695072627505222,0.8737332635481341,11987
C18_365.2761406_240.0119743,-1.1331276916547945,0.2643629768283705,0.9153716740091526,-0.6910419013863274,11988
C18_365.992646_18.61798138,-0.9681915171144163,0.3391601834157133,0.954330731898445,-0.9059321635427228,11989
C18_366.0733031_134.628284,1.0859669445030256,0.2844345318686727,0.9295944216943315,0.9200713442190847,11990
C18_366.1021506_29.22139489,-0.9704618631462248,0.33804270367202216,0.9541737438762358,-0.8682433269866446,11991
C18_366.1506119_22.63250144,0.32832947114464084,0.7444913523051864,1,0.14377692406240125,11992
C18_366.2475625_176.0186015,0.41799770187715923,0.6783359175923867,0.9996367449012522,0.11465358239195578,11993
C18_366.2655986_144.7589603,0.5663583601603328,0.5745287917791974,0.9913379189285378,0.5017217415881453,11994
C18_366.3019629_161.8370934,1.8971753686523674,0.06553598262135361,0.6415887934966203,1.0805117221782996,11995
C18_366.8444656_129.9943551,1.440864379143795,0.15793224438838002,0.8180400789124465,0.3474630363180936,11996
C18_366.9025261_102.3899505,0.035807535556244496,0.9716260094776521,1,0.027848202888020146,11997
C18_366.919484_59.41374147,-1.6849878817021677,0.10030789925517611,0.718134185467518,-0.9280282390268008,11998
C18_366.9606022_129.6936756,0.25321534031216225,0.8014866958916871,1,0.09214629603764853,11999
C18_366.9857547_20.65336735,-1.6515759190803712,0.10698300416239571,0.7285231882926904,-0.6467431572824522,12000
C18_367.07672_153.1192633,0.30387809377572356,0.7629027728712688,1,0.23386235773755884,12001
C18_367.1406009_24.28184921,-0.1953751283862644,0.846155460745525,1,-0.1962058084041092,12002
C18_367.1481535_22.05786999,-0.7549351183193269,0.4550095611437671,0.9753792522951469,-0.8629303117071346,12003
C18_367.1597565_37.56750428,-0.2067224855077766,0.837346453566867,1,-0.12207516649564575,12004
C18_367.1613449_152.697124,-0.3364650411844947,0.7383983457408181,1,-0.05295362915521233,12005
C18_367.1951594_160.6234429,0.7510783924612888,0.4572993370482844,0.9755657681934743,0.18790730577791886,12006
C18_367.1980303_213.561526,-1.7581131798755734,0.08689937367226573,0.6962067550962847,-0.9783838377489269,12007
C18_367.2162752_152.0046516,-1.770300378130504,0.08481785930691305,0.6959761542836904,-0.4089704499553387,12008
C18_367.2331715_159.8255805,0.24927037163954874,0.8045137725261371,1,0.07835960430621502,12009
C18_367.2437782_239.5523131,-1.7240403038242582,0.0929475577874863,0.7110073493176743,-1.4379162145442248,12010
C18_367.2480649_187.3645187,-1.2831156262495091,0.20733549630894688,0.8678275884790382,-0.49460407400715284,12011
C18_367.2648045_251.4082648,-0.6522926652419035,0.5181963120557027,0.9824083431236167,-0.21723389749730823,12012
C18_367.285883_195.1010304,-0.3089143688754229,0.7590987190749443,1,-0.16653194919489953,12013
C18_367.9663692_23.3119033,-0.202733856696196,0.8404404896480441,1,-0.14768659542383478,12014
C18_368.0530626_23.48570473,0.8911887906523753,0.3785179848443089,0.9638726330536317,0.7042096466184817,12015
C18_368.069064_153.1148799,0.07582430425033826,0.9399624967432187,1,0.06004739208360536,12016
C18_368.1507551_183.6508366,0.5167903968316916,0.6083411505321499,0.9928201179984223,0.06894797635643439,12017
C18_368.1625194_38.92870367,-0.3067658028069338,0.7607208617029823,1,-0.18167678619829902,12018
C18_368.1871995_206.0553139,-0.8345823325357519,0.4092453009442012,0.9678223209142558,-0.32639972874535933,12019
C18_368.1901145_108.6778207,-0.3536160869503001,0.7256096313719372,1,-0.2622274974423579,12020
C18_368.2680491_251.2815421,-0.6700354041719587,0.5069459808231147,0.9786337378632504,-0.2624904285018063,12021
C18_368.2811186_151.7940462,1.0607834117808312,0.29558181451227056,0.938511025914046,0.2629777726734408,12022
C18_368.3173638_175.1827212,2.223697948521801,0.032279468402115805,0.4961941767096275,0.9693923759370184,12023
C18_368.8366112_150.7670352,-0.19330486786766,0.8477648096760468,1,-0.1158073611472126,12024
C18_368.9199983_136.1100968,1.1238547193553894,0.2682271974381263,0.9183426896754469,0.29827484822316275,12025
C18_368.9409567_39.15232717,-0.9565189239184629,0.34494439619380723,0.9569267992591757,-0.31091584521414223,12026
C18_368.9575953_129.3002393,0.23848076259157006,0.8128083777120177,1,0.086372751932046965,12027
C18_368.9772669_44.80066753,-1.7649872148166756,0.08572010757620402,0.6962067550962847,-0.44585893345118366,12028
C18_369.0511831_155.5246883,-2.0481373863205787,0.04760535625390923,0.5704654056055789,-1.3622099253474338,12029
C18_369.154542_183.7389727,-0.6928380945790721,0.4926855382078775,0.9781047779839798,-0.22604259453345749,12030
C18_369.1554895_25.66775021,-0.2079411264516124,0.836401655804954,1,-0.2047034835224113,12031
C18_369.1710889_65.6517773,-0.07351210031614966,0.9417898579287658,1,-0.04664689193663601,12032
C18_369.1933537_97.76508125,0.7890747004367094,0.4350355998108152,0.9745124110909839,0.8257878435424719,12033
C18_369.2038825_207.9249983,2.1282103653542443,0.039962133654768604,0.5347244144365793,1.1555994134643606,12034
C18_369.2107608_163.373935,-0.3252590873076,0.746795224097714,1,-0.08268274475172993,12035
C18_369.2472511_183.008093,0.7849957165006991,0.4373940400578422,0.9745124110909839,0.2145882264210287,12036
C18_369.2653759_168.431625,-0.16525313769800967,0.8696335720626026,1,-0.07457469086420745,12037
C18_369.2842503_151.6022569,-0.5497946346704845,0.5857243772910324,0.9913379189285378,-0.477676691979794,12038
C18_369.3014763_277.3835088,0.795749245136621,0.4311929389997231,0.9742203846590763,0.20658439419700114,12039
C18_369.3017011_185.6186994,1.3534598974095,0.18402198585642188,0.8464654624459718,0.5598768905680189,12040
C18_369.9835464_18.37404628,-0.25807455756825454,0.797762355094892,1,-0.19353836047099962,12041
C18_370.0114393_49.94883762,0.844904766155857,0.40352958866507693,0.9669701703160376,0.32057230200715015,12042
C18_370.079021_17.3262793,-1.0008969096944622,0.3233001806604555,0.9506069103298993,-0.8188897302962052,12043
C18_370.1357561_123.9847166,-0.9191875305738817,0.3638802590293587,0.9636815356289996,-0.999350308124062,12044
C18_370.1513374_24.76867142,0.23807541383202738,0.8131204258816995,1,0.12142573291438495,12045
C18_370.157434_24.45657715,-0.5459924531343991,0.5883091080319243,0.9913379189285378,-0.5503300484493886,12046
C18_370.1780221_72.54399796,0.8880757218652884,0.3801684992593649,0.9638726330536317,0.5712853767246713,12047
C18_370.2140768_162.6154524,2.5796523713035806,0.013944777904395864,0.33984725774744623,0.4688291930614753,12048
C18_370.6374772_124.0410564,-1.2930640718681978,0.2039089878344146,0.8647457759331585,-1.177054181580636,12049
C18_370.8780889_133.4011841,-1.6544952100739385,0.10638553677715293,0.7270102455490702,-0.5815044747366014,12050
C18_370.9356859_140.5155969,-0.5612742338476933,0.577953980391644,0.9913379189285378,-0.2034119720476325,12051
C18_370.956656_37.51650597,-0.5141503790639911,0.6101676451174156,0.9928201179984223,-0.19392485503708573,12052
C18_371.0664378_270.3494263,-0.7922509906905473,0.43320439055589366,0.9742203846590763,-0.2890075825639265,12053
C18_371.0664587_119.5091353,-0.3465370877783906,0.7308787035498584,1,-0.08918370141496391,12054
C18_371.1354807_22.97832625,0.3291020715843854,0.7439120026903312,1,0.4982063536475639,12055
C18_371.1386682_124.2500929,-1.3319234730493992,0.19093497159145373,0.8507713974810356,-1.2639930174528784,12056
C18_371.1504717_135.0958248,1.2356134564182983,0.22429727952452827,0.8799075082512211,0.6327793017485531,12057
C18_371.1618557_22.80154523,-0.6690464485431526,0.5075695266119051,0.9792480731462698,-0.8589433702829921,12058
C18_371.1705175_64.98886784,1.2192709389064158,0.23036534867563757,0.8874545433286577,0.8319168119459966,12059
C18_371.1872297_50.98512881,-1.471277000441275,0.1495698022089759,0.8019349557758078,-1.570922602406868,12060
C18_371.2079982_151.8513235,-1.383478274263617,0.17471015922281122,0.834640816827064,-0.5191427615583161,12061
C18_371.219846_224.2264476,-0.5861234953036549,0.5613087503570904,0.9899322889121577,-0.2644780481033822,12062
C18_371.2250087_165.4021094,-0.9792834397525633,0.33372404299640435,0.9523228101868886,-0.28846141586169943,12063
C18_371.2441589_174.9845832,-0.21113503905305958,0.8339266219031718,1,-0.059278084082714025,12064
C18_371.2627959_175.0904351,0.6923504807867167,0.4929881266375744,0.9781047779839798,0.17119585562139603,12065
C18_371.2806971_179.0918513,0.6678966819332761,0.5082949916039903,0.9793502623019853,0.1839006143711429,12066
C18_372.194631_137.1280894,-0.7087480927203819,0.48286964352593476,0.9781047779839798,-0.6194138179510174,12067
C18_372.2244165_224.2397766,1.216691622425632,0.23133405830046652,0.8875782173548652,0.9188601242159185,12068
C18_372.2297948_168.3440795,1.1491399450284565,0.2577847018510143,0.9092796133090685,0.3755354436988757,12069
C18_372.2661903_175.251987,0.9166951623659223,0.36516814704976064,0.9637531830220828,0.2023970436149354,12070
C18_372.2760235_243.9600677,-0.8538127910311515,0.39863724874095696,0.9669701703160376,-0.2998181080493022,12071
C18_372.836462_94.64074748,-0.28473419455223636,0.777416438963627,1,-0.10857828137055202,12072
C18_372.8939424_127.647558,-0.010798116118626015,0.9914418362500118,1,-0.0038055559220609853,12073
C18_372.9277164_28.07460639,-1.3589123851030354,0.1823027437699247,0.844830709329061,-0.3145733765902977,12074
C18_373.0031009_140.8140744,1.1203363899523289,0.26970386630942583,0.9185780391297615,0.603870496786976,12075
C18_373.0109594_49.47542162,0.6038001375510161,0.5496167199268698,0.9857989553982086,0.11809473275141377,12076
C18_373.140984_137.7984516,-2.6977787494929357,0.010406293003521522,0.29600019919032744,-1.8574106851971983,12077
C18_373.16623_135.622608,0.35124893806658264,0.7273700696362155,1,0.12084061329132538,12078
C18_373.1864586_159.5159137,1.3304249535555772,0.1914232871280108,0.8507713974810356,0.7348293403872739,12079
C18_373.187584_39.35403849,-1.725478332636752,0.09268536801141702,0.7109023686553717,-1.9788667103282205,12080
C18_373.2052952_211.0916856,1.4525408154685955,0.15467902656611962,0.8124398219169974,0.656732151514198,12081
C18_373.2236468_163.521834,1.7284369633652568,0.09214787591778321,0.7091629778337872,0.43073227084592014,12082
C18_373.2352304_238.7036984,2.413341549411685,0.020811657896286903,0.4141280600040436,1.254901360502137,12083
C18_373.2426252_174.1668273,0.20634173643308795,0.8376416938910657,1,0.06054951311802141,12084
C18_373.2786723_201.8096438,0.6685172018427511,0.5079033936381019,0.9792480731462698,0.17571819780457115,12085
C18_374.0059796_49.24880782,1.1837667853966438,0.2439649289897457,0.8989435781740478,0.3743412838446604,12086
C18_374.0148613_49.7353293,-0.4144106958460634,0.680937528072521,0.9999159889500627,-0.12239187224344426,12087
C18_374.1693978_135.3833827,0.9112190245754679,0.36800823497054513,0.9637531830220828,0.6059736131787039,12088
C18_374.2059105_129.1109283,0.5218675587791115,0.604835662924013,0.9928201179984223,0.24467025260402253,12089
C18_374.2087562_209.7988142,2.5427538059834975,0.015258610483196466,0.35408090205467724,2.2159283341623603,12090
C18_374.2451893_172.917358,0.7195619615482572,0.47626145261968633,0.9781047779839798,0.20641924001132606,12091
C18_374.2634962_183.9427803,-2.0958666021624137,0.04290860700690074,0.5445025978016241,-0.56077970691361,12092
C18_374.2849508_247.0080479,-0.6754369289520312,0.5035476721620871,0.9781047779839798,-0.16536541728886683,12093
C18_374.8521507_82.40022566,2.1848350629158335,0.03523169266008405,0.5077888914586426,0.7826893890433407,12094
C18_374.8860466_26.1948151,0.8982568062119063,0.3747876737796271,0.9637531830220828,1.1609358116362205,12095
C18_374.9246721_28.29530158,-1.8153278712442718,0.07748784403552175,0.6865956174833879,-1.321028675993471,12096
C18_374.9434929_28.2009172,0.013659895926532504,0.9891738313664344,1,0.005386845561901479,12097
C18_374.9692966_54.69195449,1.6052783542100122,0.11683338037066057,0.7479431155758263,0.5254031513274396,12098
C18_375.0157036_49.384311,0.16953219877325168,0.86629050758211,1,0.04186399101967742,12099
C18_375.1432059_25.52816652,-0.09017474075506753,0.928628923246057,1,-0.07165983173714412,12100
C18_375.1818665_132.1328965,0.09061399407058182,0.9282822384567728,1,0.04125646411184599,12101
C18_375.1949545_211.6031252,2.079668268219241,0.044454824577038476,0.5517606452510946,1.8795299339262308,12102
C18_375.2011165_169.4586276,2.635539694962093,0.012151604446315998,0.3197683515102585,1.90920211136513,12103
C18_375.2185775_127.6036428,0.38486640464619576,0.7025134979991213,0.9999159889500627,0.1363432075124166,12104
C18_375.2210902_229.3718469,3.9571898935072416,3.260258627945018e-4,0.06119150011595427,1.801668584240515,12105
C18_375.2390649_163.6449601,-0.5848173463818368,0.5621776332805866,0.9902335328204201,-0.16487545112282362,12106
C18_375.2484821_170.5964939,0.31912882803275133,0.751402113277015,1,0.23362744049507886,12107
C18_375.2576392_175.212851,0.5735840628210339,0.56967808106578,0.9913379189285378,0.13137090663749487,12108
C18_375.2757076_240.1285177,-1.4501555260040349,0.15533926242180404,0.8126472902585885,-0.5209769758590675,12109
C18_375.2883209_262.8135533,-0.3786574006864069,0.7070805199532377,0.9999159889500627,-0.21754352757610643,12110
C18_375.9644907_33.38441916,0.984711047954285,0.33108540044478285,0.9506069103298993,1.0361460837543703,12111
C18_375.9726924_54.53995601,1.3715575160900773,0.17836328757901085,0.8406428444874736,0.460157991060529,12112
C18_376.0005328_113.6635585,-0.9433513985106867,0.35154752732352,0.9578247927857968,-0.41692424816432505,12113
C18_376.1157011_144.2048326,0.6160793146652308,0.5415689328318779,0.9844101439284977,0.3926936041148065,12114
C18_376.185275_136.28476,0.23117079222791967,0.8184404869806798,1,0.11271449107976927,12115
C18_376.2038967_172.5736065,-0.9816238541987912,0.3325845195608489,0.952059548524223,-0.3173984132227882,12116
C18_376.2212253_126.8104782,0.3893341965987837,0.6992341091571808,0.9999159889500627,0.17832231841685517,12117
C18_376.2248481_229.4602721,3.69657152394407,6.963687428314742e-4,0.0715029604567481,2.2014377780609156,12118
C18_376.2532234_150.6659736,-0.48653014473595757,0.6294265581629732,0.9947980550876518,-0.3042655472252471,12119
C18_376.271037_240.2089455,-1.737133898473524,0.09058297338553901,0.7034396994003055,-0.5139899677485067,12120
C18_376.280112_229.9187846,-1.926742566450221,0.061625259295803016,0.6298711516618964,-0.7237543522969736,12121
C18_376.2953504_184.4744102,0.9537414431814326,0.34633033064810237,0.9572455292742392,0.5619584107251272,12122
C18_376.301942_279.9959953,2.3227903420202627,0.02572613627017419,0.4520171679135469,0.6620269998324881,12123
C18_376.907043_146.6981544,0.41494898329134805,0.680546862009177,0.9999159889500627,0.17193845377238245,12124
C18_376.9277331_65.43886758,0.21889058997673502,0.8279238432709872,1,0.06905680671774586,12125
C18_376.9652397_64.15570944,-0.5506623390992365,0.5851352795384623,0.9913379189285378,-0.1964832746211353,12126
C18_377.0047991_160.8636908,-0.09615812167870065,0.9239077241213635,1,-0.03894507258814859,12127
C18_377.0586216_139.8939523,0.2866057314648277,0.7759938959491564,1,0.04718950416042068,12128
C18_377.0873761_24.00710273,-0.5302126088623594,0.5990944581531903,0.9927179766037689,-0.26343066266868315,12129
C18_377.1824307_163.3764068,-1.380275222114252,0.1756859821410848,0.8365744600905479,-0.5315181626289205,12130
C18_377.1974686_89.89627692,-0.5304978874242553,0.5988986479391557,0.9927179766037689,-0.5268322280219684,12131
C18_377.210596_229.6050908,2.7519225702184587,0.009079788011781083,0.2752088704868528,2.110942763952638,12132
C18_377.2168914_173.5387515,0.30914077653927263,0.7589278479710517,1,0.25988933355702165,12133
C18_377.2370656_251.6038706,4.17554974364913,1.70505678644936e-4,0.04352015664488242,1.916042923669334,12134
C18_377.2699842_89.89720046,-0.7536670304465255,0.45576169511112263,0.9753792522951469,-0.38054722285986387,12135
C18_377.2734966_237.3776031,-2.6518876099631195,0.011668738157128489,0.31375237451817445,-0.825536478288048,12136
C18_377.2825415_241.3838064,-2.960912481758235,0.005298417554818096,0.2207908217140379,-0.7758199662488173,12137
C18_378.0039434_165.0733837,0.3023826720779123,0.7640334639623513,1,0.05575393546629863,12138
C18_378.0196501_17.7291786,2.9871942107920013,0.004944840732709152,0.21527194619442977,2.300430269272892,12139
C18_378.058413_138.0430107,-0.10896694268476502,0.9138104869672132,1,-0.036041034362817546,12140
C18_378.1023766_23.72511788,-0.7682616669275539,0.4471493656899752,0.9745894987688215,-0.6441749265027704,12141
C18_378.1335445_126.1813502,0.4669970067816893,0.6432076880042995,0.9955023063019077,0.19058558195100483,12142
C18_378.1918981_125.0525077,-0.1356239601074579,0.8928449452345064,1,-0.08281237014603696,12143
C18_378.2113071_171.7232473,0.32004225594971814,0.7507150828028835,1,0.056885216581369795,12144
C18_378.2194417_172.4896173,-0.5347392755819175,0.5959910012483456,0.9924074341965825,-0.3733530529576959,12145
C18_378.2406782_251.9168354,4.105058143468481,2.1042697479128138e-4,0.04992522391675649,3.171385963535263,12146
C18_378.2583948_182.2546998,0.6802601764258482,0.5005237876596611,0.9781047779839798,0.1539188812807397,12147
C18_378.8655157_127.5650729,1.2531101118884587,0.2179333022758706,0.8743686367820893,0.3510479630036371,12148
C18_378.922687_145.550478,-0.2288536361033569,0.820227837450284,1,-0.07600491163480338,12149
C18_378.9227199_55.31908175,-0.5609054005543419,0.5782028527379306,0.9913379189285378,-0.2206945685822728,12150
C18_378.9619697_67.62925399,-0.4713993819929286,0.640090299259176,0.9955023063019077,-0.28140043454749897,12151
C18_378.981502_188.3626789,0.33728637024590347,0.7377841657362707,1,0.10911036955253618,12152
C18_379.0012487_165.4117486,0.1420892334896502,0.8877711859829909,1,0.035662548875699036,12153
C18_379.0555428_135.9485544,0.5596570729269363,0.5790455577106762,0.9913379189285378,0.2911460917628592,12154
C18_379.0726668_24.31956109,0.570617415972856,0.5716671696346751,0.9913379189285378,0.4943293952560996,12155
C18_379.0837709_21.00809535,-0.5162254848305304,0.6087317713620355,0.9928201179984223,-0.4409288427502447,12156
C18_379.1103946_21.97578096,0.48760682735402966,0.6286707612247894,0.9947980550876518,0.40481308322528575,12157
C18_379.1566356_142.991731,-0.19618690075530112,0.8455245987883379,1,-0.15470962198653476,12158
C18_379.196992_21.99040632,-0.8153445046253704,0.42003051447093065,0.9716822081080376,-0.4949253173918629,12159
C18_379.1980429_136.8938191,2.074643645070689,0.04494428970803766,0.5550902447431381,0.4737600059598072,12160
C18_379.2123684_172.5014632,-1.0840837671610715,0.2852577296405724,0.9295944216943315,-0.55884437377547,12161
C18_379.2225468_172.5882948,-0.24524192121493657,0.8076080567986009,1,-0.12559328984912466,12162
C18_379.2262398_253.2932052,1.8342389124785021,0.07457331741037047,0.6747716156497422,1.9212566547971268,12163
C18_379.2494485_185.2295698,0.9747060305700835,0.3359603018139925,0.9537290100285187,0.42601844268007866,12164
C18_379.2523441_281.1083895,2.9128303230539085,0.006007513679563522,0.23131872525966404,1.9052060605530605,12165
C18_380.0330745_136.6766362,0.9690455657286569,0.3387395258784037,0.9543069303606773,0.41696313894653686,12166
C18_380.0566073_22.43295153,-0.06533353415321991,0.948255963274875,1,-0.04869437348514754,12167
C18_380.1180863_29.51341904,0.19228002253997756,0.8485617339104157,1,0.09879412189674315,12168
C18_380.2010848_134.8740911,-0.4907420568336863,0.6264722373815246,0.9947980550876518,-0.2951975901832275,12169
C18_380.2154007_172.5185059,-0.014443527259549331,0.9885528064512277,1,-0.006552149899851044,12170
C18_380.2268472_166.7447661,0.5301861712046005,0.5991126060273968,0.9927179766037689,0.12441349152663093,12171
C18_380.3176026_172.0775925,2.242289136919253,0.030946760702261784,0.4882619706104048,1.542411716830926,12172
C18_380.8156571_20.68434851,-1.8283508001654882,0.07547062896214327,0.678296612054887,-0.9013940571433526,12173
C18_380.8810737_89.22705584,-1.472972480690424,0.14911414318429064,0.8014900281899261,-0.49002845167839465,12174
C18_380.9772095_280.9909421,-0.22658503753954543,0.8219786745407405,1,-0.07415274449077561,12175
C18_381.1213897_29.96594767,0.6149382404221285,0.5423142075072577,0.9844101439284977,0.3112788728429684,12176
C18_381.1689161_136.6767718,-0.5891537190931351,0.5592955765173007,0.9891348092350075,-0.4069590499100453,12177
C18_381.1775906_159.7414961,0.8596118202064565,0.3954724432837019,0.9669701703160376,0.12268350296993762,12178
C18_381.2053041_170.3132504,0.2816642102834411,0.7797515941258086,1,0.09065543400044929,12179
C18_381.2111551_24.98201179,-0.16636204404719176,0.8687669911745244,1,-0.15910665574193722,12180
C18_381.2138638_212.9304262,-1.2415272324002586,0.2221309990469397,0.8798719757146458,-0.8878115307233535,12181
C18_381.231436_158.5651427,0.4564022976170903,0.6507367160511677,0.9965858111391217,0.12411444086894664,12182
C18_381.3379072_243.3205202,-1.0410937072162734,0.3045067614893458,0.9402374180413365,-0.7203757788957109,12183
C18_382.0684628_126.161775,0.6202076551196098,0.538877023418507,0.983683589406213,0.9589392427172467,12184
C18_382.0824422_126.4839261,-1.6194370268559615,0.11374514520849023,0.7399306653829769,-0.5107751436942118,12185
C18_382.1137538_31.33073796,0.71623516436442,0.47828890022126513,0.9781047779839798,0.5115230250444612,12186
C18_382.1237115_30.86293035,0.041014193602243974,0.9675024630344766,1,0.030310174153300003,12187
C18_382.1665351_186.0369192,-0.0536428585605002,0.9575048489490422,1,-0.020402514255986805,12188
C18_382.2424278_166.3466198,1.5335332980859322,0.13354996880724399,0.7731053745689995,0.49755204178122564,12189
C18_382.2969179_158.8030752,0.3744080483773814,0.7102124703575126,1,0.1771111370488378,12190
C18_382.7221191_20.62079,-1.4663798949483466,0.15089210360958907,0.8032920866508453,-1.204181662802026,12191
C18_382.8184455_112.875126,-2.4515576597281283,0.01900593202691142,0.3997097619046565,-0.9027527589853142,12192
C18_382.9567821_38.36258276,0.4666034851242416,0.6434866662281644,0.9955023063019077,0.20997333112715585,12193
C18_383.0717097_126.1932141,0.20189492727242686,0.8410915874847129,1,0.3334061744782952,12194
C18_383.135776_23.43760631,-0.4213928512835958,0.6758771272362372,0.9996367449012522,-0.4438924642824294,12195
C18_383.1523904_24.54036329,-0.5160819854866726,0.6088310156426098,0.9928201179984223,-0.20953298976929144,12196
C18_383.1903286_147.0781922,-1.6550379000862492,0.10627477274641144,0.7270102455490702,-0.5148913001617136,12197
C18_383.226817_166.5863387,1.3110860944137492,0.19781118482758103,0.8592309077363763,0.4157691624210247,12198
C18_383.261461_202.1292511,0.9484522984615966,0.3489797491846952,0.9574386235069654,0.43212470615964543,12199
C18_383.2810833_174.0696423,2.1853740480509916,0.035189160705161655,0.5077888914586426,0.933597941593,12200
C18_383.2921263_145.2569772,-2.6513844648364757,0.011683331578175178,0.31375237451817445,-0.8851577692722066,12201
C18_383.3000781_159.0108497,-0.3121670810936997,0.7566450584685844,1,-0.13434478403669767,12202
C18_383.3171303_292.6239896,0.2101699812118773,0.8346742874279779,1,0.06674628202133778,12203
C18_383.9598881_134.8392919,0.35163740229823487,0.7270810674743526,1,0.4375404451008831,12204
C18_383.9601465_37.10450171,1.5210498456572918,0.1366465738440667,0.7775145509200608,0.4803811724316334,12205
C18_383.9842355_283.0006076,-0.8848364327872295,0.3818908121202388,0.9638726330536317,-0.32725647417101006,12206
C18_383.9874489_121.2601577,1.055935289574499,0.29776228359422785,0.9388638086478203,1.4905232982859855,12207
C18_384.0279968_23.44229248,-0.3749051509393125,0.7098458205671285,1,-0.27278069857928455,12208
C18_384.0477586_21.90248328,1.004441986516972,0.3216117422771995,0.9495488307541496,0.9675799073451992,12209
C18_384.0641745_125.6683146,-0.07233322556206208,0.9427216594789065,1,-0.055868767027564936,12210
C18_384.0743695_125.8646214,-0.15696283402762198,0.8761173142968995,1,-0.14930209305819625,12211
C18_384.1575153_24.26043912,-0.2595624291544339,0.7966229305735488,1,-0.18897570069704808,12212
C18_384.1821571_136.972357,0.10907673603732919,0.9137239965777004,1,0.10264366834001426,12213
C18_384.1979006_93.52311969,0.5420848045488722,0.5909712363437454,0.9919344024228657,0.5368243919300221,12214
C18_384.2220335_141.6492261,0.09058877662493371,0.9283021411791204,1,0.05796061310054075,12215
C18_384.2298483_166.0692931,1.3363598044861522,0.1894949171251277,0.849590510284177,0.3452464068290135,12216
C18_384.2946404_286.586447,0.7268949870518706,0.4718098425171855,0.9781047779839798,0.35936945193028186,12217
C18_384.3125295_270.7863848,-0.49089984734774156,0.6263616805905385,0.9947980550876518,-0.17234096890253936,12218
C18_384.6995089_95.9999824,0.02111739791779606,0.9832641209828645,1,0.019277396537519347,12219
C18_384.8106213_150.8879972,-0.10398512196305597,0.9177360478705329,1,-0.1161244504176312,12220
C18_384.893959_129.9307736,0.6501576533624687,0.5195590832686972,0.9824083431236167,0.20944861862666223,12221
C18_384.9149978_159.0512634,0.7438637166663024,0.46160078985102915,0.9756152843481324,0.4354242373012161,12222
C18_384.9150091_59.27982498,-1.12663339146356,0.2670650590625409,0.9171381498604813,-0.27503819332031193,12223
C18_384.9359656_36.97759849,0.4485378048876872,0.6563496760425294,0.9965858111391217,0.26170472853546595,12224
C18_384.9513372_59.88407699,-0.4181176027874226,0.678249023610034,0.9996367449012522,-0.1303205212339368,12225
C18_384.9718917_280.6864059,-1.3527411096211859,0.1842495581072309,0.8464654624459718,-0.5069123040972985,12226
C18_384.9720722_120.6247639,0.3048573692843565,0.7621626257853606,1,0.11207105282431364,12227
C18_384.9909586_120.8051069,-0.07812234060202146,0.9381466581732377,1,-0.04630528257302605,12228
C18_385.0675269_126.3971461,-0.3545469513267156,0.7249177640274067,1,-0.2873503117593197,12229
C18_385.1509869_22.57530039,0.02627188428533265,0.9791799774463712,1,0.02601110239225417,12230
C18_385.169482_23.57571744,-0.21221168181129124,0.8330926918468593,1,-0.10152832176259649,12231
C18_385.1771839_162.9761346,0.39607957226009943,0.6942940183386066,0.9999159889500627,0.2645682314398438,12232
C18_385.2045221_99.51743785,0.7304332370598244,0.46967046358241127,0.9777549229263227,0.49547773328347405,12233
C18_385.2353117_224.2207922,0.677509612088093,0.5022469966176131,0.9781047779839798,0.3137619955769014,12234
C18_385.3080656_169.4209342,1.1293302810224448,0.2659405745717754,0.9156095609297812,0.19160222540147226,12235
C18_385.3153847_271.8557953,-0.37260854960131096,0.711540316547357,1,-0.14223633202868063,12236
C18_385.9562293_134.6509751,-0.8773708181247618,0.3858791680160464,0.9659917398098843,-0.5049154819098026,12237
C18_385.9846415_120.8083712,-0.028930456369459345,0.9770736798658073,1,-0.02200084861863746,12238
C18_386.1546522_22.60140227,-0.5332928847200883,0.5969818096162671,0.9924427755631277,-0.5766411839107196,12239
C18_386.1729567_23.82483147,-0.2499599901518876,0.8039843889321046,1,-0.18212878121059925,12240
C18_386.1827347_169.4067416,-0.7706211002269846,0.44576615383749185,0.9745894987688215,-0.99295038473281,12241
C18_386.2379645_147.1500672,1.3738001423050874,0.17767155205589644,0.8404813690786701,0.4437073383170781,12242
C18_386.2680044_226.6247663,-1.3100498391362965,0.1981580023030283,0.8593515168411124,-0.9037085008268401,12243
C18_386.3191834_270.8580418,0.07543652849353985,0.940268937674003,1,0.04559510324828434,12244
C18_386.716297_21.02462074,-1.4813703822650193,0.14687344569759664,0.7986783772617665,-1.8776678117212409,12245
C18_386.8522457_113.9159863,-0.22203655709446754,0.8254918285012325,1,-0.0819756957766285,12246
C18_386.8731954_78.7711908,0.6009911761675536,0.5514663028182117,0.9858134543858914,0.2187602696298895,12247
C18_386.9096787_98.47427071,0.3203958180732955,0.7504492078968813,1,0.14606751194734335,12248
C18_386.9307077_64.7358231,0.8246267782828373,0.41480508923976533,0.9703079142282183,0.26899854895696823,12249
C18_386.9434389_29.2560047,-1.1216942947401227,0.2691332574215615,0.9185780391297615,-0.4375437671404957,12250
C18_386.9498858_134.7279764,-0.11923961846445172,0.9057228664622504,1,-0.08876866260635034,12251
C18_386.9773368_18.70439459,-0.8789727992114966,0.38502111812819195,0.9651638368906807,-0.5288949047268903,12252
C18_386.9879559_120.8312521,0.31995775255666586,0.75077863300603,1,0.24331019670619217,12253
C18_387.0272046_51.80463573,0.7855155711637186,0.4370930385982328,0.9745124110909839,0.156406261569307,12254
C18_387.1149538_119.9129053,1.2062729838796953,0.23527761022613206,0.8886691295529588,0.3574211478307619,12255
C18_387.1149832_15.17115203,0.6165342015794526,0.5412719789771387,0.9844101439284977,0.3074759150938343,12256
C18_387.1487329_136.6178387,-0.1294083954283487,0.8977270492068006,1,-0.17276398180369618,12257
C18_387.1821424_137.7939595,0.13641710726921344,0.8922222562265054,1,0.06875059527785433,12258
C18_387.1826796_25.43803708,-0.3672835831052173,0.7154749199929324,1,-0.21933273349420174,12259
C18_387.1949163_224.1171535,0.6935568022580121,0.4922397335237453,0.9781047779839798,0.5307876310103207,12260
C18_387.2214424_161.3602579,0.05579576186381374,0.9558011290951165,1,0.009282342131834164,12261
C18_387.2397989_157.6245008,1.247510805094121,0.21995505639780863,0.8778528260192604,0.26212358264512053,12262
C18_387.2585248_176.4586623,-1.2707377171996712,0.21165923719688245,0.8683661493536527,-0.3372516010508057,12263
C18_387.2726208_285.306667,0.09602701909412611,0.9240111416463939,1,0.04510782433251319,12264
C18_387.2943511_278.7642405,-0.17891074430866805,0.8589721972134247,1,-0.05028811871426961,12265
C18_387.3305781_282.1315734,0.7424469695128484,0.46244822082338133,0.97609318139665735,0.21799183793920326,12266
C18_387.3366819_120.5121411,0.5805238399752451,0.5650385358439338,0.9911473761431051,0.20003265676152138,12267
C18_387.9812511_121.0201298,-0.08626535255023636,0.931715057574274,1,-0.04880035512297669,12268
C18_388.0305861_51.66563596,0.6693066909792976,0.5074054007087532,0.9791596665194094,0.151752440218061,12269
C18_388.1523576_140.7027545,0.5137473223468199,0.6104467224343633,0.9928201179984223,0.6483732295862892,12270
C18_388.1855315_136.9419849,0.3767638432429331,0.7084755177706807,0.9999159889500627,0.32993308770141266,12271
C18_388.1856294_26.49750864,-0.11228831115749882,0.9111945332648801,1,-0.07251630737345645,12272
C18_388.2248391_160.5907431,-0.15893344659363967,0.8745753215396858,1,-0.042237538893197056,12273
C18_388.2527725_153.0665788,2.843974698304164,0.007178979948701254,0.25401300674346106,1.2756971855666448,12274
C18_388.2597927_177.7732065,0.09723978538337498,0.9230545276208875,1,0.025213361943029575,12275
C18_388.2654113_220.3626793,-3.074488912464999,0.003923280067549426,0.19081959709350302,-0.9662795944519333,12276
C18_388.2835579_246.5317545,0.3248923993862101,0.7470705274148294,1,0.14912629320500587,12277
C18_388.8680313_83.55853861,-0.20824926943295538,0.8361627950652117,1,-0.06702200951915376,12278
C18_388.8890775_72.50024545,0.8605413184518401,0.39496664470402587,0.9669701703160376,0.6767496270806287,12279
C18_388.9229569_28.79143687,-0.010324848247799917,0.9918169158231703,1,-0.005608602771997148,12280
C18_388.9592413_28.70653326,0.9940638877205192,0.32657152413020996,0.9506069103298993,0.4110025940500406,12281
C18_388.9855514_56.05335036,0.9924473227985542,0.32734872483329447,0.9506069103298993,0.35343968910486595,12282
C18_389.0315727_50.58440638,1.5433046749685895,0.13116573391092629,0.7697661366590566,0.3691541040473087,12283
C18_389.0773104_183.0452685,1.3657980965529286,0.180149326276545,0.8435536307584767,0.49425557178303026,12284
C18_389.126925_20.37681912,-0.4037760431432556,0.6886738476397043,0.9999159889500627,-0.2523513409629117,12285
C18_389.145563_135.8839207,-0.10450147653936,0.9173290735881565,1,-0.11892024118397515,12286
C18_389.1560614_137.0276032,0.3903179522465259,0.6985128069451838,0.9999159889500627,0.2403478343167988,12287
C18_389.1888939_29.00886984,-0.1655310862497478,0.8694163473010629,1,-0.15093852608776914,12288
C18_389.1974139_130.4780967,-1.5293622918931233,0.13457827149099327,0.7743408930418361,-0.5858425927496248,12289
C18_389.1977119_23.97805213,-1.5414738776459351,0.131609819590577,0.7699545183289296,-0.7322697236275791,12290
C18_389.218767_162.6806175,0.2710873383293625,0.7878125134571577,1,0.09182804137646945,12291
C18_389.2371395_159.0584384,1.237820672895228,0.2234869214186553,0.8799075082512211,0.3811287501315481,12292
C18_389.2559114_161.4661578,-0.3451915961985756,0.7318816910012507,1,-0.09057706628371782,12293
C18_389.2708856_114.3221279,-0.35235078691034405,0.7265504425200027,1,-0.33320435689141126,12294
C18_389.2726842_192.1413628,-0.07771555099250678,0.9384680668808854,1,-0.02552808485933535,12295
C18_389.2915563_238.4604659,-1.289333559158251,0.20518881775707037,0.8654972584231475,-0.49837672962923457,12296
C18_389.988785_55.79065426,0.4215614251299934,0.6757551383158773,0.9996367449012522,0.154078699618169,12297
C18_390.0774569_183.1114777,0.6752776035086222,0.5036477305564467,0.9781047779839798,0.18293171788295717,12298
C18_390.1416953_24.19534542,0.5464062756144628,0.5880275248639105,0.9913379189285378,0.7265759100865051,12299
C18_390.148903_136.599433,0.23407673735100856,0.8162003591612027,1,0.10797723407742262,12300
C18_390.2012831_24.72751013,-2.353874005504783,0.02393224963004543,0.43871136719721554,-2.014750633967303,12301
C18_390.2701011_257.7428448,-1.7478901890682792,0.08867834125939345,0.6991326024755875,-0.6837462526507722,12302
C18_390.2815542_270.3339948,-0.32750941729991695,0.7451064504005963,1,-0.13957520287036224,12303
C18_390.2983284_265.0733266,-0.5119085336927628,0.6117206506347107,0.9928201179984223,-0.17617337862501023,12304
C18_390.3138529_260.0791796,-0.3424806824624351,0.7339039696866838,1,-0.11925878611911289,12305
C18_390.3245741_271.0785723,-0.024610619680221463,0.9804962193795078,1,-0.015704808141717843,12306
C18_390.7102281_20.4178446,-0.14123340888116515,0.8884425424294798,1,-0.1494573822462744,12307
C18_390.9434438_64.802625,0.9242131067747352,0.36129237932557356,0.961225095168946,0.41770932621891743,12308
C18_390.9832199_54.74941422,0.7948563986155045,0.43170577810297306,0.9742203846590763,0.27660652241662503,12309
C18_391.0742574_182.7543964,0.9972119447067371,0.32506160582603805,0.9506069103298993,0.2860909858814473,12310
C18_391.1102693_19.90571659,-2.4119947217458586,0.02087804513317766,0.4141280600040436,-2.6361672311372533,12311
C18_391.1238109_20.41101182,0.06923096219328224,0.9451741246293723,1,0.06507239608494407,12312
C18_391.1376268_23.77005222,-0.6303414903703015,0.5322989121411903,0.9833164118236528,-0.4687318202392012,12313
C18_391.1975962_165.040516,-0.35675214081710493,0.7232796844608904,1,-0.12467851672281052,12314
C18_391.2045235_134.9826398,-1.1923436498794349,0.2406270274900964,0.8961162212635817,-0.6478160256844921,12315
C18_391.2131997_30.93516285,0.2299963408530483,0.8193462841199827,1,0.11709307365295919,12316
C18_391.2259637_156.8983696,-1.7138232766321928,0.09482826880445877,0.7121317722762723,-1.158556630035612,12317
C18_391.2344703_164.1994547,-0.8857839051839339,0.38138653149211965,0.9638726330536317,-0.21797227183360354,12318
C18_391.2527385_175.1075694,0.5506480581889788,0.585144972747104,0.9913379189285378,0.13827514006355837,12319
C18_391.2870915_124.5154237,-0.4245276803189851,0.6736100516004726,0.9996367449012522,-0.40603727168989423,12320
C18_391.3022185_267.5656873,-0.4270862099539201,0.6717620320802224,0.9996367449012522,-0.15265956574511802,12321
C18_391.3184159_271.4475648,-1.0332272153290245,0.3081240180134876,0.9421850854569164,-0.8220992308803832,12322
C18_391.7075252_105.8180856,-0.6031565625458415,0.5500402058769294,0.9857989553982086,-0.37197505932347663,12323
C18_391.9468468_64.68302517,2.012740784165296,0.05137319494884222,0.590829350399935,0.9975917825230067,12324
C18_392.0738716_180.0784672,0.05884328022454533,0.9533898084696113,1,0.018547702078866295,12325
C18_392.1164493_25.19555835,0.6449226712737894,0.5229086817222647,0.9824083431236167,0.5854522360576982,12326
C18_392.1410711_24.28390564,-1.0286704956262374,0.31023281581591877,0.9421850854569164,-1.0527454090318025,12327
C18_392.2166739_31.24916145,0.9455952586613932,0.35041644420103646,0.9578247927857968,0.5975475590729704,12328
C18_392.2379625_164.9848534,0.7967868917882441,0.43059739068220104,0.9742203846590763,0.23022378643787766,12329
C18_392.2741673_181.907146,1.5195882203526898,0.13701288014059518,0.7781895686944145,0.38452011032436734,12330
C18_392.3047448_269.0570991,-0.4633877163886672,0.6457683689814498,0.9965858111391217,-0.1630045357207001,12331
C18_392.3176797_167.731379,1.930954493925082,0.061084848100316586,0.6276278375774844,1.256232426683977,12332
C18_392.8813124_134.0058796,-0.3708618840016848,0.712830048599858,1,-0.12653769739602913,12333
C18_392.9020776_52.3493614,-0.9716373891333965,0.33746506963654854,0.9541737438762358,-0.5701750831393945,12334
C18_392.9390975_55.80242731,-1.2300832563024853,0.22633723112740367,0.8835412928192641,-0.37681744049405796,12335
C18_392.9770576_97.32100704,0.42493227830904584,0.6733176746345262,0.9996367449012522,0.1351020070772969,12336
C18_392.9973443_290.6655,0.701857303129731,0.48710739305875006,0.9781047779839798,0.20779204589618422,12337
C18_393.1260636_22.10874028,-0.12504029614260687,0.9011604586107848,1,-0.08923081685963855,12338
C18_393.1724457_145.3630165,-1.2213797783584455,0.22957556735459736,0.8865860774682214,-0.533487273777278,12339
C18_393.2139154_147.834438,0.18682102950077348,0.8528093652171691,1,0.04107506130567855,12340
C18_393.2291856_166.8244428,1.0285502288201671,0.31028860789643264,0.9421850854569164,0.5622752206026781,12341
C18_393.2415761_155.2689186,-0.5209896564219939,0.6054411296462794,0.9928201179984223,-0.38671713236791067,12342
C18_393.2617646_177.5538303,0.3703896947472545,0.713178858509176,1,0.18895239720364765,12343
C18_393.2782386_270.6087905,-1.4297898859871019,0.16106734511287488,0.8218381018016443,-0.37008612723727463,12344
C18_393.2925374_130.3062925,0.4948375120073881,0.6236055686871206,0.9947980550876518,0.11912009045126533,12345
C18_393.3069099_268.1951613,-0.7685861664366291,0.4469589781574824,0.9745894987688215,-0.26532840744006,12346
C18_393.3212085_167.7355065,1.8363397519212916,0.0742553647467323,0.6747587270072484,0.9723774011896259,12347
C18_394.133695_28.21614233,0.13507195997218036,0.8932783535963364,1,0.06613392787398692,12348
C18_394.2168196_146.2617425,-0.409782839730587,0.6842998936345879,0.9999159889500627,-0.1691306643017912,12349
C18_394.2817564_270.4190382,-0.15773160221123922,0.875515699153105,1,-0.08815342554783638,12350
C18_394.3330802_182.1218384,3.7456941110883974,6.043733774232991e-4,0.06985791151938181,2.4561227322912225,12351
C18_394.8394218_128.323918,-0.32232524546134733,0.7489988433789683,1,-0.10192639479841265,12352
C18_394.8967787_126.8489151,0.7649313759747861,0.4491060567500883,0.9745894987688215,0.26857754820343455,12353
C18_395.1370046_28.53785368,0.22995969441710223,0.8193745517736544,1,0.1127231422369257,12354
C18_395.1633847_125.34165,-0.5992586102033244,0.5526087097448729,0.9858134543858914,-0.36023476278750544,12355
C18_395.1911391_21.34740512,-0.41083683231405244,0.6835335402009992,0.9999159889500627,-0.4809499217730636,12356
C18_395.1927018_166.6050891,0.040163413522323214,0.9681762014008967,1,0.009028990592622577,12357
C18_395.20798_113.169853,-2.400500639626234,0.021452463328432918,0.4186561476890449,-0.9556159890688559,12358
C18_395.2209129_217.822747,2.1489049717846678,0.03817189954312547,0.5251143098270588,0.5994002863009392,12359
C18_395.2447137_166.6354243,-0.09159742299510527,0.9275061094324417,1,-0.0821021906724231,12360
C18_395.2755914_270.1201944,-1.1432747775386976,0.260180435933641,0.911112589206785,-0.40485129440124157,12361
C18_395.2757916_188.60147,0.4298334581221393,0.6697799977423721,0.9994663226129565,0.13494521025026363,12362
C18_395.3170926_262.2751615,-1.2458625934963845,0.22055283922966396,0.8778528260192604,-0.7632279882496456,12363
C18_395.3364339_182.0284539,1.697509460533917,0.09789694538811027,0.7177897439971538,0.6133576572524594,12364
C18_396.1294179_29.69027142,0.3007953827064325,0.7652341893539434,1,0.1986558216207208,12365
C18_396.1394986_30.11682392,0.7078191303290331,0.4834397260827539,0.9781047779839798,0.35682980779562845,12366
C18_396.1936069_98.17682722,-0.4413113790138302,0.6615251063342266,0.9969838277542882,-0.2832407672848495,12367
C18_396.2117062_115.4284483,-1.7999862442199948,0.0799226577895929,0.6913315945281122,-1.4431801673211555,12368
C18_396.2186328_229.3014387,-0.24763501723889442,0.805769519915802,1,-0.06506157317419302,12369
C18_396.2478414_166.773426,0.18466102686872263,0.8544912933730309,1,0.24200085574451743,12370
C18_396.2762058_226.2905953,0.6620178572439533,0.5120131632674407,0.980797573128938,0.5713956824346995,12371
C18_396.3205804_262.133681,-0.5434756242254061,0.5900230646027863,0.9917669560968972,-0.27527333808294385,12372
C18_396.8549681_89.98389607,-0.24888490023274532,0.8048097191617386,1,-0.12864393224835374,12373
C18_396.8889949_28.08899817,-0.48791114347192843,0.6284572143237008,0.9947980550876518,-0.3271237255363337,12374
C18_396.9719887_132.1604333,0.5993546188490546,0.5525453726470825,0.9858134543858914,0.8434711920005983,12375
C18_396.9723773_41.29088993,0.21403126533194763,0.831683750286015,1,0.09288877024447206,12376
C18_397.132675_30.84361048,-0.4681714871078718,0.6423753781799407,0.9955023063019077,-0.4353629933281741,12377
C18_397.1417747_149.1548333,-1.0449662814128529,0.302736847480154,0.9401059248691874,-0.4336772477940869,12378
C18_397.1722273_17.58155586,0.727833211866788,0.4712420073033077,0.9781047779839798,0.45852317515595903,12379
C18_397.1806458_119.8206248,-0.44493138346663197,0.6589304029079721,0.9966192045168055,-0.25383919990945675,12380
C18_397.1964794_98.74584958,-0.6296973286249707,0.5327157904742984,0.9833164118236528,-0.5250809529563794,12381
C18_397.2059362_76.77675987,1.0691463605187883,0.291846730540111,0.9340589136386561,0.6320573112069993,12382
C18_397.2249803_137.954333,-0.22980206952885607,0.8194961403445742,1,-0.08026559638553134,12383
C18_397.250736_166.9822101,-0.39319164147966285,0.6964074051024403,0.9999159889500627,-0.1991928380223322,12384
C18_397.2600852_212.0798986,-1.6761397587143239,0.1020410802181282,0.7221704866666782,-0.9588442536352235,12385
C18_397.3328638_286.8601755,-0.5760757847909801,0.5680100808680892,0.9913379189285378,-0.3120563584186354,12386
C18_397.9758548_44.64712596,1.6213110547584908,0.11334144634865005,0.7398432349432608,0.42224251353401543,12387
C18_398.0632664_94.78122213,1.3379153533001298,0.18899195507439523,0.8493817236871323,0.9766807817085547,12388
C18_398.1466_24.7559722,-0.9480890476855416,0.34916219769416923,0.9574386235069654,-0.9764422335502877,12389
C18_398.1825915_125.2620421,-0.7498709693834235,0.45801757756660655,0.9755657681934743,-0.7113153330543859,12390
C18_398.2111592_85.25658698,0.6762093824400102,0.5030627164575523,0.9781047779839798,0.34259873646232447,12391
C18_398.2275476_127.2459511,-0.6614849947305077,0.5123509103860576,0.9808716551504955,-0.25214239461927734,12392
C18_398.2668711_133.7199835,-1.271130528084887,0.21152098991510826,0.8683661493536527,-1.1795068436674585,12393
C18_398.273966_201.8685758,0.17285861190526916,0.8636934250645909,1,0.05277012242419772,12394
C18_398.2917127_151.2656069,-1.5094950713548332,0.13956393590540636,0.7836130925925425,-1.662990885393791,12395
C18_398.2917424_244.8769365,0.6760040328880892,0.5031916123459653,0.9781047779839798,0.9874992284979852,12396
C18_398.3361936_286.9487374,-0.8852465955244022,0.381672455790079,0.9638726330536317,-0.5589576671187183,12397
C18_398.6961062_20.4824022,-0.41029440783071125,0.6839278923823493,0.9999159889500627,-0.3939763873869776,12398
C18_398.7150914_106.9302452,-0.5798126779394772,0.5655131084352268,0.991222047296664,-0.6073261040082715,12399
C18_398.9045923_27.34630947,1.0883368661532404,0.2834009412207074,0.9295944216943315,0.8302548622716963,12400
C18_398.9306017_49.0049118,0.7050586410645242,0.4851360148711129,0.9781047779839798,0.25597267317853,12401
C18_398.9380811_106.9267319,-0.34358279782275625,0.7330815845454205,1,-0.26338283990963696,12402
C18_398.9514714_51.60239325,1.4120461148086134,0.1661921667359014,0.8274419139233609,0.428454019519757,12403
C18_398.9685092_132.1732273,0.013746112191123018,0.989105504956352,1,0.007667478430660301,12404
C18_398.9881057_41.09167125,0.45288505080438884,0.6532444854835523,0.9965858111391217,0.1700317286312408,12405
C18_399.0665367_94.96249072,1.2932483241808743,0.20384593322276687,0.8647457759331585,0.955146899777336,12406
C18_399.1305077_18.21644572,0.270861616841483,0.7879848034035544,1,0.23798438329906932,12407
C18_399.1779567_128.423687,-0.23291480014156046,0.8170958841059508,1,-0.10504261511753642,12408
C18_399.202803_119.6882112,1.306967461570097,0.19919235815229727,0.860060322352524,1.3734037660565601,12409
C18_399.2199521_101.5244552,0.10500298959544949,0.9169338184967557,1,0.07739402577863785,12410
C18_399.2213603_224.4295387,1.3123669457513778,0.19738314384261366,0.8589075869458993,0.5722966467606184,12411
C18_399.2398283_172.9807935,0.33290042127862485,0.741065934410119,1,0.1017752057328975,12412
C18_399.275941_222.6033346,0.0746950306213694,0.9408549341275421,1,0.041515853458192344,12413
C18_399.991547_39.03620517,2.3725548847467874,0.022909212355860915,0.42999250431370967,0.789997239811394,12414
C18_400.0589579_95.30186367,1.415799811170771,0.16509749938457152,0.8268032245239461,0.8656972058947474,12415
C18_400.0690417_96.13170953,1.0070696153379277,0.3203641351696962,0.9484654282771583,0.7270345185479197,12416
C18_400.1892526_125.2998362,-0.17796082596291365,0.8597128797451913,1,-0.03678322957015551,12417
C18_400.2249035_99.97148096,0.845554225569211,0.4031716420485568,0.9669701703160376,0.6873766770780544,12418
C18_400.2426643_175.9933801,-0.45411386588901076,0.6523678847159537,0.9965858111391217,-0.23834111971847602,12419
C18_400.2791908_225.6906399,-1.0928629457023011,0.28143434983620264,0.9295944216943315,-0.597618737276546,12420
C18_400.2895085_197.5321019,1.698275410563069,0.09775104289212128,0.7177897439971538,0.4671931903225604,12421
C18_400.307514_270.4028058,-0.24495583495444131,0.8078279216893842,1,-0.08905042808376663,12422
C18_400.6931226_20.65213799,-1.0570845023737327,0.2972444103232649,0.9388638086478203,-0.8002576792384292,12423
C18_400.8680884_145.1579077,-0.18194612033688118,0.8566062835676882,1,-0.06997119758979002,12424
C18_400.9258023_72.22234441,-0.6714207815640677,0.5060731921514213,0.9781047779839798,-0.3433418874757235,12425
C18_400.946223_48.94424189,0.5408596231245183,0.5918070901228738,0.9919344024228657,0.2570588248432814,12426
C18_400.9653843_132.219359,0.23668892471820285,0.814188014881502,1,0.08024424796358304,12427
C18_401.0624187_98.15208046,-0.8292988580384202,0.41219015034780193,0.96978156031432206,-0.4538700531564339,12428
C18_401.1304952_122.9895021,-0.02843206014023712,0.9774685302915165,1,-0.01085609115164871,12429
C18_401.1978978_138.0442272,-0.07856156176508541,0.9377996367311691,1,-0.03480425626807228,12430
C18_401.209315_133.9223595,0.4077227057000131,0.6857987846043957,0.9999159889500627,0.23412756528483042,12431
C18_401.2189572_173.5631607,1.713813823951999,0.09483002339923371,0.7121317722762723,0.5174787365493003,12432
C18_401.2373517_164.1976706,-0.5235985137161928,0.6036426961975604,0.9928201179984223,-0.16451330517882218,12433
C18_401.2914928_244.5576165,-0.9070357482640881,0.370187421527549,0.9637531830220828,-0.49107849085103955,12434
C18_401.3102786_267.5386499,-0.31220940036169953,0.7566131519785959,1,-0.11117102153120278,12435
C18_402.0385232_22.98486268,0.17887869755259095,0.8589971830208236,1,0.17010134332576338,12436
C18_402.0998397_32.93063043,-0.7125251002396041,0.4805556993338651,0.9781047779839798,-0.4643147263373917,12437
C18_402.1863067_125.2066649,-0.492727977201884,0.6250814288046563,0.9947980550876518,-0.34125801627015073,12438
C18_402.2009722_137.1251051,-0.09039330823176356,0.9284564150537811,1,-0.05620568019900155,12439
C18_402.2402224_165.3867961,0.6451147789990385,0.522785558139867,0.9824083431236167,0.14132578787214156,12440
C18_402.2585486_195.5899874,-0.9702649985943965,0.3381395042118217,0.9541737438762358,-0.2681589107918581,12441
C18_402.2767824_200.3087404,-0.12993961398024026,0.8973096357683108,1,-0.03301978980930499,12442
C18_402.2951085_244.6426834,-0.8251890569854852,0.41448984564363156,0.9702967640516138,-0.5153046907468941,12443
C18_402.3028995_167.8523751,2.3244640491586233,0.025626544213622336,0.45178111371304214,1.5449449147299323,12444
C18_402.3049915_252.3218518,-1.7083683910912901,0.09584530523950095,0.7130446572875009,-0.6035975267760708,12445
C18_402.313272_205.3513084,-1.2030412554717522,0.23651085455723186,0.8911114104955423,-0.34558586519201306,12446
C18_402.3134731_263.6183943,-0.0060971818342920306,0.9951675468990315,1,-0.002412394261218488,12447
C18_402.6903868_20.66873114,-0.5684366764041112,0.5731315083042308,0.9913379189285378,-0.6155403836252951,12448
C18_402.8262648_92.46775368,0.36264756668195675,0.7189068803221078,1,0.2570456333059457,12449
C18_402.8470209_80.10585711,1.432748519118981,0.16022502907960598,0.8207157505186208,0.39712880483166985,12450
C18_402.8840354_80.80529439,1.3782767730846583,0.17629695712128818,0.8369976416970194,0.7958992735868129,12451
C18_402.9045896_73.98020383,-0.33244486706845827,0.7414070833974155,1,-0.13575583826773394,12452
C18_402.9383528_30.48625889,-0.9259925780015371,0.36037894047871477,0.9608881797217599,-0.5227988792617799,12453
C18_402.9548843_18.31552124,-0.09173391856396987,0.9273983918233575,1,-0.05286456158080671,12454
C18_402.9747467_29.47460688,-1.3398788073396046,0.1883585661102917,0.8493435917315392,-1.0491548220162397,12455
C18_403.0011639_56.09603465,0.6031693942060936,0.5500317607395753,0.9857989553982086,0.2084000864193851,12456
C18_403.0222557_28.7983521,-0.8614847196286426,0.39445369700283095,0.9669701703160376,-0.384822136403926,12457
C18_403.1773277_22.09935564,-0.23615600367919515,0.8145984568342808,1,-0.24031221186187698,12458
C18_403.213454_152.8217042,-1.6113355770311397,0.1155039152808419,0.7446603446316409,-0.9414112017533973,12459
C18_403.2344626_164.2225243,-1.102151289524206,0.2774287701999285,0.9248282544947958,-0.30734690230202094,12460
C18_403.2527805_163.6876224,-3.4006997140408335,0.0016104852201355004,0.12019551683985753,-0.6778737883481389,12461
C18_403.2708277_205.4774168,-0.031310569296179244,0.975188136793489,1,-0.008311669045654946,12462
C18_403.271442_268.5965149,-2.4096074823326186,0.02099618777089797,0.4141280600040436,-0.6003093559791576,12463
C18_403.2960186_241.9514319,0.6637377505438603,0.5109238590844312,0.9807690403490242,0.3189132194521828,12464
C18_403.3072691_271.7284609,-0.4281499045534601,0.6709943344332684,0.9996367449012522,-0.14475743383913584,12465
C18_403.3241308_265.378803,-1.7164030065237599,0.09435043300917882,0.7121317722762723,-0.43878488814355543,12466
C18_404.0042_55.89150185,0.24226402252712628,0.809897422132484,1,0.0694226759896772,12467
C18_404.0502192_125.6828364,0.021465412118948982,0.9829883572421518,1,0.01657441233085304,12468
C18_404.0853136_189.7699133,-0.26006042550354075,0.7962416613932358,1,-0.10627489434950714,12469
C18_404.1500261_141.6924635,-0.26685528618494775,0.7910445659522785,1,-0.25197233642960637,12470
C18_404.2082717_125.4212758,-0.3302605083944962,0.7430436087342698,1,-0.22427739349703146,12471
C18_404.2745757_197.5205618,-0.8700973394739265,0.38979023842038985,0.9669701703160376,-0.24516059840548313,12472
C18_404.2922985_198.2813076,-0.08601161959945594,0.9319153959168456,1,-0.021853512657864702,12473
C18_404.306065_270.1225917,-0.4130978476447142,0.6818907106513001,0.9999159889500627,-0.13554637631907646,12474
C18_404.6874273_20.44917169,-0.019541668081820066,0.9845127425586893,1,-0.01984693101062196,12475
C18_404.9345966_29.5238454,-0.641488508328836,0.5251122789875553,0.9824083431236167,-0.3740992216316108,12476
C18_404.9508416_18.90987169,-0.09383178394997194,0.9257430039905844,1,-0.0667428512758921,12477
C18_404.9593116_63.83014029,1.8068455551248228,0.0788261578889352,0.689893560131015,0.6183410137425288,12478
C18_404.9987514_54.66313254,1.5080081479134917,0.13994295210345054,0.7851055614738052,0.3623138452577839,12479
C18_405.0535521_126.6381022,-0.6694590655490824,0.5073093167991504,0.9790945168199818,-0.32190118711327864,12480
C18_405.133167_21.93413386,0.8404921389759007,0.40596682750457214,0.9672616821631036,1.1287755918438,12481
C18_405.1534493_141.4272542,-0.7917619187419168,0.43348604999676654,0.9742203846590763,-0.6242540526371773,12482
C18_405.1923351_125.2936773,-2.4091539917832794,0.02101869903903566,0.4141280600040436,-1.559141717823016,12483
C18_405.2139134_164.8246319,0.6962025354075305,0.4906005622103655,0.9781047779839798,0.20186050732123906,12484
C18_405.2312559_154.9543575,1.2133686613758266,0.23258649044237226,0.8879258919320564,0.4045351330782346,12485
C18_405.2690896_178.1015673,1.1311077253635073,0.26520131482563497,0.9153716740091526,0.3687535285532808,12486
C18_405.271166_282.407175,0.27684920629277937,0.7834182431895382,1,0.10641856301511886,12487
C18_405.2873886_255.9536638,-0.6623388569981689,0.5118097606075087,0.980797573128938,-0.31164547179953433,12488
C18_405.3055839_253.295546,0.005997983128765694,0.9952461679987915,1,0.0021629706445755147,12489
C18_405.312965_270.7622949,-0.4194335692093792,0.6772956158485702,0.9996367449012522,-0.15666412263213864,12490
C18_405.9624045_62.69841046,1.2893153626878333,0.2051950752902817,0.8654972584231475,0.6471971246753897,12491
C18_406.1461744_128.6643354,-0.08265848220899907,0.9345633282175739,1,-0.0908756455921341,12492
C18_406.1657581_130.3628776,-1.1085390086790616,0.2746976293332933,0.9222625745451842,-0.4632313820782822,12493
C18_406.1974546_129.6949729,-0.6464904380887131,0.52190433861665,0.9824083431236167,-0.5403458198510047,12494
C18_406.2534584_165.6868058,1.2415883923305338,0.22210867722132518,0.8798719757146458,0.4303182207888086,12495
C18_406.2724001_179.8697294,0.20655202670599554,0.8374786277320257,1,0.036206345579409056,12496
C18_406.2897668_258.8910032,-1.5654553659434662,0.1258880219921511,0.7651222443061139,-0.43242319337983626,12497
C18_406.307765_267.1843383,-0.1252431880725594,0.9010009385386473,1,-0.03822462025061183,12498
C18_406.3160196_270.5679927,-0.7215905386177831,0.47502758705075754,0.9781047779839798,-0.3686716758974727,12499
C18_406.9177201_52.31563361,-0.06705018445341039,0.9468984430928513,1,-0.031596338662125474,12500
C18_406.9570588_63.00063001,0.8346872497149138,0.4091869554402958,0.9678223209142558,0.29053933589550557,12501
C18_407.1316811_22.52157698,0.16890393905925988,0.8667811882159879,1,0.14223278130664438,12502
C18_407.1503815_141.3548826,0.057914933251492474,0.9541243084402163,1,0.014507578207035418,12503
C18_407.1640627_141.6919537,0.456664731762768,0.650549766905036,0.9965858111391217,0.12252591015118747,12504
C18_407.1889045_145.0622969,-0.07490479130311069,0.940689159501997,1,-0.06377983527185728,12505
C18_407.2081312_125.3536241,-0.6139997899235006,0.5429275401885809,0.9844101439284977,-0.292079577170835,12506
C18_407.2295381_156.0806626,1.5434150918036933,0.1311389894476908,0.7697661366590566,0.2851907563156072,12507
C18_407.2443768_154.4157768,0.2422299791390203,0.8099236040247331,1,0.1726290175677146,12508
C18_407.2658818_276.9110385,0.15723502168992637,0.8759042997816152,1,0.05312100415437997,12509
C18_407.281234_82.7667784,-0.37893346938326744,0.7068772234091482,0.9999159889500627,-0.38856607010742206,12510
C18_407.292023_271.4639495,-0.7177526533355312,0.47736348975461873,0.9781047779839798,-0.1955877205855644,12511
C18_407.3171566_179.8588339,-1.1510243485206846,0.25701837215943957,0.909076957469324,-0.4581786058277931,12512
C18_408.1670864_140.1372332,0.4739016931257016,0.6383213118430842,0.9955023063019077,0.2649332730806352,12513
C18_408.211522_125.4658959,-0.2711541197034278,0.7877615422707916,1,-0.15899128545999308,12514
C18_408.2761524_108.1303166,1.0741338542738756,0.28963497323862936,0.9318421632048914,0.8640956451557555,12515
C18_408.2849722_80.37971679,0.4082216564627483,0.6854356448273563,0.9999159889500627,0.4169064513559963,12516
C18_408.2869434_289.3662021,0.5072633558984714,0.6149443096666078,0.9931667617408494,0.12758408080572506,12517
C18_408.855221_130.5538633,-0.28591394910385537,0.7765196244172318,1,-0.0828250806399336,12518
C18_408.8760803_84.18942239,-0.16598885427222201,0.8690586108253089,1,-0.10972858429091305,12519
C18_408.9126013_132.2240373,2.796570165255325,0.008105934729562272,0.2625654321678831,0.8024036298416557,12520
C18_408.9336455_29.19028928,-0.8630899317059472,0.39358187261728994,0.9669701703160376,-0.35714744068799575,12521
C18_409.0887747_29.32836129,-0.24654809610014428,0.8066044278584432,1,-0.14932845909740403,12522
C18_409.1612017_135.7033272,0.22955652343103136,0.8196855585088116,1,0.06747937866889638,12523
C18_409.1639982_29.31856584,-0.41065727152278736,0.6836640741285054,0.9999159889500627,-0.3369066190154125,12524
C18_409.1794657_136.7894396,0.11173483417401352,0.9116303903248896,1,0.046248247502364434,12525
C18_409.208914_172.1314821,-0.07732225175973914,0.9387788266195611,1,-0.01449347584400324,12526
C18_409.2157301_125.319911,-0.36349404800487967,0.718279802468854,1,-0.19102418402247834,12527
C18_409.2239172_120.8419878,0.20791396252660663,0.836422713001425,1,0.11896894399103355,12528
C18_409.2368496_156.2736967,1.0526816504863248,0.2992318814467835,0.9392638295536324,0.5255454089430295,12529
C18_409.245098_159.1458331,-2.614322075869954,0.01280577279283648,0.3265887834017226,-0.6696316328850759,12530
C18_409.2550404_183.0279989,-1.0778389388635177,0.28799953429781433,0.9302017203507134,-0.25896226966599417,12531
C18_409.2966538_91.64189354,1.556716342515426,0.12794929982269582,0.7671458326289821,0.7746317079443,12532
C18_409.3078837_149.2378422,-1.6302751058789773,0.11142664419138247,0.736040478094709,-1.2483416705975567,12533
C18_410.128544_28.58157702,0.6814481427647812,0.4997805450009314,0.9781047779839798,0.4518587251628582,12534
C18_410.1647134_116.292342,-0.2008696556507446,0.8418874600904946,1,-0.10646495613206691,12535
C18_410.1827804_136.7610199,0.17127978084916304,0.8649259013137964,1,0.07782282196078388,12536
C18_410.2179765_125.6235423,-0.20630038449981447,0.8376737604266269,1,-0.04653590780741225,12537
C18_410.238002_147.9480958,-0.8365913098622234,0.4081289833213595,0.9676316311691489,-0.3716544938571746,12538
C18_410.2588334_186.2700538,2.8229514441563146,0.007577149463971135,0.25877612625866636,1.0021186639380142,12539
C18_410.2922542_130.2278275,-0.36576510687882613,0.7165983662232864,1,-0.26156483972698413,12540
C18_410.813321_113.1195386,0.8872883216559269,0.380586698237966,0.9638726330536317,0.30481539231057003,12541
C18_410.8708864_128.2835215,0.447601216857116,0.6570194826973765,0.9965858111391217,0.16520891565494142,12542
C18_410.9045821_28.01006211,-0.09009148163412424,0.9286946378775147,1,-0.06268462134379142,12543
C18_410.9689078_20.10819213,-0.14892685371188683,0.882410425665657,1,-0.13420879387012533,12544
C18_410.9883252_43.31418833,1.5789448470394163,0.12275916776726671,0.7614179684643814,0.7748395326566987,12545
C18_411.0212045_17.41078852,-0.6677668949398106,0.5083769184642069,0.9793502623019853,-0.26044588431693516,12546
C18_411.1099802_136.0533072,0.16848685774645203,0.8671069647416048,1,0.12253919836141806,12547
C18_411.1172338_22.55667053,-0.40588871793956083,0.6871342218138741,0.9999159889500627,-0.340758285150548,12548
C18_411.1680535_115.61513,1.2854591193406224,0.20652444648885912,0.8673174277697767,0.45985768393994353,12549
C18_411.1997333_124.4119955,0.20081383737216454,0.841930794162199,1,0.07627715034160133,12550
C18_411.2215836_125.647805,0.38538579812375595,0.7021319621860584,0.9999159889500627,0.15088831253072027,12551
C18_411.2401429_145.6800566,0.23449697880654846,0.8158765332784688,1,0.10108771365421598,12552
C18_411.2522191_186.1770525,-0.9697125431359198,0.33841125175548903,0.9543069303606773,-0.2915196649799981,12553
C18_411.2757268_212.0736849,-1.1357057258766285,0.26329578983166185,0.9143904567593096,-0.9513608423455476,12554
C18_411.2910694_216.4434074,-0.37739344513530754,0.7080115721682132,0.9999159889500627,-0.26150716959748904,12555
C18_411.9787243_282.8863602,0.7617410479476813,0.45098524540962515,0.9745894987688215,0.24770627245685145,12556
C18_411.991521_43.34485522,2.1230669519583283,0.04041841621600131,0.5347244144365793,0.5916526202841594,12557
C18_412.0229221_17.60171631,-0.3087732176213021,0.7592052528937225,1,-0.2340570540480643,12558
C18_412.1235012_24.38634021,0.16196184377674447,0.8722065863222738,1,0.1587130863465525,12559
C18_412.1799601_137.0726089,0.0841780650457827,0.9333632367329228,1,0.042238862517078986,12560
C18_412.2029974_122.2583093,0.3245191883534692,0.7473507626600526,1,0.2580945661684068,12561
C18_412.2428915_141.4629224,0.08790693388081544,0.9304190337909535,1,0.07083134261695825,12562
C18_412.2535146_153.3784321,-0.22274603293253317,0.8249436023804848,1,-0.08802078755479871,12563
C18_412.2864532_153.5759144,-0.816526847262959,0.419362690125205,0.9716822081080376,-0.5674505383837167,12564
C18_412.2944384_216.5875406,-0.28009773764939205,0.7809439158138938,1,-0.205638688664621,12565
C18_412.3075173_271.2646773,-0.32512943623907076,0.7468925601678724,1,-0.1548850019240043,12566
C18_412.8290822_85.22971986,-1.341096516710814,0.18796656556349384,0.8489710044879274,-0.627029311355851,12567
C18_412.8840824_27.48496395,1.392359305871961,0.1720265310841036,0.8326851500809265,0.8460580226497582,12568
C18_412.9203603_28.00686517,-0.7565629966849844,0.45404509357223843,0.9753792522951469,-0.45240862311608,12569
C18_412.9462843_48.75897761,-0.10955851017098829,0.9133444886189886,1,-0.04315195621399826,12570
C18_412.9675711_44.3173445,0.6132576216046107,0.5434128453774678,0.9844101439284977,0.2551513221376733,12571
C18_413.0036726_43.93753523,1.7918938679544192,0.0812328240030554,0.6939844720135916,0.7384187400659464,12572
C18_413.1172212_24.4288302,-0.19057576168444304,0.8498873309243609,1,-0.13974828392114239,12573
C18_413.1823927_111.9521311,0.34865075750474245,0.7293040498564134,1,0.16961002387332377,12574
C18_413.1962553_157.5443779,-0.5487322366109479,0.5864460453470517,0.9913379189285378,-0.21743756225788596,12575
C18_413.2006848_28.72915103,-0.6264864624224531,0.5347963085497979,0.9833164118236528,-0.45756315493312444,12576
C18_413.2189507_148.4261029,-0.7681922924479063,0.44719007470757766,0.9745894987688215,-0.33329882931627225,12577
C18_413.2549493_125.9218118,0.24267361723093284,0.8095824307653217,1,0.1879032256687002,12578
C18_413.2678285_132.7492894,0.4004254223452307,0.69111838688988,0.9999159889500627,0.09200834765122687,12579
C18_413.2905074_153.5382972,0.11679287256636751,0.9076482863435662,1,0.07647165970335543,12580
C18_413.3067012_220.1247727,-1.6120276725890825,0.11535280199423588,0.7445326702257378,-1.0740837245529018,12581
C18_413.9497733_66.32076631,-0.43799330193666014,0.6639071204497595,0.9978767801948073,-0.2163484409151346,12582
C18_413.9709819_41.99743137,0.8138544811266171,0.4208730520271302,0.9716822081080376,0.41018685444822517,12583
C18_414.00724_46.51266165,0.5815485538953785,0.5643550743913783,0.9909487223302283,0.1991623511283734,12584
C18_414.0585473_45.61360863,1.1977054912747245,0.23855740556205882,0.8946614565242167,0.9582731207039676,12585
C18_414.1208262_24.31794895,2.1549965204646218,0.03765862555084478,0.5220805529735174,2.070249811660003,12586
C18_414.193255_135.8305745,1.031455642011783,0.3089427067876068,0.9421850854569164,0.492519903902174,12587
C18_414.2008082_176.8187001,-0.12891268721851465,0.8981165863925482,1,-0.11671241617786621,12588
C18_414.2044493_28.96474505,-0.10364539050214701,0.9180038256614446,1,-0.11170414809469116,12589
C18_414.2694977_150.4071639,0.8961779080354968,0.3758823992503987,0.9637531830220828,0.452406624323646,12590
C18_414.2923768_205.0791217,-0.698442426496327,0.489215221176329,0.9781047779839798,-0.41716955580339576,12591
C18_414.9044714_72.04501758,0.8080539080079345,0.4241628185422961,0.9724257019093233,0.25067026049131924,12592
C18_414.9255805_54.38564652,1.5359837898607844,0.13294879016362912,0.7716476424216516,0.5208983283925218,12593
C18_414.9620653_45.54899608,1.5862538893186149,0.12109042804967618,0.7584621284292483,0.691808360925063,12594
C18_414.9887403_21.6116565,-0.5432088175624045,0.5902048997579808,0.9917792293164565,-0.597543633647292,12595
C18_415.1972432_28.68200625,-0.20801596000275022,0.8363436462334287,1,-0.10968852018518133,12596
C18_415.2163404_153.2673804,0.41487951846930543,0.680597271604406,0.9999159889500627,0.11881127906129615,12597
C18_415.2259057_153.3615572,-0.5564096004751435,0.5812406265925971,0.9913379189285378,-0.10445800258337916,12598
C18_415.2353862_176.9912292,1.265473899563572,0.21351836483789138,0.8700201576306809,0.4414966800081008,12599
C18_415.2708632_167.2033363,0.05088320118722608,0.9596890235434139,1,0.0196595306184183,12600
C18_415.3071425_244.6058841,0.6586247183588468,0.5141659186384091,0.9824083431236167,0.3240870571827825,12601
C18_415.3224972_220.5874634,-0.44105448144203513,0.6617094036433534,0.997070279228571,-0.126602986243933,12602
C18_416.1157529_31.60419734,0.3001992365643571,0.7656853036087492,1,0.1863250299854227,12603
C18_416.2085874_137.0461891,0.3583605700519262,0.7220857268579004,1,0.2542196855102812,12604
C18_416.2379048_178.475573,0.39159851634142223,0.6975743052601571,0.9999159889500627,0.09801283614145746,12605
C18_416.2841763_204.4724726,-0.03233367315962207,0.9743776700354141,1,-0.008183794986396683,12606
C18_416.292854_199.6269871,-0.10168185766124138,0.919551679281202,1,-0.026126968383376904,12607
C18_416.3105678_244.9065945,0.1452628647081355,0.8852823482254744,1,0.1598485608441171,12608
C18_416.3177518_168.2176446,-0.03232833311195374,0.9743819001619345,1,-0.01821545670628809,12609
C18_416.3257867_220.7117767,-0.8168986475674627,0.41915281994217957,0.9716822081080376,-0.2675174691503922,12610
C18_416.6673646_20.45432043,0.1172755233735332,0.9072684284384949,1,0.07348369135444718,12611
C18_416.842267_130.1543206,0.9164568765677187,0.3652914320435523,0.9637531830220828,0.28719222285510376,12612
C18_416.862787_78.05246778,1.0347492778804663,0.3074218281206056,0.9416254474117204,0.26658052367174656,12613
C18_416.9009095_60.76496134,3.7215228536492835,6.480666290230309e-4,0.07052604538411186,1.9289089516857119,12614
C18_416.9202542_71.76574292,0.4732346161713321,0.6387926873672207,0.9955023063019077,0.15121014437902502,12615
C18_416.9542417_31.94699008,-0.40930523626919296,0.6846472684916349,0.9999159889500627,-0.15841853587917018,12616
C18_417.0832687_17.40262457,1.3967741721381273,0.17070446210436727,0.8323231239234016,0.9631946952067988,12617
C18_417.1192139_32.50154039,0.6487785014420846,0.5204404134143568,0.9824083431236167,0.5028975409640135,12618
C18_417.1925655_135.3451397,0.5645278196826572,0.5757608795871552,0.9913379189285378,0.1695871503868131,12619
C18_417.2120627_149.797528,-0.3160495856294389,0.7537196588320481,1,-0.10479836017655669,12620
C18_417.2311509_174.3755091,1.6718841478941096,0.10288346484139649,0.7222851642405752,0.5180243897315019,12621
C18_417.2409881_159.8760949,-0.23162836466621514,0.8180876518220721,1,-0.15580723478544292,12622
C18_417.2505013_286.1811127,0.1364012280642022,0.8922347220966735,1,0.050882995990553084,12623
C18_417.2688351_175.5289731,-0.5378568867858978,0.59385802779463015,0.9921034274533279,-0.11164310459432561,12624
C18_417.2865913_197.123368,-1.0263681175060864,0.31130209190841296,0.9421850854569164,-0.3778432648723324,12625
C18_417.322902_271.3676403,-0.4035315585325251,0.6888521042503502,0.9999159889500627,-0.14778786842863792,12626
C18_417.3392698_270.9783038,0.2722048110487894,0.7869597219752513,1,0.15110034218235893,12627
C18_418.1960138_135.5938387,0.2873140739010618,0.7754556930895891,1,0.09284379427622753,12628
C18_418.2242951_126.9373491,1.0532341544142614,0.2989819731308568,0.9392638295536324,0.581195958205371,12629
C18_418.2535479_176.5085472,0.8513393155852411,0.39999195619498196,0.9669701703160376,0.17243738702408065,12630
C18_418.2718212_178.1762977,0.8216693046233414,0.41646563401735237,0.9712636476221591,0.3488043129448343,12631
C18_418.2903665_201.0397145,-0.18475106219380097,0.8544211718111085,1,-0.06466537961617076,12632
C18_418.294491_273.8675595,-0.5615865407952361,0.5777432905234816,0.9913379189285378,-0.18290823918593682,12633
C18_418.3080673_196.8038111,0.8947703026748155,0.376624794218245,0.9637531830220828,0.22581912246442845,12634
C18_418.3127583_290.5143853,0.12868079567678484,0.8982988200682659,1,0.09997497416850627,12635
C18_418.3263349_265.8755038,-0.3374649988504126,0.7376506124529996,1,-0.12323506041189387,12636
C18_418.6646848_20.41742095,-0.4249294822402571,0.6733196949975635,0.9996367449012522,-0.11635281114153115,12637
C18_418.8582357_114.6921826,-0.773586050100697,0.4440315604934155,0.9745894987688215,-0.36675019701694744,12638
C18_418.8787238_75.33225547,0.7475249673999538,0.45941498752430976,0.9755657681934743,0.38627204288331635,12639
C18_418.9332866_34.64353329,0.5094190897426858,0.613447306691004,0.9931667617408494,0.31422092195045104,12640
C18_418.9509627_31.69594881,-0.8148733151340699,0.42029683821811314,0.9716822081080376,-0.541328876715185,12641
C18_418.9748101_62.27203111,-0.3586137456198266,0.7218978554477994,1,-0.15518377434489242,12642
C18_419.0153524_205.0192027,0.030560151994325886,0.9757826078798673,1,0.022172331030793403,12643
C18_419.208312_132.3286851,0.07604214620656596,0.9397903505519276,1,0.03744557392211275,12644
C18_419.2277224_142.0768175,0.5622512812197172,0.5772949657217903,0.9913379189285378,0.2501956731695302,12645
C18_419.2476443_162.9652169,-1.1218777869476069,0.26905621782836925,0.9185780391297615,-0.32223080538723237,12646
C18_419.2571744_164.6391148,0.6552376303194879,0.5163197104587399,0.9824083431236167,0.3451783765577492,12647
C18_419.2982047_271.1178058,-0.8373255891728408,0.407721441700859,0.9676316311691489,-0.2985659048760908,12648
C18_419.3017073_195.7643885,-0.09790619012972607,0.9225289255634818,1,-0.026853398394338583,12649
C18_419.321597_236.9170239,-1.0351416949112806,0.30724096890369157,0.9414175050708642,-0.4377371202056213,12650
C18_419.3293067_270.7407035,-0.5916388006476726,0.5576473016340251,0.9878934493313638,-0.2221440802263896,12651
C18_419.9782454_62.05579775,-0.3151531776168439,0.7543947619914282,1,-0.10785887061891591,12652
C18_420.0108523_16.55620842,-0.8595311041830362,0.3955163851699338,0.9669701703160376,-0.3208137506881659,12653
C18_420.0243645_126.2724194,-1.4862966072831683,0.14557156568245455,0.7937970485495872,-1.0265024558976068,12654
C18_420.045182_99.26437371,1.9260222276643553,0.06171809345612696,0.6298711516618964,0.9645108134668969,12655
C18_420.2117869_135.3342807,-0.05736770797870498,0.9545572873034802,1,-0.027034717028937394,12656
C18_420.2509243_162.9660704,0.7012787445605554,0.48746414813189753,0.9781047779839798,0.21834930721811258,12657
C18_420.3053359_195.903977,-0.3839591383473636,0.7031801443236063,0.9999159889500627,-0.33770147920756427,12658
C18_420.329243_254.7004271,1.3784201540489898,0.17625306723272097,0.8369976416970194,0.5696504223750268,12659
C18_420.9334226_49.22399106,-1.0899459590897735,0.2827006801489998,0.9295944216943315,-0.30731732055727046,12660
C18_420.972963_62.34122904,0.3997569101327607,0.6916065209462972,0.9999159889500627,0.1444807061586408,12661
C18_420.9938507_113.9948033,0.07366260397038779,0.9416709033610184,1,0.025462675601070354,12662
C18_421.0965819_67.32316434,-0.07452427391470927,0.9409898857395853,1,-0.03797980300292527,12663
C18_421.1501181_29.89205851,0.39923955168972936,0.69198437715044,0.9999159889500627,0.45393123763050425,12664
C18_421.1565911_169.3132834,0.13889805457258034,0.8902749465177008,1,0.10027995416263538,12665
C18_421.2217371_135.3335124,0.3132556775632781,0.7558244517057198,1,0.10931272891668815,12666
C18_421.2308953_149.4870473,-1.8811299612562171,0.06774600697665543,0.6493544748295632,-0.5286133050477706,12667
C18_421.245234_286.0995918,1.8870739802110152,0.06691997468732966,0.6473600999617912,0.9410092785967227,12668
C18_421.2623616_180.6306546,-1.1466699621907226,0.25879166402145354,0.9097375345216011,-0.2984129337582017,12669
C18_421.2729845_167.4666325,-1.784348968325273,0.082470644068045,0.6948552844377854,-0.4795630054384832,12670
C18_421.2815268_202.1826936,1.8227350831510476,0.07633495449398903,0.6813762131253225,0.5914664351693613,12671
C18_421.2815842_288.3645444,1.6165532949372161,0.11436865262671166,0.7411741635034088,0.5236822213271027,12672
C18_421.2995611_193.6356053,-1.2621270715318822,0.21470679070877788,0.8713623565060451,-0.27949056417397766,12673
C18_422.1367464_149.2765934,-1.3564105218627047,0.18309007003781816,0.8460463584863603,-1.1390827218125605,12674
C18_422.1524542_25.20751597,-0.14986757429794093,0.881673324091204,1,-0.14596290268835677,12675
C18_422.1596359_169.4212216,0.0587199879335497,0.9534873538894126,1,0.058748907494042414,12676
C18_422.2171572_137.1527137,-1.023248876435586,0.31275476731551466,0.9421850854569164,-0.8951848535246782,12677
C18_422.2282072_132.2231301,0.1829781252029585,0.8558021949965897,1,0.06606324747849507,12678
C18_422.8918283_127.781895,0.5719370304445046,0.5707819652995905,0.9913379189285378,0.21613527009900826,12679
C18_422.9129943_28.21746425,-0.03965017975958687,0.9685826460704103,1,-0.030475551714335438,12680
C18_422.949381_36.58798688,-1.1873146947751012,0.24258008974943765,0.8976670355298628,-0.39476133409810366,12681
C18_423.0099234_154.6571113,-0.9043506089269084,0.3715905722309797,0.9637531830220828,-0.24563512432988427,12682
C18_423.0625563_22.00425247,-0.2374277967221763,0.8136190426637115,1,-0.1598218481851207,12683
C18_423.1204951_141.9108146,-1.0954455478828742,0.28031653051903066,0.929458145726883,-0.9487818541181073,12684
C18_423.1531746_169.4103127,-0.07521590562176225,0.9404432896566127,1,-0.08135303472717934,12685
C18_423.1545845_26.35241059,-0.34246006830907066,0.733919354748551,1,-0.3838259308978653,12686
C18_423.1705958_24.69303767,-0.20087526996701482,0.8418831014887853,1,-0.052077062441575346,12687
C18_423.1854729_84.49831111,0.01625047398652208,0.9871208360495634,1,0.020494733575974186,12688
C18_423.201744_82.95856875,0.010385780962924961,0.9917686246354537,1,0.007606018671201895,12689
C18_423.2289279_174.08936,-0.9906157362333838,0.3282308106476206,0.9506069103298993,-0.3041138025723066,12690
C18_423.2399381_125.5685972,-0.5650752196509804,0.5753923032700541,0.9913379189285378,-0.3226720693815911,12691
C18_423.2610408_152.6576888,-0.16145720257688861,0.8726012216665824,1,-0.0327607016222956,12692
C18_423.2786202_170.729105,0.5938119901055187,0.5562079134632398,0.9873518660876262,0.22280959725141186,12693
C18_424.0660756_22.40799465,-0.24049752414990652,0.8112562820775577,1,-0.19122014695394185,12694
C18_424.1799875_114.2965632,-0.81292392984167,0.42139975784067585,0.9716822081080376,-0.3610928584270052,12695
C18_424.1887389_83.20280855,0.03594418086374093,0.9715177791327791,1,0.0395840817861582,12696
C18_424.1984651_125.3019817,-0.9587463330440444,0.3438356045928955,0.9564212583657042,-0.8362230071567512,12697
C18_424.2324048_134.0811522,-0.0852131349806676,0.9325458796584825,1,-0.01965051908759915,12698
C18_424.2476111_174.476653,-2.201922354600178,0.0339053108278558,0.5027225142861993,-1.562662049200014,12699
C18_424.8290212_111.6963745,-1.5183860878317597,0.13731474372361316,0.7784967967874279,-0.5670362782357646,12700
C18_424.8500783_87.91292699,-0.24996028660305575,0.8039841613823432,1,-0.07057671115695027,12701
C18_424.8866961_111.2192689,-0.5411271278076804,0.5916245425865803,0.9919344024228657,-0.20163074988996632,12702
C18_424.9074765_75.85347728,-0.4663218718476726,0.6436863416559375,0.9955023063019077,-0.2359961846830239,12703
C18_424.9455631_20.27336531,0.4475589265095212,0.6570497336693661,0.9965858111391217,0.38500076003332534,12704
C18_425.017384_28.22527695,0.7929601284616873,0.4327961896055499,0.9742203846590763,0.34305768331068937,12705
C18_425.0539384_179.3250293,1.2388851297783703,0.2230968960231694,0.8799075082512211,0.20134022254914608,12706
C18_425.062947_22.31732031,-0.5875213239147702,0.5603796292028964,0.9897205143088817,-0.6272830408412042,12707
C18_425.1468757_31.96111114,-1.2657357324166443,0.2134255992530081,0.8700201576306809,-1.0510072307743643,12708
C18_425.1576644_22.42783975,-1.6255343685333807,0.11243597405552261,0.7386028370327659,-1.433739671443973,12709
C18_425.1786339_63.22869971,-0.4416896851147199,0.6612537498764807,0.9968021749030789,-0.41752646234827473,12710
C18_425.1913604_84.02814059,0.3269633134907551,0.7455161605413534,1,0.24523573733470203,12711
C18_425.1987588_92.70360997,0.2636772697997555,0.793474106284836,1,0.3512487979993982,12712
C18_425.2325887_158.0623611,-3.312173526348804,0.0020584331577454713,0.1288365932596867,-1.1002932105946688,12713
C18_425.2550728_158.8063726,-0.2130108615935561,0.8324738012443156,1,-0.09503167863814974,12714
C18_425.291669_89.10307949,0.3023341067488436,0.7640701930908308,1,0.22678362898322543,12715
C18_425.9975449_128.9138326,-0.3141222628138952,0.7551714064127122,1,-0.20327919784631415,12716
C18_426.124022_24.75942285,1.200403539073333,0.23752094019460698,0.8932665963443939,1.541645369114226,12717
C18_426.1843253_83.05088306,-0.38040655518493516,0.7057928133951982,0.9999159889500627,-0.2369609410553876,12718
C18_426.2042995_92.42985118,-0.16587779409431602,0.8691453995548413,1,-0.15650082984052985,12719
C18_426.2355859_153.6559482,-1.362276233992111,0.18124827455502604,0.8444277560081432,-1.0434741551132922,12720
C18_426.2643741_118.8225734,1.0879715293501075,0.2835601022654978,0.9295944216943315,0.5736389985669237,12721
C18_426.3017812_162.5050898,1.7212730352037644,0.09345384499058373,0.7116625810964956,1.4597232432116616,12722
C18_426.8446922_95.93371941,0.17134268989109339,0.8648767863312131,1,0.061182562018584526,12723
C18_426.8659472_77.26602899,0.01741566090674542,0.9861974704996725,1,0.013932305496680083,12724
C18_426.8774705_181.6751463,-0.9394334613140142,0.35352824009896067,0.9588670540445742,-0.13542620299200095,12725
C18_426.8996662_27.80925985,-0.847737977420028,0.40196952932607033,0.9669701703160376,-0.5444231817388013,12726
C18_426.9615585_45.63901977,0.8376802563569331,0.40752468380911266,0.9676316311691489,0.324741174637883,12727
C18_426.9835118_45.5872384,-0.11873250746662414,0.9061218807917872,1,-0.04904730368809738,12728
C18_427.000403_129.0438753,-0.8746212624422773,0.38735470954566686,0.9661464710102153,-0.2553732749546318,12729
C18_427.0199321_47.25882031,0.8981126384424761,0.3748635247494613,0.9637531830220828,0.36001764241310147,12730
C18_427.0509916_178.9885753,0.448122770381436,0.6566464550876066,0.9965858111391217,0.13146245971837986,12731
C18_427.1151763_22.40476329,-0.8201272794406183,0.4173330575428855,0.9713818483750211,-0.6679145419003505,12732
C18_427.172334_23.73061613,-2.122828779601535,0.04043965584696927,0.5347244144365793,-2.5712172879462987,12733
C18_427.1900862_27.59097804,0.40784955510885335,0.6857064555749752,0.9999159889500627,0.21136775362117388,12734
C18_427.2076138_114.2606705,0.5584576270631105,0.5798558291228783,0.9913379189285378,0.37225633344235753,12735
C18_427.217033_52.47410962,-0.04304587545899303,0.9658936593210662,1,-0.05225046151602894,12736
C18_427.2657201_181.4978999,1.1888824544259997,0.24196998877319215,0.8965589582842357,0.31380796559461616,12737
C18_427.2860516_149.2276013,-1.1288591934461631,0.2661367525788742,0.9156829572961265,-0.9428261414516682,12738
C18_427.986673_45.4188614,0.688940831284595,0.49510687473452397,0.9781047779839798,0.23929692464881266,12739
C18_428.0227365_49.29993395,-0.2924169635876784,0.7715818176390412,1,-0.0908721835547168,12740
C18_428.1185918_22.27051543,-0.19832824679331834,0.8438609654812915,1,-0.19330257077239663,12741
C18_428.185011_169.3757076,-0.08277878509540584,0.9344683132610988,1,-0.040605848963491266,12742
C18_428.2299772_171.9318722,0.3771542222868853,0.7081878391620184,0.9999159889500627,0.11231650639553163,12743
C18_428.2689551_184.1615142,-0.6580475583845466,0.5145325809527193,0.9824083431236167,-0.19450415377553693,12744
C18_428.3176179_172.1950848,1.5596413646899556,0.1272563538806806,0.766898100861933,1.001291441497342,12745
C18_428.8743535_181.2135862,0.43404596012271773,0.6667454846419953,0.9980954332927549,0.05604459046219754,12746
C18_428.9202077_69.7113636,0.8926109665998445,0.3777654926855897,0.9637531830220828,0.2776307209795583,12747
C18_428.9414892_51.87335886,0.2694781731754945,0.7890410014480821,1,0.11892607266869216,12748
C18_428.9776818_44.69087227,-0.21535781171184268,0.8306569319955771,1,-0.07944820133618107,12749
C18_428.9924813_23.96462435,-0.11985026163580406,0.9052424219285903,1,-0.0698270156184151,12750
C18_429.1122941_22.29442279,-0.4798395327057487,0.6341321852752109,0.9947980550876518,-0.5092608078006761,12751
C18_429.1934395_28.07761621,-1.2748644279743024,0.2102102572075222,0.8683661493536527,-1.3062879138650914,12752
C18_429.2138947_162.0346598,0.47008853001095596,0.6410178459678345,0.9955023063019077,0.07961293026354778,12753
C18_429.2324522_166.7004671,0.4643583953297205,0.6450792707549868,0.9962085044382889,0.16600947226344454,12754
C18_429.2666861_182.8410062,-0.09096931012042965,0.9280018122993089,1,-0.02096857582688701,12755
C18_429.2864891_189.8600329,-0.45692182148555793,0.6503666471239372,0.9965858111391217,-0.10201103530310411,12756
C18_429.301614_163.4627613,-0.5113819391024498,0.6120857052301869,0.9928201179984223,-0.12044824681800602,12757
C18_429.96961_116.2196284,-1.2936489802117146,0.20370887214147515,0.8647457759331585,-0.5710875894504909,12758
C18_429.969748_282.3775973,-0.6554528159174707,0.5161827329463587,0.9824083431236167,-0.17246719733508106,12759
C18_429.9811899_62.32599425,0.5197188845297664,0.6063180484527695,0.9928201179984223,0.1971992023197677,12760
C18_430.2641548_183.3243854,-0.0036662864273059085,0.997094193735647,1,-0.001127462895752133,12761
C18_430.3026541_150.9076869,-0.34582029257219465,0.7314129741577556,1,-0.08208126945915757,12762
C18_430.8713576_181.3862843,-0.024390951175516404,0.9806702698597252,1,-0.0032076559069168795,12763
C18_430.8784335_72.66260373,1.4725087714875382,0.14923865503008452,0.8015518873581633,0.36852983372846077,12764
C18_430.9360357_68.38549463,0.6913159625990574,0.49363043917032734,0.9781047779839798,0.20745560163812624,12765
C18_430.9696548_33.46022685,-0.4532112100536012,0.6530117643883556,0.9965858111391217,-0.1178473856283866,12766
C18_430.9732502_128.1387109,-1.3334247889008988,0.19044670196027144,0.8507713974810356,-0.2955600054698582,12767
C18_431.0993016_25.11255889,-1.7609833249521505,0.086405342957466,0.6962067550962847,-1.9138416994466902,12768
C18_431.1774717_22.30054477,-1.9538483191259677,0.058218350749828306,0.6175626538013523,-1.3683950520127497,12769
C18_431.1847786_169.3945804,-0.33834261232344315,0.7369945766130446,1,-0.22823954717369066,12770
C18_431.2081707_135.4462416,0.7540525623374096,0.4555329497332997,0.9753792522951469,0.24020758161811742,12771
C18_431.2202983_166.3521676,0.2611037897968309,0.7954430192109758,1,0.23613616189473366,12772
C18_431.2295828_158.5180299,-2.958213199064289,0.005336047211626604,0.22118549259803155,-0.49950350359424533,12773
C18_431.2658026_146.8265503,0.23546143878563358,0.8151334721616434,1,0.11781771912632788,12774
C18_431.2839413_176.2018949,1.0281930750141832,0.31045433308665416,0.9421850854569164,0.18120593654095546,12775
C18_431.3021164_272.4286167,-0.7978467387799605,0.4299896136361684,0.9742203846590763,-0.22836412583069624,12776
C18_431.3031573_181.2495663,-0.4797515255870608,0.6341941855002149,0.9947980550876518,-0.1635791430816555,12777
C18_431.317777_157.5650217,0.7770649383977807,0.44200141700683104,0.9745894987688215,0.298549444100722,12778
C18_431.3256147_270.937478,-0.3345510568554664,0.7398302738482245,1,-0.12285890613906095,12779
C18_431.3378974_291.7421558,-0.8570455074174234,0.39687104898057035,0.9669701703160376,-0.7735082057188455,12780
C18_432.0149237_27.01028863,1.6780673537802373,0.10166140244450658,0.7218067398804172,1.5405640400874625,12781
C18_432.0895691_31.83020916,-0.05706961809565355,0.9547931496485953,1,-0.048688758767232485,12782
C18_432.1883262_164.1803728,1.2176560992328815,0.230971479525778,0.8875782173548652,1.2283823649319827,12783
C18_432.203624_27.14063828,-0.6290957023599687,0.5331052965591248,0.9833164118236528,-0.6276375323013412,12784
C18_432.2126846_149.28919,-0.3655482592509085,0.7167588533253559,1,-0.44669986634258924,12785
C18_432.3198094_152.6420705,0.2883189600814969,0.7746923670516386,1,0.09859105662479452,12786
C18_432.328775_271.0508484,-0.88719966646685,0.38063380262607605,0.9638726330536317,-0.25535402288328524,12787
C18_432.8161854_125.2737133,0.2829531092249953,0.7787709518098187,1,0.10578957490572413,12788
C18_432.8368911_84.34485409,1.361434606281904,0.18151165766912136,0.8448097971996803,0.8700911114818627,12789
C18_432.8704328_159.2491756,0.9222110462808467,0.36232188196359116,0.9626377077030303,0.3253557795511137,12790
C18_432.8941559_72.23774979,0.2581532861227235,0.79770205284965,1,0.07102210464923361,12791
C18_432.9328357_62.03507799,-0.7892080543179238,0.4349586246491707,0.9745124110909839,-0.6044190005758251,12792
C18_432.9489991_39.5110197,1.4716245502632512,0.149476308505493,0.8019349557758078,0.568179011094139,12793
C18_432.9667504_32.54272739,-1.88029814870095,0.0678622959884127,0.6496083797137918,-1.1729429164162863,12794
C18_433.0031882_18.13189878,-0.24281263887721227,0.8094755259859192,1,-0.20144242276673863,12795
C18_433.0172548_27.57992563,2.435659214179303,0.01973910005926086,0.4041845899822696,1.3112858529425704,12796
C18_433.132868_107.8200878,-0.07164853169166684,0.9432628900481266,1,-0.02037609119474295,12797
C18_433.1879379_39.68390231,0.36301434506477365,0.7186351447439601,1,0.17744408868606015,12798
C18_433.1903055_168.6690228,1.2896715726223138,0.20507260549300876,0.8654972584231475,1.0193556607066823,12799
C18_433.2072659_156.7705621,0.043427551528083405,0.9655914419491398,1,0.07440476050154259,12800
C18_433.2239368_139.1185429,-0.032611095117159296,0.9741579108629022,1,-0.015453921637130837,12801
C18_433.2363681_149.4968944,-0.10218365298592744,0.9191560834349132,1,-0.04953567349754628,12802
C18_433.2459463_179.887706,0.3979717943569076,0.692910629389527,0.9999159889500627,0.11521099378577082,12803
C18_433.2816898_280.7547081,0.7501547714404583,0.457848697582795,0.9755657681934743,0.19734822426772236,12804
C18_433.317085_129.598682,-0.38904612649022235,0.6994453793525524,0.9999159889500627,-0.25957983054656864,12805
C18_433.3176399_273.7568608,-1.5822226395630836,0.12200851186930563,0.7606165561376157,-0.5007901794177664,12806
C18_433.3330435_166.4700369,1.508993349106883,0.1396917327199992,0.7840504183748437,1.2593427683216032,12807
C18_433.980921_284.2504181,-0.7148034568797151,0.47916293304578106,0.9781047779839798,-0.17812004653962063,12808
C18_434.0105718_27.25707526,2.0831887236137367,0.04411467872789198,0.5509677663408914,1.618751016161765,12809
C18_434.182542_135.4937921,1.1404887201129073,0.26132405172268103,0.9127169525485369,0.34827217115812564,12810
C18_434.2271605_136.9793991,0.040062443848072504,0.9682561615317877,1,0.02015637904727964,12811
C18_434.2466056_174.0899925,0.8009805601195313,0.4281955354844702,0.9742203846590763,0.22589771369860193,12812
C18_434.266558_180.3752241,-0.7515298720549546,0.4570309417088462,0.9755657681934743,-0.17644787990557315,12813
C18_434.2847726_286.3815501,-0.29741641549633824,0.7677922047952527,1,-0.11866017276029608,12814
C18_434.3029583_198.5440686,-0.2794006230048213,0.7814746976320848,1,-0.06482101680828102,12815
C18_434.320857_195.9021568,-0.2817563160429175,0.779681504512356,1,-0.1941976046194665,12816
C18_434.8318309_114.834298,-0.9906210364428731,0.32822825577273573,0.9506069103298993,-0.3198657708220773,12817
C18_434.9490528_46.44779283,-0.8253786844411576,0.41438356357138373,0.9702967640516138,-0.25520003887567666,12818
C18_434.9735373_26.5012841,-0.7922028309338889,0.43323212115565035,0.9742203846590763,-0.44333097538176996,12819
C18_435.0105038_249.9572774,-1.3339497612108655,0.19027619228303452,0.8507713974810356,-0.700827272824064,12820
C18_435.0827743_184.2169944,0.6006186342757927,0.551711844861493,0.9858134543858914,0.13336668339050387,12821
C18_435.1468107_39.32231864,-0.1266339403558806,0.8999075973077848,1,-0.0638678252157194,12822
C18_435.1644083_26.55841578,-0.26575650226237485,0.7918843303432983,1,-0.26154281125489787,12823
C18_435.2219856_23.12755983,-0.42778378467084194,0.6712585329512932,0.9996367449012522,-0.2896815241170785,12824
C18_435.2364916_139.0611746,0.3098053108426584,0.7584263910509517,1,0.11622770924427221,12825
C18_435.2518823_160.7291258,0.9857855334246907,0.3305647063548399,0.9506069103298993,0.5320066459877987,12826
C18_435.2609091_177.2521052,0.4199792764883326,0.6769004126513607,0.9996367449012522,0.09527062276073948,12827
C18_435.2788759_177.224418,0.9840420633753302,0.3314098680474413,0.9506069103298993,0.23450278196982732,12828
C18_435.3131505_170.3177651,-1.6038756667028342,0.11714302450920236,0.7487050101869687,-0.6487261354561243,12829
C18_435.3491213_292.05154,0.03814066938017914,0.9697781198293478,1,0.02047399717505605,12830
C18_436.0196199_44.90294468,0.4825329881341815,0.6322359639702753,0.9947980550876518,0.1857661744218453,12831
C18_436.082744_180.2907023,0.4310840464738133,0.6688785369372136,0.9990662606386967,0.058434519798235836,12832
C18_436.1678366_26.86075656,-0.5237059395750506,0.6035686950314729,0.9928201179984223,-0.5532485840773163,12833
C18_436.1983999_136.8028085,0.019935764827939035,0.984200453156103,1,0.009527815404069322,12834
C18_436.2068321_36.14580518,-0.6059247699190777,0.5482198553156168,0.9857989553982086,-0.31963584435117715,12835
C18_436.2257717_23.70133661,0.46171347033476656,0.6469576825400655,0.9965858111391217,0.36787616927454386,12836
C18_436.2427949_125.5396719,0.4777300595563716,0.6356190247778203,0.9953585489094753,0.22705345386925652,12837
C18_436.2835071_204.9303455,-3.941143864544851,3.4178817882983445e-4,0.06119150011595427,-1.1787094434181415,12838
C18_436.8815015_27.37551054,-0.6804973560712804,0.5003753492026887,0.9781047779839798,-0.5082286906320916,12839
C18_436.907554_135.9473068,0.6142796567398011,0.5427445931217685,0.9844101439284977,0.18161926037056073,12840
C18_436.9286308_37.79481751,0.1744549404539606,0.8624476406080143,1,0.061935078285899885,12841
C18_436.9649017_39.19398379,-1.828858026526482,0.07539297158318764,0.678296612054887,-0.49622123685622077,12842
C18_436.971223_166.5827118,0.013376077403425907,0.9893987581939567,1,0.0028099049405122204,12843
C18_437.0794997_180.8052164,0.9433975114691379,0.35152425855058833,0.9578247927857968,0.26708546221627744,12844
C18_437.1227713_26.39617959,-0.2036779886254323,0.8397078793931161,1,-0.22064932251347635,12845
C18_437.1437883_24.63332263,-0.6238554710450542,0.5365042634991171,0.9833164118236528,-0.5088846173815258,12846
C18_437.1640256_48.79395725,-1.8467446366133051,0.0726975720609347,0.6686644362279182,-1.3219631285809292,12847
C18_437.2021096_137.0471723,-0.19163952615852017,0.8490598685640542,1,-0.08529228651309406,12848
C18_437.2189131_30.05118182,0.08025703594333639,0.9364601862865976,1,0.03746111290105552,12849
C18_437.2200684_125.6158683,1.796445521898571,0.08049369097858804,0.6939617698381066,1.5978734871766995,12850
C18_437.2390243_25.03416116,-0.7011678885443774,0.48753252174110007,0.9781047779839798,-0.7146402078889813,12851
C18_437.2401017_182.8227693,-0.5891565686870601,0.5592936850648746,0.9891348092350075,-0.12789089537949053,12852
C18_437.247022_126.3360423,0.043418015771769757,0.965598992454948,1,0.02955737974009906,12853
C18_437.2575915_156.1926321,1.7501828272834574,0.08827675055261414,0.6987283714390797,0.5698820921319606,12854
C18_437.2676412_162.7538344,-1.2993049482404506,0.20178145290272279,0.8642275422851076,-0.608390231815605,12855
C18_437.2921654_121.5891603,0.8277215812583076,0.41307180488895123,0.9702967640516138,0.9782054081951385,12856
C18_437.2927211_215.3192145,-1.1996260618217873,0.237819271048512,0.8932665963443939,-0.4808008011445286,12857
C18_438.0156209_22.00779773,-0.1385311287889335,0.8905629055688388,1,-0.10308172724134529,12858
C18_438.1473877_25.79544313,-0.16607297997620638,0.8689928713156837,1,-0.11679459659115352,12859
C18_438.2047731_141.9089271,-0.8532433687192444,0.3989488629145298,0.9669701703160376,-0.6045439359275753,12860
C18_438.2148201_125.5189457,0.34769724167837557,0.7300142589053756,1,0.25087560023706934,12861
C18_438.2222127_30.20221263,0.2857193218074654,0.7766675530255813,1,0.1437806965252344,12862
C18_438.2411525_27.01151821,-0.6784060223177513,0.5016850435572611,0.9781047779839798,-0.7883630676153139,12863
C18_438.2711892_160.7848911,-0.5037324240858502,0.6173998951121187,0.9941935580372473,-0.2566450134186971,12864
C18_438.2847096_265.668254,-2.470757921449919,0.018153558296529475,0.3890755809529032,-0.9273841379860065,12865
C18_438.2961755_125.3588584,-0.47946199745463586,0.6343981743178283,0.9947980550876518,-0.34763264089920737,12866
C18_438.2974833_200.7105655,-0.2784745370638717,0.7821799815750367,1,-0.06091377888628436,12867
C18_438.865772_126.857605,1.0016331746343683,0.32294902090623057,0.9506069103298993,0.46704403928471044,12868
C18_438.8867478_70.80379447,0.7952188914073619,0.43149752275624287,0.9742203846590763,0.5987806077043015,12869
C18_438.9231737_58.12849547,0.7390474792015096,0.46448531381463554,0.977038339924947,0.1763800000234133,12870
C18_438.9443087_31.92938585,0.003530775246677067,0.9972015960167151,1,0.0030146826577762795,12871
C18_439.172374_150.3594199,-1.8372133631727863,0.07412348725583741,0.6742790878918389,-1.2780841214710752,12872
C18_439.1803849_26.40116734,-0.0719112101070791,0.9430552471720393,1,-0.04902293903057326,12873
C18_439.2254578_31.21207744,1.0282537880858817,0.3104261569436011,0.9421850854569164,0.5745445770128765,12874
C18_439.2729619_156.9001457,-1.7316097360037364,0.09157437767381091,0.7069023523638046,-0.837271241174785,12875
C18_439.2874879_261.3827056,-0.07788902781892948,0.9383309997545817,1,-0.029147937964523668,12876
C18_439.3437022_176.6250441,1.9945285225842004,0.053411140895131305,0.5975662088588002,1.4192023808834366,12877
C18_440.0273134_126.4406688,-0.2768992263869895,0.7833801267450936,1,-0.17398598179722022,12878
C18_440.2818175_271.1278932,-1.472931655344201,0.14912510199867307,0.8014900281899261,-0.4523828266654226,12879
C18_440.2900085_277.3741076,-2.9286287382776655,0.005765253858007851,0.22643034527325834,-0.6160124526484634,12880
C18_440.8238901_83.81162137,0.7372404260783786,0.4655702745180238,0.977038339924947,0.21686306367820476,12881
C18_440.8609176_106.2686093,0.11944748300050391,0.9055593178438652,1,0.04949837356961085,12882
C18_440.8813742_78.23304628,0.23585791671568582,0.8148280587799639,1,0.07718379180083978,12883
C18_440.9153532_28.26807075,-0.12553711593486275,0.9007698505086639,1,-0.05280637147539714,12884
C18_440.9993055_46.9884078,-0.12712123434184144,0.8995245573136139,1,-0.04234377127084146,12885
C18_441.1204229_136.7504052,1.4340820901577047,0.15984649889987193,0.8202170201757762,0.4443928626400548,12886
C18_441.1311511_153.7493422,-1.1992049736627346,0.2379809644222657,0.893415591415297,-0.9266487080705323,12887
C18_441.1599356_23.11918594,0.17260781620512713,0.8638891796862442,1,0.19992463006371197,12888
C18_441.1970988_24.89579338,0.7628452454489418,0.4503343200104659,0.9745894987688215,0.46619154296189375,12889
C18_441.2453052_176.2461439,0.6892195474536654,0.49493349139775056,0.9781047779839798,0.19061181237021954,12890
C18_441.2542894_150.1364733,0.1706411010501687,0.865424568559803,1,0.08052876249809054,12891
C18_441.2638452_246.9341135,-0.20505818823001082,0.8386371574482618,1,-0.08709300942707268,12892
C18_441.2847195_277.7633779,0.9433445516513562,0.35155098236114213,0.9578247927857968,0.2388659999689339,12893
C18_441.9870764_23.13054087,-0.5241346031184937,0.6032734489589637,0.9928201179984223,-0.37931566999646993,12894
C18_442.0026601_47.05988532,-0.4866892830093344,0.6293148226965224,0.9947980550876518,-0.17752986333273446,12895
C18_442.209251_170.2417187,-0.4550262021663105,0.6517173736109227,0.9965858111391217,-0.15724966963188128,12896
C18_442.2482173_178.5671227,-2.0060059635012757,0.05211879318741204,0.5944356817255592,-0.4554114519966092,12897
C18_442.266167_271.0249083,-0.5730403020570517,0.5700424065626382,0.9913379189285378,-0.26420446396606195,12898
C18_442.3179541_270.6396363,-0.7816996645423553,0.4393053762934772,0.9745124110909839,-0.26122777001585257,12899
C18_442.6778856_20.97873151,-1.2753574027784123,0.21003766337184088,0.8683661493536527,-1.3024140528070063,12900
C18_442.83997_77.68449687,-0.8476776623898769,0.40200270150172923,0.9669701703160376,-0.5753416873151728,12901
C18_442.9359097_67.51051709,0.7041228038254984,0.48571183638088333,0.9781047779839798,0.2757064528422452,12902
C18_442.9575624_52.72068285,2.384423971888362,0.02227991366946874,0.4244273204202801,0.8389616428890764,12903
C18_442.9738142_175.8093349,0.3557156206869278,0.7240494783383931,1,0.12757491944790347,12904
C18_442.9934309_54.5981184,1.3552444181333165,0.18345793276803948,0.8460463584863603,0.4990178244696262,12905
C18_443.0034298_46.83095523,-0.044082540956936554,0.9650728225864132,1,-0.012004177585720607,12906
C18_443.2062582_127.1263897,0.6162314687036208,0.5414695960279167,0.9844101439284977,0.5200146687930449,12907
C18_443.2420132_175.0512111,1.2740149221733348,0.2105079255060057,0.8683661493536527,0.31843657165696654,12908
C18_443.2605935_266.8091532,-0.9509534707245243,0.34772520614333235,0.9574386235069654,-0.2540450804955641,12909
C18_443.3021569_152.5389008,0.00577541568484051,0.9954225666154561,1,0.003381882289663511,12910
C18_443.317395_210.2598782,0.9726080961244463,0.33698857805627436,0.9540620942988052,0.6080336439704558,12911
C18_443.3209035_270.4957539,-0.2323637413574421,0.8175206815123948,1,-0.09006268895340762,12912
C18_443.9607374_52.66605604,1.2322268295268632,0.2255448921096632,0.8812012571606089,0.5568431428936277,12913
C18_443.983847_22.69785125,-0.4812726095968897,0.6331229716918985,0.9947980550876518,-0.40028263413864384,12914
C18_443.9968573_61.04268905,0.21961282876759727,0.8273653580908085,1,0.09502496157545065,12915
C18_444.0428681_127.1086903,-1.5426849182491806,0.13131592910542786,0.7697661366590566,-0.38900061825100846,12916
C18_444.2449701_166.2581944,-0.498724480142744,0.6208903081519068,0.9947980550876518,-0.26550577300794176,12917
C18_444.2634164_194.4017305,-0.5114346873797072,0.6120491336796001,0.9928201179984223,-0.22719049329927718,12918
C18_444.3157267_286.9675667,0.2895301731045669,0.7737726133001659,1,0.10716740843017591,12919
C18_444.675018_21.07066826,-0.2923260467112484,0.7716507859926209,1,-0.3386673747208834,12920
C18_444.894421_64.5931105,1.9351868284248341,0.06054593670847495,0.62680833464336,0.4893866037592223,12921
C18_444.9152227_65.35628476,0.8994244007006634,0.3741737311846832,0.9637531830220828,0.3225959054580532,12922
C18_444.9519247_64.4738295,-0.1784666909283318,0.8593184241866028,1,-0.07106634413180786,12923
C18_444.9856701_33.89747658,-1.9164633057945075,0.06296145169181255,0.6328371120143156,-0.7626706015821012,12924
C18_445.1913915_23.83644123,-1.4159323411953706,0.16505895391320688,0.8268032245239461,-1.7042103095697576,12925
C18_445.2004776_169.3749053,-0.1269317705281972,0.8996734834501575,1,-0.0884583021352358,12926
C18_445.2816497_136.7997082,0.91808902150228755,0.36444752989528106,0.9637531830220828,0.6260533855341482,12927
C18_445.296582_110.4436566,-1.583890641745963,0.12162795383376726,0.7600537608307414,-0.8889397657524015,12928
C18_445.317694_271.9930784,-0.3514000226218997,0.7272576638513117,1,-0.12989604394228388,12929
C18_445.3332014_227.7711804,1.6246922983084187,0.11261603759717966,0.7386028370327659,0.4836350571216561,12930
C18_446.2034708_168.3828698,-0.36814932647755744,0.7148346855252421,1,-0.3771535979185001,12931
C18_446.2378913_136.3009414,0.21825237764019764,0.8284174287246115,1,0.18813150947538598,12932
C18_446.2912183_91.94530103,1.198777397039423,0.23814523192414155,0.893755755740149,0.8139270315913177,12933
C18_446.3213223_274.7134414,-0.17564337556765247,0.8615204095641497,1,-0.14369833233035084,12934
C18_446.3365465_226.7995584,0.7824320241111473,0.43888026011168935,0.9745124110909839,0.5305841563338428,12935
C18_446.6719652_20.93078624,-1.6841749519302571,0.10046611182698365,0.718134185467518,-1.3590581639450454,12936
C18_446.8528257_85.38864161,0.3284686338139342,0.7443869873243606,1,0.09979928138841547,12937
C18_446.910294_63.9629075,0.20532834758463245,0.8384276113469558,1,0.05668832240547348,12938
C18_446.9481582_57.75696243,0.6768969096089095,0.5026312945866842,0.9781047779839798,0.3427500834750562,12939
C18_446.9648671_38.82337977,-0.39555781068945245,0.6946756608892,0.9999159889500627,-0.3034553252033956,12940
C18_447.134841_297.0885658,-0.7234921643885742,0.4738725981358459,0.9781047779839798,-0.6605376703372415,12941
C18_447.1348644_119.0417665,0.368916525360151,0.7142675010897327,1,0.2533214584193658,12942
C18_447.2041635_145.6871825,1.104677319977375,0.27634644562537203,0.9227236778686373,0.9255457916813322,12943
C18_447.2246239_163.0375128,-0.41520032707222715,0.6803644779488733,0.9999159889500627,-0.1180625147398885,12944
C18_447.2420438_154.1754827,0.5403126204255616,0.5921804533092139,0.9919344024228657,0.18501347843580282,12945
C18_447.2789941_182.2137704,-0.9510730393281177,0.34766530750863245,0.9574386235069654,-0.21329926246468262,12946
C18_447.2969686_137.2767322,0.9988083679990017,0.32429771416951525,0.9506069103298993,0.4967493567681693,12947
C18_447.3123155_132.5260202,0.250064415705504,0.8039042351147533,1,0.1958775164798019,12948
C18_447.9765462_123.1275342,-0.30947533240423075,0.7586753792494876,1,-0.07427765202308398,12949
C18_447.9765558_283.58906,-2.1328190169224777,0.0395571585247066,0.5337297233059277,-0.6623456688442058,12950
C18_448.009897_23.7124701,1.0263189530342605,0.3113249525394481,0.9421850854569164,1.147318305320498,12951
C18_448.1749244_169.4154245,0.1271919185589621,0.899468997633943,1,0.09360859122825797,12952
C18_448.2431147_141.3152899,-0.2147714956292103,0.8311107352134864,1,-0.17905414126890862,12953
C18_448.2926014_246.9769872,-0.7971642512192381,0.43038093170356795,0.9742203846590763,-0.4290093601175939,12954
C18_448.307458_98.86774155,2.1052755087855965,0.04203235746059981,0.5390014802778794,1.3060154448165788,12955
C18_448.3253547_100.3709222,0.29059821589870755,0.7729618521728672,1,0.13117367303308738,12956
C18_448.3410525_286.7358582,0.22087054576676615,0.8263930209411373,1,0.19406501113571342,12957
C18_448.7902699_116.8211046,0.5021457222096501,0.6185048196005972,0.9946352989347117,0.20835387766317232,12958
C18_448.8477092_124.3701305,-0.43789933352202587,0.6639746310561341,0.9978767801948073,-0.1655473200958775,12959
C18_448.8684921_80.32250875,2.2667494758018796,0.029268255732983074,0.48003947342509096,1.6926643331004505,12960
C18_448.9811517_17.78900397,-0.3514900821262051,0.727190663155137,1,-0.13393438025425106,12961
C18_449.0132936_24.12587348,0.7003373628601832,0.48804494344417526,0.9781047779839798,0.6580961770289787,12962
C18_449.0984325_181.764907,-0.896885884929245,0.37550935576837785,0.9637531830220828,-0.1919018454762391,12963
C18_449.1135636_18.47649581,0.583309177053439,0.563181745493396,0.9905491739477441,0.843576600413627,12964
C18_449.1503881_114.810257,-0.79216781975363,0.4332522814179204,0.9742203846590763,-0.7361938805338706,12965
C18_449.1746176_174.0478083,0.342941634657714,0.7335599740279553,1,0.2877293830135421,12966
C18_449.201075_149.4568511,-0.3388456522606504,0.7366186327853639,1,-0.30891129182863863,12967
C18_449.2189318_37.35099829,-0.36737257181915295,0.7154091014544701,1,-0.17845491570753577,12968
C18_449.2551152_126.9638519,-0.2903578661168523,0.7731442814639691,1,-0.13378498819768977,12969
C18_449.2951397_282.8317942,-0.9973294762680698,0.32500532523714676,0.9506069103298993,-0.24944464049886297,12970
C18_449.3108284_105.7862689,2.044676779006789,0.04796275783845763,0.5731315440402767,1.304856971370786,12971
C18_449.972289_291.5496948,0.3989542903651281,0.6921927538050944,0.9999159889500627,0.10360484365064698,12972
C18_449.9723922_121.0166882,0.7032970261239146,0.486220257581206,0.9781047779839798,0.2128002223671672,12973
C18_449.9724935_12.5904814,1.3325640968467825,0.19072650580284778,0.8507713974810356,0.5830577112016844,12974
C18_450.0057925_24.08146552,0.9479707569686567,0.3492216246984049,0.9574386235069654,0.44754443246591363,12975
C18_450.044007_178.8592004,-0.5882158210922684,0.5599182930986979,0.9892660081587077,-0.20347017931436906,12976
C18_450.0558642_126.1845845,0.065584516816947,0.9480574773361734,1,0.05801751297412085,12977
C18_450.0985549_180.0404437,0.26704562341445054,0.7908991230816413,1,0.0896128978907248,12978
C18_450.1167926_17.94233538,0.7904122850624526,0.43426388341323074,0.9744730193432161,0.5032000614120076,12979
C18_450.1552697_134.9574789,-1.1176137882283494,0.2708505383698171,0.919604667683454,-0.5560070549556286,12980
C18_450.2045119_148.9635774,-1.6956400195651755,0.09825380723404234,0.718134185467518,-1.2750490953477367,12981
C18_450.2225049_37.55867553,-0.3379389883917509,0.7372962698613648,1,-0.2073738431209944,12982
C18_450.2481044_287.3527328,-0.7749276876762754,0.44324797770657576,0.9745894987688215,-0.3731448247134261,12983
C18_450.2579811_127.0233834,-0.2382994003155971,0.8129479913574943,1,-0.11460816046656655,12984
C18_450.2623212_179.6524794,-2.4711225875507457,0.018137711662263637,0.3890755809529032,-0.7524503461450991,12985
C18_450.2891565_287.4174976,1.4230398227331333,0.16300209733505527,0.8247223668707628,0.5658984466726924,12986
C18_450.2983505_288.5041843,0.4366800161251537,0.6648508937781411,0.9978767801948073,0.14421228669633723,12987
C18_450.3137916_104.2303616,2.57295437752539,0.014175275244618327,0.3416577542585483,1.963355538258855,12988
C18_450.8056937_96.89281703,-0.46282519096426195,0.6461678583409985,0.9965858111391217,-0.11539142216739895,12989
C18_450.8610528_26.95953417,-1.1933947585179392,0.24022027539698806,0.8961162212635817,-0.6842355573725951,12990
C18_450.9231_71.82808249,-1.578699075199559,0.12281560357025731,0.7614179684643814,-1.0498786607717905,12991
C18_450.9443231_39.68332145,-0.4674160632422328,0.6429106649951288,0.9955023063019077,-0.2088876446551337,12992
C18_450.9539158_19.7841531,-1.047714319684184,0.3014852149289505,0.9396681966123791,-0.8306612574903889,12993
C18_450.9806996_41.20225117,-0.25038863296952796,0.8036553896691612,1,-0.09001360233185168,12994
C18_451.1425635_28.8502704,0.6710635696825684,0.5062981571421915,0.9781047779839798,0.6142134393958327,12995
C18_451.1615507_44.64897125,-0.3755850520945501,0.7093444565131566,0.999964854966912,-0.22734873320596696,12996
C18_451.2017447_35.30932003,-0.30006590427213686,0.7657862098172367,1,-0.3054378215654916,12997
C18_451.2176204_23.19954013,0.15135584289124393,0.8805074093310492,1,0.11819218456060666,12998
C18_451.2348807_31.4752745,0.1770144312971747,0.8604509424918547,1,0.0686464607514782,12999
C18_451.2556292_178.8423333,0.7844446721979216,0.43771323614413127,0.9745124110909839,0.22754314932430283,13000
C18_451.2654215_179.9165349,-0.9153237274232573,0.36587807401601513,0.9637531830220828,-0.8065610646231923,13001
C18_451.2717878_177.0019048,0.877323027562843,0.38590478415320395,0.9659917398098843,0.2248148426933996,13002
C18_451.2923037_247.5349576,0.07098478833835961,0.943787585865059,1,0.03643538767340805,13003
C18_451.3081732_110.3774656,1.586071440550672,0.12113185743023451,0.7584621284292483,1.190491176103072,13004
C18_451.3095026_200.8653317,-0.29123099394504776,0.7724816260549378,1,-0.09136714162865908,13005
C18_451.3169407_100.7924765,0.3693461345308682,0.7139499659185116,1,0.10324110719860341,13006
C18_452.0153079_29.8385448,0.5648497292507162,0.5755441168147155,0.9913379189285378,0.31096520064532834,13007
C18_452.0731243_180.1291739,0.21862310859196377,0.8281307014399171,1,0.1497961995107725,13008
C18_452.205144_35.64878105,0.11323482996734882,0.9104492245720845,1,0.04498401456146441,13009
C18_452.2380744_31.49388145,0.2982005211381567,0.7671983692418318,1,0.20819967488643046,13010
C18_452.25964_183.0963619,-0.6611429449607801,0.5125677773174543,0.9810477316833829,-0.13259282926844213,13011
C18_452.2780109_194.171269,-1.441806923431662,0.15766765327235072,0.817448273034246,-0.48033543848913934,13012
C18_452.2946265_245.5289606,-0.8163402045179396,0.4194680686223722,0.9716822081080376,-0.3901311640797876,13013
C18_452.8816693_127.3148422,0.06850063178062919,0.9457515600067028,1,0.025263763052255216,13014
C18_452.9025962_60.72683683,1.5199677435047825,0.1369176900019501,0.7779301663401937,0.46324848322321754,13015
C18_452.9389909_51.89558193,-0.5083856074382483,0.6141647774926088,0.9931667617408494,-0.1244613956867206,13016
C18_452.9504705_19.8012339,-0.44922354658696584,0.6558594458253635,0.9965858111391217,-0.38561783550756995,13017
C18_452.9601045_39.56578743,-0.4201407905294771,0.6767834613397725,0.9996367449012522,-0.1484138815699355,13018
C18_453.1598602_29.27700789,-0.05120565170245013,0.9594337983950119,1,-0.031182309004934794,13019
C18_453.1770616_98.78928304,-1.0875354178520167,0.2837501791624956,0.9295944216943315,-1.0037533797457863,13020
C18_453.2172082_37.20968476,-0.6208933427844315,0.538430593318808,0.983683589406213,-0.6776824370763488,13021
C18_453.2326547_23.24422977,-0.7586823322249685,0.45279125174955703,0.9750316892785739,-0.9149506699348975,13022
C18_453.2716726_186.3107463,0.31480612893784393,0.7546561839065904,1,0.08480556310485832,13023
C18_453.2809205_196.1901585,-2.2953082775987723,0.02741196620619304,0.4655589071343705,-1.1753644875568987,13024
C18_453.2904496_281.685446,0.1861333109658139,0.8533447955031241,1,0.07681624261675613,13025
C18_453.3228932_92.88473244,0.0963893637832727,0.9237253168985524,1,0.0819875454812803,13026
C18_454.1633547_31.52249243,0.79622625496672506,0.43091910163910163,0.9742203846590763,0.7623498951339479,13027
C18_454.180501_96.45193601,-0.9291953151072531,0.35873871375130895,0.9596708186667041,-0.8532636376560249,13028
C18_454.2207061_39.86120805,0.5737680918138676,0.5695548058681158,0.9913379189285378,0.20267671527275305,13029
C18_454.2361812_23.5287133,-1.1719314601940125,0.24862631570886987,0.9031027560199643,-1.3703868245013766,13030
C18_454.2935531_288.5765198,1.6607416258310908,0.10511637591305935,0.7270102455490702,0.3322515607027702,13031
C18_454.8396611_95.68009833,1.0440656846795198,0.30314781803640944,0.9402374180413365,0.34746826397242214,13032
C18_454.8606003_73.85684583,0.6945071381403267,0.49165059877158646,0.9781047779839798,0.3977926511965625,13033
C18_454.8971764_76.47238213,-1.591495713715716,0.11990506346034986,0.7562057595191073,-0.7178996314216599,13034
C18_454.9310843_29.19688335,-0.6013033998934388,0.5512605594807173,0.9858134543858914,-0.16931839883735392,13035
C18_455.0148726_49.80961347,0.25830985832941367,0.7975821298845865,1,0.0712005771859445,13036
C18_455.1361374_136.7506511,0.07483064929482498,0.9407477538942064,1,0.040325033503893146,13037
C18_455.1826297_87.5587217,-1.554200654235217,0.12854771220512273,0.7675729983817857,-1.2708536821692489,13038
C18_455.224595_164.7383262,-0.43047266879927215,0.6693191739740163,0.9991948003111643,-0.10787906931647316,13039
C18_455.2435521_183.7647131,1.1500137751260842,0.25742913688879193,0.909076957469324,0.2555782093138564,13040
C18_455.2485087_33.49965673,0.6012445691210153,0.5512993236776,0.9858134543858914,0.317431981652151,13041
C18_455.2665712_147.0359126,2.208941020709824,0.03337348747350968,0.4996956656890978,1.6860166838054484,13042
C18_455.3021966_148.0843202,-1.9604273363601359,0.057416411684827647,0.6133199145431344,-1.3900387790409756,13043
C18_456.0182635_49.18017326,1.5027611597209416,0.14128699463574476,0.7859839538695291,0.30677961119945046,13044
C18_456.2034293_175.3027177,0.43894641966089676,0.6632225236466815,0.9978767801948073,0.3060264426445557,13045
C18_456.8356263_112.835462,0.04799651764761021,0.9619740716997414,1,0.019555128812652665,13046
C18_456.855492_79.58520148,0.857649694142225,0.3965414962339673,0.9669701703160376,0.30620817521219934,13047
C18_456.9468572_29.73165624,-0.1857335766427953,0.8536560450672246,1,-0.17079924336067448,13048
C18_456.9730606_53.26357144,0.8864641646611457,0.3810247340489903,0.9638726330536317,0.38121903319798006,13049
C18_457.0194604_48.87473276,0.3502342428489088,0.728125153388607,1,0.08285684891433455,13050
C18_457.1736047_57.90955591,-0.6128319963134721,0.5436912638525414,0.9844101439284977,-0.49968780068084157,13051
C18_457.2216325_157.8564038,1.2186071787880073,0.23061434879595963,0.8875782173548652,0.40378883432200285,13052
C18_457.2380431_158.2713235,0.5696805201522293,0.5722960563381829,0.9913379189285378,0.21894199939513434,13053
C18_457.2461921_151.8360313,0.41502929267125704,0.6804885845293236,0.9999159889500627,0.4067015706689128,13054
C18_457.2816126_145.5942617,1.4039363159886145,0.16857655808070296,0.8314976732916184,0.9138743740195217,13055
C18_457.9766024_52.77955603,1.280462603133307,0.20825656913505333,0.8683661493536527,0.4980263701724786,13056
C18_457.9848992_282.1316779,0.2635043383381442,0.7936063695825188,1,0.09101951288572599,13057
C18_458.2191368_137.3593341,1.0429780880516792,0.303644636670985,0.9402374180413365,0.7332209258360665,13058
C18_458.2404706_159.851181,-0.10969840033598051,0.9132342967809425,1,-0.09164162769921493,13059
C18_458.6520696_20.68301557,-1.0133768018626745,0.3173829106317065,0.9454087080060881,-1.0721544405136185,13060
C18_458.9100718_66.08490557,1.1955874553948937,0.23937338111198708,0.895583666889573,0.43215203576648714,13061
C18_458.9310268_61.73926441,1.1072685809269376,0.27523928777761025,0.9227236778686373,0.48626873310519475,13062
C18_458.9688754_59.48969732,1.6063212822079833,0.1166035870692958,0.7473857008807168,0.6094096502499926,13063
C18_459.0959116_50.67677933,0.7549782720766862,0.4549839783965506,0.9753792522951469,0.5234448492177292,13064
C18_459.1128558_18.24771215,0.6793140330373734,0.5011161714895045,0.9781047779839798,0.7065603655165718,13065
C18_459.2033105_173.8177404,-0.6195424956503214,0.5393102726465477,0.983683589406213,-0.2742684199337699,13066
C18_459.2460214_30.31305383,1.4460294612930706,0.15648658879117913,0.8151797605900822,1.0462041718147275,13067
C18_459.2556711_176.2043919,1.0982373287300329,0.27911170664550466,0.9270285224949003,0.2802753283767491,13068
C18_459.2736949_130.9408828,-0.004910490062802587,0.9961080763838277,1,-0.002167039316536217,13069
C18_459.2971996_127.0035206,-1.0931248375642966,0.2813208528399257,0.9295944216943315,-0.6971406662138472,13070
C18_459.3126815_135.1762138,1.0333768055187147,0.30805495704099,0.9421850854569164,0.8468960539862304,13071
C18_459.3274615_296.0354255,-0.0392138828879523,0.9689281688712891,1,-0.012918242318706271,13072
C18_460.1677525_89.53232101,-0.8313577609733601,0.41104102832929834,0.969442209135757,-0.5337956133845929,13073
C18_460.2066742_174.5666728,0.4505593218780753,0.6549049556602977,0.9965858111391217,0.18793372699986838,13074
C18_460.2587976_175.7354525,-0.14692042458002913,0.8839829163420765,1,-0.05617642831076033,13075
C18_460.6492361_20.73269619,-1.2472431940850175,0.22005203275968255,0.8778528260192604,-1.5517156582653469,13076
C18_460.8685316_113.596788,-0.2263589871346003,0.8221531842497773,1,-0.06216121117520638,13077
C18_460.9262172_57.52812444,0.8228304318004742,0.4158132051545711,0.971089044065792,0.30076332823987445,13078
C18_461.1167529_229.1707248,-0.0026265946906100838,0.9979182248844665,1,-7.624140673404985e-4,13079
C18_461.1281123_164.6171226,-0.06249783911387189,0.9504987599704648,1,-0.02620833053050659,13080
C18_461.2510579_163.8632653,1.8190432954862563,0.07690772809911534,0.6841565166688006,0.6510164232939901,13081
C18_461.3280336_199.7238251,-0.512607256868355,0.6112364250974454,0.9928201179984223,-0.16497494279102984,13082
C18_461.7518442_162.1532408,1.686839607050172,0.09994828737298009,0.718134185467518,0.6477409310257258,13083
C18_462.1214066_32.51409939,0.3338074614155681,0.7403868407884874,1,0.30804266983466483,13084
C18_462.1314788_164.7352891,0.0015560707491206966,0.998766695197728,1,4.978924619674733e-4,13085
C18_462.1782072_23.73553006,0.0655095483782807,0.9481167646697152,1,0.07105152538780314,13086
C18_462.2694216_151.1269735,-0.04741396100678694,0.9624352533859206,1,-0.06265485907429824,13087
C18_462.2696228_23.15084159,-1.1096603225006092,0.2742201765678901,0.9222085663954013,-0.9674760873980853,13088
C18_462.2866073_96.78627542,0.21842546307579755,0.8282835596337575,1,0.09762926331872113,13089
C18_462.2997261_212.6154472,-3.804738130167011,5.092949087913652e-4,0.0671313570817816,-2.5483806337119344,13090
C18_462.6464222_20.66361022,-1.327245668076646,0.19246247072160583,0.8515234707275139,-1.6129502114925338,13091
C18_462.7592102_165.7031693,1.5392567059429343,0.13214924815290868,0.7702105138753427,1.1651703007321232,13092
C18_462.8269583_96.19098421,-0.3138852221343686,0.755350018551679,1,-0.0898707049428551,13093
C18_462.8843639_76.87098406,0.3768918949885286,0.7083811489477805,0.9999159889500627,0.18977366974540566,13094
C18_462.9062176_26.17735422,0.7708067768189211,0.44565740915138574,0.9745894987688215,0.42609900180555876,13095
C18_463.1248951_164.8100432,-0.08877553428470003,0.9297333536801212,1,-0.029788905117518485,13096
C18_463.1438639_157.805987,-0.17131773730777752,0.8648962674990969,1,-0.06096210577197189,13097
C18_463.1777554_85.18085525,-0.5779263897253538,0.5667728304340243,0.9913379189285378,-0.4425417980211585,13098
C18_463.2166905_150.5015856,-0.5116059522019282,0.6119303989151603,0.9928201179984223,-0.43054795039212274,13099
C18_463.2720022_148.3679791,-0.8406595621719462,0.4058741875463985,0.9672616821631036,-0.5808985669504289,13100
C18_463.2881309_170.1070158,0.8088093153027802,0.42373350894426154,0.9724257019093233,0.862025712643906,13101
C18_463.3072239_98.69150167,0.9389745272139224,0.35376073357064486,0.9588670540445742,0.589988980583744,13102
C18_464.0047104_23.30493019,1.7068192186078581,0.09613579159417553,0.7130752058283747,1.5082964696137922,13103
C18_464.0715591_125.7681446,-0.7041905058327977,0.4856701663654991,0.9781047779839798,-0.4008487044494636,13104
C18_464.1469656_154.1299837,-0.17532209488715655,0.861771057000419,1,-0.053580944615733934,13105
C18_464.1709207_135.126329,0.23163538205878964,0.8180822409928328,1,0.0685226845067792,13106
C18_464.2201349_150.3232202,-1.0505139319668988,0.3002137832956572,0.9396681966123791,-0.645148691781331,13107
C18_464.2816247_181.0948941,-1.987894872341175,0.05417070826288301,0.6020988853157871,-1.5734080407744235,13108
C18_464.2846209_28.70055989,-0.2734814467312268,0.7859857916884598,1,-0.1970064108631569,13109
C18_464.3026597_40.33079923,0.4096866608536973,0.6843698417376131,0.9999159889500627,0.4564838593425739,13110
C18_464.6434289_20.45365042,-0.16493560606558025,0.8698817446628051,1,-0.17595117420474404,13111
C18_464.8216151_109.5342325,-0.994980467273789,0.32613141201816676,0.9506069103298993,-0.3499623988485584,13112
C18_464.8765378_27.30935799,1.75471917697442,0.0874866336449083,0.6965941799907964,1.187232198114685,13113
C18_464.9425074_18.70412888,-1.3237197453609413,0.19361999583657033,0.8519629665163642,-1.3649980836460112,13114
C18_464.9594267_40.05000789,-0.6064658433908763,0.5478644119363087,0.9857989553982086,-0.23314361855768348,13115
C18_465.1405867_155.5115925,-0.2549077925944895,0.8001889803466389,1,-0.07288822606512622,13116
C18_465.17645_24.92351825,-1.0074380779953547,0.32018945134472937,0.9483800637817349,-1.1092036071671048,13117
C18_465.1956254_80.86125712,-0.5063753710924912,0.6155614375821548,0.9931667617408494,-0.3934828665007446,13118
C18_465.2352157_154.8700899,-0.9914059493564812,0.32785005015200264,0.9506069103298993,-0.24363176742843834,13119
C18_465.2514601_30.33354636,-0.6071117799690245,0.5474402368813978,0.9857989553982086,-0.5240194088692243,13120
C18_465.2532998_174.640405,0.6289954434589636,0.5331702209425686,0.9833164118236528,0.19678045508660108,13121
C18_465.2725961_209.7251611,-1.30398886494729,0.2001957830576365,0.8618721518192737,-0.36379831448887406,13122
C18_465.287237_145.4397943,-2.6556733633122165,0.011559472905946947,0.3126721539564579,-1.4767581006842572,13123
C18_465.3070421_232.8161213,-1.2557581981938433,0.2169820061157171,0.8731537174226586,-0.47861376418163776,13124
C18_465.359011_199.4909794,1.6378410495972862,0.10983123097654587,0.7336651855103924,0.6950256475295387,13125
C18_465.9634978_36.30873471,-0.030302258414362536,0.9759869111580415,1,-0.009807859861214588,13126
C18_466.0294377_125.8933615,-1.446300709266814,0.1564109586481254,0.8151797605900822,-0.7189451111311908,13127
C18_466.05074_124.1042586,0.3486721938285776,0.7292880861720702,1,0.3441302272258406,13128
C18_466.0967032_23.96534664,-1.7811982880964443,0.08299223508584716,0.6948552844377854,-1.359657950455706,13129
C18_466.1498661_26.5723754,-2.17780282077961,0.035790811832178866,0.5143847335746973,-1.917236737039814,13130
C18_466.1912405_150.4631255,-0.857144300134428,0.3968171508854115,0.9669701703160376,-0.1780980871209004,13131
C18_466.2742354_200.5490962,-0.2623121816778566,0.7945183355033187,1,-0.05398863055470725,13132
C18_466.2896701_144.1848941,-2.0106347257885324,0.05160534809032504,0.5909138544595092,-1.7363220170321887,13133
C18_466.2936494_205.5245179,-0.4592448574694906,0.6487129927790141,0.9965858111391217,-0.36290437174467843,13134
C18_466.3098935_261.6778148,-1.0002465966266176,0.3236105611764004,0.9506069103298993,-0.553137626975406,13135
C18_466.8957544_78.54612193,0.9478463955183251,0.3492841087286328,0.9574386235069654,0.6416424986018203,13136
C18_466.9182131_49.1738208,-2.088302835392969,0.043624625828537336,0.5473984598772537,-0.8103017650053033,13137
C18_466.9545769_54.06425919,0.03327655950502876,0.9736307731156086,1,0.014027021610759817,13138
C18_466.9755295_43.56638264,-0.34766982487490955,0.7300346833837643,1,-0.1309668691333179,13139
C18_467.0456312_127.0910027,-1.2371331198086348,0.2237391158921704,0.8799075082512211,-0.8431860233453488,13140
C18_467.1571862_24.73598826,-1.741560264698187,0.0897950836115647,0.7023904516472353,-2.0580272554340686,13141
C18_467.1965063_24.1016396,0.42816321463389057,0.6709847304430249,0.9996367449012522,0.42420937022956856,13142
C18_467.2669675_176.0691369,-0.03759405332500828,0.9702110361491657,1,-0.01505968609556259,13143
C18_467.2878249_199.409554,-0.48996586084341015,0.627016210479294,0.9947980550876518,-0.08583069495291032,13144
C18_467.3397029_173.7524291,0.03627313100766752,0.9712572353806641,1,0.017995261886786837,13145
C18_468.2679849_179.1370408,0.32584179233039673,0.7463578078254236,1,0.11673961646906297,13146
C18_468.2818519_248.1352423,0.9663413345985047,0.34007267733746693,0.954346097572737,0.36846564956265787,13147
C18_468.3072611_287.5920088,-0.06509098076484324,0.9484477862204017,1,-0.019650116393612613,13148
C18_468.70152_20.47373636,1.3705840395728093,0.17866420351258996,0.8408671771068869,1.0155743738738336,13149
C18_468.8554186_96.71583609,0.7668629034787934,0.44797058510248566,0.9745894987688215,0.24565307584909138,13150
C18_468.8762366_73.51200228,0.6557600445993259,0.515987198915477,0.9824083431236167,0.1648167404745929,13151
C18_468.9129069_71.42133977,-1.484155183882257,0.14613635746470752,0.7957719846691699,-0.42182274287687416,13152
C18_468.9340733_68.10866733,0.8169395909015629,0.4191297125806681,0.9716822081080376,0.3374023942317844,13153
C18_468.946541_30.16396567,-0.643322294295605,0.523934979631856,0.9824083431236167,-0.5074032083827804,13154
C18_469.0303338_51.47267556,0.9690804460618718,0.3387223531462895,0.9543069303606773,0.16587357730266375,13155
C18_469.172425_25.64710887,-1.9780540209034219,0.05531477464692953,0.6065607728992479,-1.9682663475181696,13156
C18_469.2120472_27.55612492,0.17975177875835904,0.8583165227772955,1,0.1289133247759651,13157
C18_469.2223414_179.8087918,0.3229209793482519,0.7485512122141341,1,0.10268175037519534,13158
C18_469.2667533_174.9520851,0.5495720897411047,0.5858755125758512,0.9913379189285378,0.08509073479884982,13159
C18_469.2753761_176.8287887,-0.35062624400932974,0.7278334137839462,1,-0.25798090578673877,13160
C18_469.2847641_191.9633879,-0.5609427226341633,0.5781776670694387,0.9913379189285378,-0.1912504870466789,13161
C18_469.3177083_153.1422035,-1.131186517090897,0.26516857855695514,0.9153716740091526,-0.8701134099762396,13162
C18_469.9921272_27.65266971,0.8864816792150926,0.38101542179248304,0.9638726330536317,0.6335851683753732,13163
C18_470.0237396_24.27136507,0.6050815328479099,0.5487740330082228,0.9857989553982086,0.4980240384004919,13164
C18_470.0336499_50.27069846,0.5758836665190794,0.5681386014976492,0.9913379189285378,0.09832472159207682,13165
C18_470.1761256_26.05140329,-1.624931797666985,0.11256480035653767,0.7386028370327659,-1.7874901225807311,13166
C18_470.2891461_102.4097221,2.7842928617681215,0.008363561655673906,0.2675999055206457,2.8952541467236292,13167
C18_470.8133789_85.27112031,-1.093206103759205,0.28128564079489043,0.9295944216943315,-0.4699333032960647,13168
C18_470.8346338_76.5120407,0.3422060691421095,0.7341089323102497,1,0.14836188085914928,13169
C18_470.871194_78.20134301,-0.8334340958252371,0.4098841835355088,0.9686420717311376,-0.20654390211028667,13170
C18_470.9885792_53.82866219,0.5154021605266152,0.6093012850309351,0.9928201179984223,0.16708743057370914,13171
C18_471.034903_49.70399706,1.9039638309371416,0.06461974853671766,0.6395199841492447,0.3905892832371858,13172
C18_471.0760735_23.67948041,0.41504551350412044,0.6804768139253157,0.9999159889500627,0.3225214525401772,13173
C18_471.109968_136.6601372,0.3185827757175959,0.7518129219176719,1,0.13553150606800626,13174
C18_471.2377876_174.7019173,-0.8953243029474824,0.37633249281832315,0.9637531830220828,-0.24233746352176103,13175
C18_471.2436251_23.74236925,-0.5086850252874431,0.6139568741031101,0.9931667617408494,-0.630714562012912,13176
C18_471.263181_148.941176,0.8744325066578937,0.38745613596382567,0.9661464710102153,0.8739211427054786,13177
C18_471.2932978_104.3211597,-0.33222066550934953,0.7415749997123192,1,-0.20413889086424655,13178
C18_471.3333332_159.7845098,-1.5739401892104299,0.12391253379049452,0.7633864733503855,-1.595892654249528,13179
C18_471.9913651_51.48387217,0.8676150953312118,0.39113070358686064,0.9669701703160376,0.18152109360250349,13180
C18_471.9939812_129.4504484,-0.6882230523352962,0.49555354498175286,0.9781047779839798,-0.22246328599206106,13181
C18_472.0377009_126.5934726,0.2561473418987548,0.7992388993358523,1,0.14552899929532484,13182
C18_472.3396451_159.7307659,-0.08644067069507154,0.9315766353494664,1,-0.03340281847747547,13183
C18_472.8296612_81.32515416,0.6668108441546675,0.5089806387894833,0.979964288586908,0.5022312821667201,13184
C18_472.8833773_181.2434844,-1.3469420104502088,0.1860935211290714,0.8476551256312127,-0.7316058329520317,13185
C18_472.946764_58.67128578,2.0006883897849517,0.05271412543224181,0.5957849544218367,0.950907573503912,13186
C18_472.9862224_53.065685,1.357791665318498,0.18265510620486783,0.8460463584863603,0.3628033719364979,13187
C18_473.2187603_170.6078551,-0.24111337556592752,0.8107824775586151,1,-0.11357297061018928,13188
C18_473.2190023_29.74174013,0.2655983502423905,0.792005221440777,1,0.3778276434151127,13189
C18_473.2351143_163.5890059,1.8147229203330537,0.07758264957119951,0.6866401149068114,0.5656221235150327,13190
C18_473.2534264_183.691833,-1.4738518185613534,0.14887825628312237,0.8014900281899261,-0.349734175007641,13191
C18_473.2829154_159.411288,-0.33490560860566104,0.7395649485328126,1,-0.06730969366056239,13192
C18_473.2831177_264.3299195,-0.2965511861341355,0.7684476433167515,1,-0.45169860249479205,13193
C18_473.3490845_165.1987855,-0.575629767502008,0.5683084735572267,0.9913379189285378,-0.31873424910917175,13194
C18_473.3643761_248.988065,-0.6642962587443794,0.5105703959232288,0.9804752311768129,-0.42493320151627406,13195
C18_473.9501745_61.44461218,1.3319707633871936,0.19091957685086847,0.8507713974810356,0.5637912660164149,13196
C18_474.2221775_174.0806294,0.12719900753512703,0.8994634255379067,1,0.05620367235111004,13197
C18_474.2226589_30.16434537,-0.9966123476740485,0.3253488286155365,0.9506069103298993,-1.5012197411888477,13198
C18_474.2376384_161.3913452,0.6203743612280235,0.5387684684501557,0.983683589406213,0.24670146167392654,13199
C18_474.262997_175.7061795,-1.7418582609321749,0.08974224734043189,0.7023904516472353,-0.582083874141477,13200
C18_474.286632_159.5533647,-0.04260820407876167,0.9662402209704513,1,-0.009803225319942589,13201
C18_474.3526009_164.9261537,-0.8033779379431809,0.42682612783424034,0.97349571258361145,-0.6184645359703801,13202
C18_474.6261552_20.57728974,-0.3174468813227235,0.7526677176441222,1,-0.20264608734931303,13203
C18_474.8804583_179.3823047,-0.27882584551077355,0.7819124118565537,1,-0.04645285929211669,13204
C18_474.905227_52.79740694,-0.877953416640101,0.3855669772643505,0.9657616729628422,-0.42076388145878463,13205
C18_474.9426194_53.60278244,0.2306467337562497,0.8188446366783012,1,0.06288051828751873,13206
C18_475.1981679_167.8063352,-0.2603014890047757,0.7960571198097919,1,-0.15608761440679036,13207
C18_475.2328559_135.7953082,-2.0979336304249223,0.04271473984017127,0.5433591602340815,-1.1979926461814723,13208
C18_475.2667975_176.0362884,-1.6767775988966653,0.10191531526902105,0.7221704866666782,-0.6934866177806662,13209
C18_475.307218_163.5106125,-0.5710982708413377,0.5713445310049661,0.9913379189285378,-0.13638417017857082,13210
C18_475.3283332_127.7570192,-0.25943720154687977,0.7967188135798584,1,-0.23967275905648813,13211
C18_475.3433043_201.5683981,-0.7162730669318467,0.4782657736789878,0.9781047779839798,-0.5071714829218703,13212
C18_475.3539077_164.9476121,0.3020267877190602,0.7643026260246765,1,0.09620894938990683,13213
C18_476.1937409_24.79632487,-0.03037342745549649,0.9759305308836833,1,-0.02749632645282091,13214
C18_476.2377322_124.7315451,-1.391679530268258,0.17223080191379317,0.8326851500809265,-1.3107747051856549,13215
C18_476.2584826_186.9813888,-1.9620288899824965,0.05722264508289929,0.6133199145431344,-0.5671173146919922,13216
C18_476.2789203_186.4108119,-2.1073193774964807,0.04184410799645202,0.5388286365772633,-0.5824460954297204,13217
C18_476.3083434_172.7281733,0.25135947993418944,0.8029103625135785,1,0.0749951536524396,13218
C18_476.6233648_20.52508344,-0.5221814066695165,0.6046192786643974,0.9928201179984223,-0.4393873557538057,13219
C18_476.8426121_126.5416292,-1.3406388665677038,0.18811381709882086,0.8489710044879274,-0.374361703376331,13220
C18_476.8770662_181.3811513,-0.30247565171965685,0.7639631465894839,1,-0.07569324247032484,13221
C18_476.9000852_71.6642683,0.4922115633591723,0.6254429579120493,0.9947980550876518,0.21754476690007715,13222
C18_476.9213277_28.43093751,-0.33691061790313837,0.7380651272371603,1,-0.25686222521191054,13223
C18_476.9995675_101.6026952,0.3494368066320212,0.7287187569951145,1,0.2165049544382491,13224
C18_477.1226905_111.1024391,-0.2279319066122517,0.8209390890538801,1,-0.26934074405269504,13225
C18_477.2498042_131.8480555,-2.325762965454981,0.025549492891071515,0.45178111371304214,-1.8417314603624284,13226
C18_477.2614836_95.46255658,0.47746337122918553,0.6358071062189308,0.9953585489094753,0.31599345162108655,13227
C18_477.2824889_186.3969137,-2.1437806701544133,0.03860845515024393,0.5286372649049288,-0.5784778439002275,13228
C18_477.3257347_279.6163326,0.8518574710927219,0.3997079273511852,0.9669701703160376,0.25873641990132884,13229
C18_477.3438413_255.8452461,-1.3894126742641626,0.17291335095618704,0.8330170939962276,-1.215519430288411,13230
C18_478.1261123_108.3993794,-0.07040313843718612,0.9442474068523545,1,-0.07274399816852076,13231
C18_478.1991303_98.03007854,-0.8260539539635022,0.4140052258796749,0.9702967640516138,-1.084392893120995,13232
C18_478.1991663_193.4731934,1.2168863929550997,0.23126080373154212,0.8875782173548652,1.905442432593193,13233
C18_478.2645224_22.80218315,-0.2756699576029231,0.7843170138712727,1,-0.21660018477944848,13234
C18_478.2902387_196.1842155,-2.0331564629751973,0.04916949620664956,0.5775821167007157,-0.6274951786084583,13235
C18_478.2940974_147.7732699,-2.6521737244124295,0.011660447083625826,0.31375237451817445,-2.6875082333109934,13236
C18_478.3284674_282.5747172,-2.9990502458348236,0.004792709839754462,0.21305217379685332,-0.7244340404702917,13237
C18_478.5740796_17.30332946,-2.8336207471550083,0.007372572797097498,0.257384708094226,-1.5243075850054366,13238
C18_478.6202275_20.45023968,0.7002061571567623,0.4881259230063696,0.9781047779839798,0.6710650262220536,13239
C18_478.8006739_86.1307206,0.5548283512194802,0.5823109071464143,0.9913379189285378,0.16979326842569994,13240
C18_478.8584105_98.41034441,1.4934917709307411,0.1436865981715882,0.7906537503592471,0.42127601391143454,13241
C18_478.8660371_31.99735491,0.04706795305684103,0.9627091772088829,1,0.043049235746712364,13242
C18_478.8922835_28.21476615,1.7879397273635487,0.0818795721473449,0.6948552844377854,1.2786590504616582,13243
C18_478.9745327_196.7784621,-0.8795488835220684,0.38471285389818133,0.9648529589304644,-0.22511688192291893,13244
C18_478.9754557_41.55662574,0.3962492027170949,0.6941699594883323,0.9999159889500627,0.138368079790293,13245
C18_479.0311533_100.1990991,-0.0964243201467557,0.9236977431602642,1,-0.07517039308238992,13246
C18_479.1198333_111.1147206,-0.05116646065550402,0.9594648185547059,1,-0.05600500956542908,13247
C18_479.1388206_45.41986344,-0.3594790349251104,0.7212558908589017,1,-0.0793143975712671,13248
C18_479.202336_193.4073217,1.881095455848303,0.06775082750743212,0.6493544748295632,1.01538709751616,13249
C18_479.2510481_180.3492763,1.1229614693206726,0.2686015526685432,0.9185307776279524,0.28406203765703175,13250
C18_479.2660991_139.6101652,-0.9879567502015,0.32951422144561904,0.9506069103298993,-0.5777350903682645,13251
C18_479.2878277_209.9836255,-0.16831979105839884,0.8672374648448652,1,-0.046905045311924916,13252
C18_479.2993372_202.5662729,-2.2472476728125823,0.030599708911536055,0.4865601487856593,-0.7771793410538443,13253
C18_479.3091643_289.5718624,-0.27103995481713117,0.7878486797110561,1,-0.08304523122015035,13254
C18_479.316748_183.3320136,0.696840304856832,0.4902058875060744,0.9781047779839798,0.5177907453169394,13255
C18_479.3228959_287.4691292,2.900165929941114,0.006208569008699983,0.2352344449939078,0.8278219263604817,13256
C18_479.3574318_193.1834582,-0.9893405415074541,0.3288458864009912,0.9506069103298993,-0.7806176566232429,13257
C18_479.9665528_284.2950659,-0.18992356308398328,0.8503947368291677,1,-0.06723241008393342,13258
C18_479.9666996_115.1346559,0.06610876112500974,0.9476428972900217,1,0.022117468946267115,13259
C18_479.9793404_43.1239353,-1.4245347762470337,0.1625720382391518,0.823187573542779,-0.5338895836076466,13260
C18_480.0344123_98.86480672,0.05344159588142743,0.9576641304733253,1,0.024556677461521195,13261
C18_480.1231832_106.9198841,-0.432173829189821,0.6680933942445882,0.9985488748532472,-0.38360775849299744,13262
C18_480.2536983_181.308159,-1.1205407687502245,0.2696179285728559,0.9185780391297615,-0.3132944095389229,13263
C18_480.2798869_23.340784,-1.3443095957645066,0.18693522979198762,0.84811141863714,-1.0732469602589962,13264
C18_480.2822157_146.6557622,-1.183745675127089,0.24397318611914842,0.8989435781740478,-0.5398371674837835,13265
C18_480.2998497_202.2993201,-2.3686196548370044,0.02312137686821835,0.4309384917552656,-1.3410996261253767,13266
C18_480.3106185_236.0967453,-1.835595534832076,0.07436786661316715,0.6747716156497422,-0.72955859007879,13267
C18_480.3107056_164.4618056,-0.018720688082716364,0.9851633098581021,1,-0.011288246862146025,13268
C18_480.9080238_27.90992521,0.12263517111829116,0.9030517588185661,1,0.07421930953268464,13269
C18_480.9335745_47.33263142,3.182121515248206,0.002937225337003512,0.15802674672714098,1.5170727262443024,13270
C18_480.955095_43.22474629,-0.17568876291192845,0.8614850017523171,1,-0.0651248374899361,13271
C18_480.9708014_134.6930661,0.3028233966339167,0.7637001767754903,1,0.047589553203460686,13272
C18_480.9909967_44.35363676,0.9379528683688217,0.3542786612337676,0.9588670540445742,0.33924155588309374,13273
C18_481.0214517_22.01862293,-0.5531692501626354,0.5834349106781247,0.9913379189285378,-0.33626608142322484,13274
C18_481.0289262_99.92771819,0.13115747050287999,0.8963527973948363,1,0.12982237774507482,13275
C18_481.154337_147.8887063,-0.43570487519274376,0.6655520221653146,0.9978767801948073,-0.10579011954495013,13276
C18_481.2089166_128.5474471,-0.3739603472658982,0.7105427426847439,1,-0.27116581966939646,13277
C18_481.2457593_25.31764207,-1.0300660964852004,0.3095858969451561,0.9421850854569164,-0.9700382173105178,13278
C18_481.2635367_166.5050145,0.34191723433623666,0.7343245306695314,1,0.0971215430213344,13279
C18_481.2818217_119.4394665,-0.44440775161924756,0.6593054622894414,0.9966983075988379,-0.20930312191143674,13280
C18_481.2824777_191.7481694,-1.7981524201852959,0.0802179804385658,0.6928116947168053,-0.8723036601505462,13281
C18_481.3022178_200.131571,2.2715193115173387,0.0289505980957273,0.47824805056138364,0.566211776676295,13282
C18_481.3138317_232.746358,-2.8045772258821584,0.007941915805344353,0.26208748604396903,-1.9131915953523972,13283
C18_481.3545558_171.3451801,-0.8192774951582211,0.4178115533449186,0.9714168272962488,-0.6375761961886958,13284
C18_481.9949191_36.47331173,0.13798639791183337,0.8909904316624813,1,0.06655674250876673,13285
C18_482.0248354_21.87354818,-0.43042658590856686,0.6693523920098468,0.9991948003111643,-0.39660631602901275,13286
C18_482.0268626_116.7234674,-0.12364558554732744,0.9022571363839662,1,-0.1321657847377634,13287
C18_482.0564724_25.95278697,0.15529969633283283,0.8774190908698888,1,0.1527091257511591,13288
C18_482.0914937_32.07590606,-1.1006066713032472,0.27809206881013926,0.9253857243533475,-0.6616743356571774,13289
C18_482.243301_163.402785,2.5056396239315424,0.0166935989556398,0.37465205656157324,2.1041862048116675,13290
C18_482.2622526_200.4558016,0.11195952054812996,0.9114534489236397,1,0.04329723371454537,13291
C18_482.3027524_145.4402486,1.152359742953077,0.25647630465833293,0.9085114391831796,0.6178422548008293,13292
C18_482.3161563_232.5262157,-2.851283696539911,0.007045188761895455,0.25097486496457505,-2.241508821606398,13293
C18_482.8704002_27.69387505,0.8537792782020949,0.39865558428361436,0.9669701703160376,0.7722444205476822,13294
C18_482.8921472_70.07422861,0.3147231666182149,0.7547186813988455,1,0.08950776862263117,13295
C18_482.9292883_68.39454578,-0.8041987054107598,0.4263579077237496,0.9732405036444339,-0.3598352393616898,13296
C18_482.9497406_54.71304242,0.434385932931779,0.6665008285821433,0.9980954332927549,0.14528015581144124,13297
C18_483.018634_21.97351519,-0.2946636536318104,0.7698781059597923,1,-0.22691969290540573,13298
C18_483.0622827_31.3803146,1.3153703083122952,0.19638223218879433,0.85722836001277,0.8233990507772773,13299
C18_483.1522278_22.07170916,-0.7660821621555844,0.4484293488007375,0.9745894987688215,-0.6175063956436325,13300
C18_483.246009_159.8426036,0.9081914264034241,0.3695845639588078,0.9637531830220828,0.21812870623115893,13301
C18_483.2656244_255.4166468,-1.5609675967061798,0.12694316828954894,0.7663243633163557,-0.5221239960100249,13302
C18_483.2731293_150.6596336,-1.9127970049545795,0.06344402273397251,0.6364623835971484,-1.1102706687751283,13303
C18_483.2781439_180.8534207,-0.5607438390719178,0.5783118837733747,0.9913379189285378,-0.09153949156310492,13304
C18_483.2975283_127.359575,-0.46033394169348335,0.6479383470006391,0.9965858111391217,-0.3882563442209413,13305
C18_483.3335974_158.2164461,-0.8725943533766872,0.3884447336675697,0.9666417022738629,-0.5925940383779532,13306
C18_483.9779023_283.9160718,-2.0901985788455364,0.04344418751058646,0.546361449999382,-0.5538641222545665,13307
C18_484.0220223_22.14729247,-0.8474342258717692,0.4021366045475431,0.9669701703160376,-0.8526019400610089,13308
C18_484.2663956_207.289556,1.1534766916005685,0.2560235441128052,0.9085114391831796,0.3858409140115257,13309
C18_484.2826722_186.8984516,-1.8280320179113667,0.07551946991839359,0.678296612054887,-0.4968177085948306,13310
C18_484.8293369_100.9394706,1.5862614005118192,0.12108872269981925,0.7584621284292483,0.4994826704491906,13311
C18_484.8503853_75.99546741,0.013248076000870959,0.9895001998856798,1,0.003728104565689055,13312
C18_484.887331_67.08592442,0.5195946458083232,0.6064038133055398,0.9928201179984223,0.10944590570720393,13313
C18_484.9079514_69.26649737,0.12203531769121839,0.9035235507233206,1,0.07324019874632093,13314
C18_484.9418764_32.37858069,0.5547229732888161,0.582382267018287,0.9913379189285378,0.4623544051947742,13315
C18_485.0042841_55.04970775,0.7460180809865302,0.46031388227439873,0.9755657681934743,0.18525561615188726,13316
C18_485.2222054_147.9528514,0.5555601241274731,0.5818154820768007,0.9913379189285378,0.37210031844389496,13317
C18_485.2794299_151.4462291,1.2430439476207202,0.2215779295268516,0.8794572619139686,0.42667011024203927,13318
C18_485.3129946_126.7373043,0.6326987346124082,0.530774854893745,0.9824083431236167,0.39813007183795895,13319
C18_486.007719_54.12283707,0.13122801475144036,0.896297377394792,1,0.028951786177824988,13320
C18_486.2634225_100.3322987,1.2352535475545787,0.2244296235240384,0.8799075082512211,0.8530885075291534,13321
C18_486.2752372_173.120262,-0.4891016967016944,0.6276220816716055,0.9947980550876518,-0.2868689825557549,13322
C18_486.8457529_79.50948501,-1.801560450873673,0.07966987814290602,0.6911349530212022,-0.8962801429398791,13323
C18_486.9624156_60.53555404,1.20674445350235,0.23509809150840835,0.8886691295529588,0.5934457317061563,13324
C18_487.0022028_53.00442262,0.12527549043402078,0.9009755417809702,1,0.027660367760964186,13325
C18_487.1964346_137.0248281,-0.20039387590747124,0.8422568438328175,1,-0.17008888261197522,13326
C18_487.2328422_179.3159052,0.35531503956571314,0.7243470563519687,1,0.05996798028232808,13327
C18_487.2737156_129.8147093,-2.9616825705761153e-15,0.9999999999999977,1,-4.245152127039619e-16,13328
C18_487.3282239_133.212787,-0.7061690473908527,0.4844532800843633,0.9781047779839798,-0.32935019433270796,13329
C18_487.3435361_179.610538,0.6174527467175022,0.5406726033226721,0.9844101439284977,0.3232111649899793,13330
C18_487.5627851_17.27077319,-1.2118363452677066,0.233165707593876,0.8879258919320564,-0.9983939443050468,13331
C18_487.9658966_60.27271453,1.1505686175323857,0.2572035531335017,0.909076957469324,0.3921357576494774,13332
C18_488.0125114_126.1212603,-0.9981782987520422,0.32459905813459755,0.9506069103298993,-0.30215085627299837,13333
C18_488.1938613_27.79481865,1.0042493899017322,0.32170331746145225,0.9495488307541496,0.6229522962727891,13334
C18_488.3319425_133.3665664,-0.7859904643814839,0.4368181787870009,0.9745124110909839,-0.7723543358752694,13335
C18_488.8955965_181.3501873,-0.1553043568790607,0.8774154424681518,1,-0.07095766916864799,13336
C18_488.9209655_50.66563811,0.5628863019318976,0.5768668442545417,0.9913379189285378,0.2005915506415023,13337
C18_488.9605964_59.4176272,0.3778005167532694,0.7077116662857741,0.9999159889500627,0.14624919633562017,13338
C18_489.1366536_25.48774787,-0.3321484615011063,0.74162907980983,1,-0.3705669716834562,13339
C18_489.2134695_132.966089,1.323605691260863,0.19365752727116084,0.8519629665163642,1.0672938257281208,13340
C18_489.2301011_180.0767058,0.21717128321902293,0.829253694417151,1,0.04775414190380215,13341
C18_489.2783005_167.0072707,0.2865485055142224,0.7760373814626347,1,0.20541247336223578,13342
C18_489.3232073_163.986246,-0.42335681892338656,0.6744564468837677,0.9996367449012522,-0.20449832025154474,13343
C18_489.3444312_140.4438114,-0.04646673628748483,0.9631851528567499,1,-0.03161923082218493,13344
C18_489.3594791_199.5325238,-0.011520177450946238,0.9908695839068268,1,-0.005653123574147047,13345
C18_490.139876_25.63041467,1.169411116815268,0.24962727952793465,0.9046740560864915,1.0975185007570614,13346
C18_490.209268_24.2760167,1.0250810819205791,0.311900920895783,0.9421850854569164,1.0266264468023163,13347
C18_490.2827724_168.4616991,-0.34751872608987944,0.7301472498203849,1,-0.15230365718486627,13348
C18_490.3032695_247.4236432,0.26371302702383176,0.7934467588316563,1,0.10207221412870864,13349
C18_490.3622962_193.4185734,0.6525901433627636,0.5180065854672372,0.9824083431236167,0.6035382227554119,13350
C18_490.8581665_116.4283146,-0.9071466658701861,0.3701295339855709,0.9637531830220828,-0.4588842007685057,13351
C18_490.8793003_80.94183857,-0.156330665444306,0.8766120864789966,1,-0.0882240671454672,13352
C18_490.9005072_27.2972567,0.06644458686528895,0.9473773291391117,1,0.054174448415286784,13353
C18_490.9165384_68.91453766,-0.6884641872443408,0.4954034629691406,0.9781047779839798,-0.5035107475119364,13354
C18_490.9370385_32.84916213,-1.4200982568713536,0.16385091453073175,0.8259246986742109,-0.4853593664669757,13355
C18_491.0503686_22.85202118,-0.3867631099441412,0.7011205954710658,0.9999159889500627,-0.22730531192042933,13356
C18_491.1390401_136.7288432,-1.2272119751867878,0.2274017911757917,0.8838402126105115,-1.0403241396440852,13357
C18_491.1728035_79.68945291,-0.27256185228787255,0.7866873044272843,1,-0.27700128914404276,13358
C18_491.3053475_286.9398609,-0.8362316777828362,0.40832867934220596,0.9676316311691489,-0.22201125559532267,13359
C18_491.3209918_179.3233048,0.8153311358124716,0.42003806931291077,0.9716822081080376,0.6823298776041036,13360
C18_491.3387811_171.2753306,-3.789172227552331,5.328506667612467e-4,0.0671313570817816,-1.316263632135179,13361
C18_491.3596714_255.8392739,-2.2445894783209193,0.03078532328040122,0.488029695999095,-1.8266168612901519,13362
C18_492.0540899_23.64331357,-0.5432064790531504,0.5902064936269606,0.9917792293164565,-0.5275891638554298,13363
C18_492.1802274_57.08346388,0.22843763168496717,0.8205488278186102,1,0.08234110715667665,13364
C18_492.302317_284.6614626,-0.09561771126270692,0.9243340241383287,1,-0.02975160731135859,13365
C18_492.8167327_114.3182625,-0.10935228061204649,0.9135069393266977,1,-0.03603136464581136,13366
C18_492.8438086_63.08063357,0.691559966264521,0.49347889997288685,0.9781047779839798,0.30871416429710463,13367
C18_492.8740949_100.3080012,1.3495663298906588,0.1852573049580943,0.8467345678477594,0.5544448587735777,13368
C18_492.8954041_73.07335062,-1.6464619567086696,0.10803630202022152,0.7299405333124399,-1.102932009734529,13369
C18_492.9918544_43.94157463,3.2897642375726206,0.002189423141726492,0.1332811543492528,1.4419579098321489,13370
C18_493.0103087_41.39977772,0.5922073694575278,0.557270534202029,0.9878934493313638,0.40352945411753544,13371
C18_493.0470731_100.4409447,-0.1307000471248052,0.8967121647993679,1,-0.10385173614690157,13372
C18_493.1700499_88.57834418,-0.9552552418323641,0.345574503716615,0.9572455292742392,-0.8328484562603774,13373
C18_493.2455683_52.8661495,1.2699240531518101,0.21194581718951672,0.8688076413874833,0.9158998591375003,13374
C18_493.2671104_179.8363988,0.489871274658433,0.6270825127330926,0.9947980550876518,0.1442672212067755,13375
C18_493.281437_116.2868035,-0.15287716384203429,0.8793158797506962,1,-0.06526372372797265,13376
C18_493.3032473_279.295359,0.6069885171564732,0.5475211683254626,0.9857989553982086,0.2472105128164137,13377
C18_493.339261_287.5411175,2.9501037015251375,0.005450613915517095,0.22183716220925795,1.143639499211883,13378
C18_493.9948692_46.82189822,-0.3810024478524444,0.7053543242457205,0.9999159889500627,-0.09905637877301178,13379
C18_494.2696098_178.5815014,-0.6734677738769518,0.5047850927107389,0.9781047779839798,-0.2171551662715565,13380
C18_494.8324697_89.95061866,0.5825668229009752,0.5636763219487968,0.990786345850868,0.18516305100729757,13381
C18_494.8874861_28.00945983,0.25141954677396916,0.8028642733843638,1,0.21512589170696197,13382
C18_494.9238282_28.2584797,0.2722661073751656,0.7869129517924954,1,0.18284893787463322,13383
C18_494.9495277_45.41213999,0.5305852053074158,0.5988387205068388,0.9927179766037689,0.24288728799540457,13384
C18_494.9697151_128.4899475,0.15173566431224694,0.8802098989721686,1,0.04095939394293281,13385
C18_494.9710095_43.02280676,0.9998657479019235,0.3237924258952609,0.9506069103298993,0.45773783828461767,13386
C18_495.007066_44.94624266,2.878170426612042,0.006572808662898836,0.24239160585479042,1.1628351308171798,13387
C18_495.0441506_100.5620346,0.27487358231307957,0.7849241449997812,1,0.09408902018906368,13388
C18_495.0497112_183.4693171,-0.18607487971513387,0.8533902909939766,1,-0.054127614866159954,13389
C18_495.1518647_21.00032472,0.2427544728404007,0.8095202540188948,1,0.11472618579384644,13390
C18_495.2812842_163.2069193,0.5400812419095385,0.5923384173052559,0.9919344024228657,0.12782035226671123,13391
C18_495.2977003_55.96504264,-0.7238888281222086,0.47363187941462037,0.9781047779839798,-0.5579093782577462,13392
C18_495.316369_189.1729773,-0.5767887525759995,0.5675332560780436,0.9913379189285378,-0.18795267768177615,13393
C18_495.3335506_162.6989185,-0.3174589909523263,0.7526586031061513,1,-0.20758839477983804,13394
C18_495.9532069_64.50967578,-0.3774107059602665,0.7079988544735256,0.9999159889500627,-0.1656318531903273,13395
C18_495.9744504_43.66913086,2.3281693486370734,0.025407297653236526,0.4510154193585828,1.1503579958704906,13396
C18_496.010634_45.8063128,0.6155527399960721,0.5419127906759288,0.9844101439284977,0.2237455061652262,13397
C18_496.0472571_17.32315529,-1.757573063296974,0.08699260727269299,0.6962067550962847,-1.9472498620910437,13398
C18_496.0731855_21.91947739,0.13853858873810398,0.8905570509385116,1,0.12455844301669064,13399
C18_496.0941399_103.8466715,0.07611075327347641,0.9397361354984421,1,0.02283808874197236,13400
C18_496.1555196_20.88037471,-0.11218461668411447,0.9112761894141851,1,-0.050088499724992464,13401
C18_496.2899958_287.0040142,0.6152492038027151,0.5421110539376497,0.9844101439284977,0.20534133706301505,13402
C18_496.3053506_180.2603123,-3.2728261281371824,0.002293665325262838,0.135804104723142,-2.2421896618808623,13403
C18_496.3192282_188.7671259,-1.388722210344148,0.17312166676165777,0.8333284173727381,-0.9444337386297693,13404
C18_496.8828694_27.56722069,1.3320262482373055,0.19090151570764172,0.8507713974810356,1.2580395379022289,13405
C18_496.9078442_65.28971641,0.8200265170341903,0.41738977718375814,0.9713818483750211,0.23557637782606694,13406
C18_496.9291961_52.06949391,1.6460919268621206,0.10811284545627728,0.7299405333124399,0.6618165310010443,13407
C18_496.9652664_48.86771899,0.8189838676607915,0.4179769670045663,0.9715863106398505,0.37890921232964314,13408
C18_497.1580686_21.31222142,0.12163878927269126,0.9038354445445725,1,0.06457482695423546,13409
C18_497.2256407_152.8015132,-0.2209769697440827,0.8263107575776079,1,-0.11371371195024133,13410
C18_497.2435993_192.0173204,0.6134601848783898,0.5432803666015352,0.9844101439284977,0.14718561231404167,13411
C18_497.2617974_180.8385073,0.4925998648270653,0.6251711084974393,0.9947980550876518,0.1529636941777549,13412
C18_497.2736112_108.7085874,0.4433147670281435,0.6600886165013125,0.9968021749030789,0.2886127187857737,13413
C18_497.2873996_163.2902083,-0.0688921826132036,0.9454419768280493,1,-0.041947417535762886,13414
C18_497.2977817_200.0945437,0.19990952052743757,0.8426329225932172,1,0.0362508118280777,13415
C18_497.3121261_134.8653335,-0.4776213074912606,0.6356957190152519,0.9953585489094753,-0.15634490469432144,13416
C18_497.3494244_161.3934316,-0.5962203778157565,0.5546149501105617,0.9865304209500617,-0.38638784724014624,13417
C18_497.9734328_285.2564173,1.8967051833232806,0.06559985381217055,0.6415887934966203,0.6505322598810476,13418
C18_498.0913_103.1821373,0.06194342413086274,0.9509373039448258,1,0.01878184097763468,13419
C18_498.2260576_152.1518618,-0.7930254008081187,0.4327586285314283,0.9742203846590763,-0.46353000585184523,13420
C18_498.263181_177.3638853,-1.5235119773224681,0.13603130298857466,0.7761420841359271,-0.45425019727911675,13421
C18_498.2901493_115.6741967,1.2722068879882371,0.21114251994263952,0.8683661493536527,0.7304269920914815,13422
C18_498.6398683_20.6919706,-1.6607098096209265,0.10512280858844485,0.7270102455490702,-1.533279224647615,13423
C18_498.8662393_72.37583491,0.44204085535870835,0.6610018992325017,0.9968021749030789,0.10439980083557031,13424
C18_498.9044268_70.16707126,1.7678279056041208,0.08523672032086012,0.6959761542836904,0.5831225810572315,13425
C18_498.9236186_68.81963378,1.3550598623669095,0.18351620548731762,0.8460463584863603,0.48967984052760977,13426
C18_498.9308672_137.1196638,-0.6271831926669049,0.5343444920402879,0.9833164118236528,-0.27052645847152873,13427
C18_498.9575501_33.28686862,0.35383524622419893,0.725446719679447,1,0.14687915168326154,13428
C18_499.1031864_108.2186318,-0.04691444602946168,0.9628307054569314,1,-0.027104712217137845,13429
C18_499.2669934_175.5836648,-0.03118692682304183,0.9752860838178643,1,-0.016489970510481657,13430
C18_499.2934257_112.1604919,1.2118998981265783,0.2331416634078338,0.8879258919320564,0.6497550871756912,13431
C18_499.327255_140.1381139,-1.18441546756595,0.24371130118544262,0.8989435781740478,-0.8376688764886449,13432
C18_499.9342721_136.7639829,-1.1824841909620185,0.24446697730240613,0.8996430577233075,-1.0933971212326332,13433
C18_500.1079734_109.2565781,-0.025880280350812527,0.9794902452520173,1,-0.008794438819483769,13434
C18_500.2550238_167.9553097,-1.1596869022972847,0.25351673956982784,0.9060345787272268,-0.5641430785725307,13435
C18_500.2799644_185.3826549,-1.1207966762587644,0.26951035147106167,0.9185780391297615,-0.3510795512533577,13436
C18_500.2934354_115.0216232,1.7748799433720541,0.08404661096837926,0.6959761542836904,1.495248248335896,13437
C18_500.6368961_21.05510135,-1.0136270106550906,0.3172650356579506,0.9452895703994642,-1.0552189367412066,13438
C18_500.8056053_108.846638,1.3552057787775462,0.18347013180414332,0.8460463584863603,0.5886382872923157,13439
C18_500.8245774_78.69781159,0.057687342308286656,0.9543043826082016,1,0.026346037383594353,13440
C18_500.8620055_78.29325104,0.2805464826357872,0.7806022983562988,1,0.11884614180546295,13441
C18_500.8818957_70.47203698,0.054922145139344444,0.9564924488622828,1,0.05272186533445165,13442
C18_500.9269272_136.8868251,-0.8719228311610833,0.3888062907957426,0.9669379180625481,-0.5241416074004217,13443
C18_500.9369036_34.72336184,0.34243536059466784,0.7339377951243096,1,0.2427846707306966,13444
C18_500.9782391_59.50172078,0.9758217946697492,0.3354142808016616,0.9530889304266006,0.3259688753688251,13445
C18_501.102094_107.1022068,-0.05268520888981346,0.9582627592287514,1,-0.021433759883357266,13446
C18_501.1210028_45.70334954,-0.49492941932488804,0.6235413047090121,0.9947980550876518,-0.12345463371826094,13447
C18_501.2120759_136.8735667,0.32017785668985993,0.750613108864459,1,0.25648429696449243,13448
C18_501.2826553_185.2163302,-1.166589476324626,0.25075137693314903,0.9053010394091442,-0.35333817253442446,13449
C18_501.2884219_113.9464534,0.8025296924487898,0.4273103507731617,0.9738791676427527,0.6804996342501528,13450
C18_501.3021015_128.2015012,-0.06681713864105623,0.9470827254692814,1,-0.04008600225830724,13451
C18_501.9814698_59.91520297,-0.26151162142552353,0.7951309054462538,1,-0.08294701519975299,13452
C18_502.2901924_190.1174081,-1.4509730082717212,0.15511273727360597,0.8125085821135265,-0.4162270344203671,13453
C18_502.6338775_21.12715861,-1.803613150778016,0.07934127989306926,0.6911349530212022,-2.0231915974901895,13454
C18_502.865286_102.7906205,-0.20847281087868552,0.8359895240600217,1,-0.15219949556941262,13455
C18_502.9367576_46.99958456,-1.0544069531093014,0.2984519738374839,0.9388638086478203,-0.27322579484690585,13456
C18_502.976433_59.68425441,0.5588620318213807,0.5795825764764405,0.9913379189285378,0.21050916268212932,13457
C18_503.0038101_22.29863058,-0.9043436506656499,0.3715942128044436,0.9637531830220828,-0.8523619900990689,13458
C18_503.0316177_166.3693322,-1.4373153954556233,0.15893165561099776,0.8193248359762065,-0.2477556111816119,13459
C18_503.1524495_25.8376387,-0.1081873392576698,0.9144246548500317,1,-0.11886829007507052,13460
C18_503.2719159_32.48809788,1.6420805343283307,0.10894550135601642,0.7320503961946185,1.4568090443183692,13461
C18_503.2829737_185.6796676,0.03980026645794989,0.9684637871870997,1,0.036012603952799635,13462
C18_503.2954391_192.1795176,-2.1489348489069986,0.03816936706954606,0.5251143098270588,-0.6491159182218313,13463
C18_503.3234182_121.8735969,0.8654988879539439,0.3922757980443451,0.9669701703160376,0.644860925188111,13464
C18_503.8688039_103.9483139,-0.6321229180119023,0.5311469316920358,0.9824083431236167,-0.3773384787360999,13465
C18_504.2867507_204.8185511,-2.985319645365213,0.00496930617632175,0.21527194619442977,-1.5830585224759168,13466
C18_504.3104127_204.1289763,-2.668804912693222,0.011187744979288101,0.30609788145583167,-1.1017009782208695,13467
C18_504.3269649_123.0751963,-0.6871136136682783,0.49624438330388854,0.9781047779839798,-0.403656257996255,13468
C18_504.8695238_27.52470434,-0.6938783683022408,0.49204034335613256,0.9781047779839798,-0.3795086077889382,13469
C18_504.8949848_77.20198519,1.5547977771483084,0.12840546880963646,0.7675729983817857,1.1371517289062896,13470
C18_504.9165009_34.81125121,-0.4524793519934245,0.6535340086209984,0.9965858111391217,-0.21833454722137904,13471
C18_504.9528561_36.98385729,-1.0431872406557798,0.3035490512070024,0.9402374180413365,-0.25778575642972457,13472
C18_504.998247_44.00181532,1.5499345488475524,0.12956767092984425,0.7695072627505222,0.833227636849908,13473
C18_505.0286656_166.8136817,0.1941691572410636,0.8470928602766499,1,0.07326289528213781,13474
C18_505.0376031_18.91926875,-0.5614226231031634,0.5778538686983508,0.9913379189285378,-0.290258039449776,13475
C18_505.0661832_25.61001653,-0.5478395593624809,0.5870527564918977,0.9913379189285378,-0.5044145584373494,13476
C18_505.2074703_35.03497177,-0.08395412663923418,0.9335400823963846,1,-0.06832223267569303,13477
C18_505.2548587_153.1727788,-1.795282510975546,0.08068200721347679,0.6939617698381066,-0.8474926371985748,13478
C18_505.3138248_204.2257897,-2.201877983518819,0.0339086967862768,0.5027225142861993,-1.049896630850558,13479
C18_505.3368319_181.3776427,0.043777874668259595,0.9653140548659596,1,0.03421369582940815,13480
C18_505.5374853_18.19002863,-0.14520230989830998,0.885329825824942,1,-0.12518893795428582,13481
C18_505.9544076_137.5749682,0.6846713586461743,0.49776703700634983,0.9781047779839798,0.1971216414028631,13482
C18_506.0842608_227.6247835,-0.9687945382561701,0.33886313208490193,0.9543069303606773,-0.7314691891422178,13483
C18_506.2597479_152.8346349,0.5951721462749694,0.5553079893355439,0.9865304209500617,0.3030374114375763,13484
C18_506.3209_225.9272876,-2.8857520442722806,0.006445058918803436,0.24050326749264128,-1.6563664526746098,13485
C18_506.3397721_181.2638194,0.2405392743678508,0.8112241593241948,1,0.20401144104249128,13486
C18_506.627697_20.77566617,-1.6896450503398697,0.09940549824558437,0.718134185467518,-1.6516538708851956,13487
C18_506.8303576_101.0486554,1.9830388850195941,0.05473265764680977,0.6038706641753708,0.8120645067616767,13488
C18_506.8532001_80.07702098,-1.4297253639774559,0.16108575308201517,0.8218381018016443,-0.3932144337281758,13489
C18_506.9108158_53.24297208,-0.03191697873196895,0.9747077573757266,1,-0.010797268731078226,13490
C18_506.9575368_137.6169234,-0.27517892129581695,0.7846913481769855,1,-0.09216887518318015,13491
C18_507.146723_78.0298203,-0.07533776844064796,0.940346984568021,1,-0.06337691177224175,13492
C18_507.1674278_83.8424363,-0.22040293430629926,0.8267544976658012,1,-0.16529261726202374,13493
C18_507.2245162_126.4409055,-0.6056487030885517,0.5484012555088871,0.9857989553982086,-0.6721107995814222,13494
C18_507.2735344_147.4159242,-1.2715039702260762,0.2113896223220901,0.8683661493536527,-0.531895109120504,13495
C18_507.3211285_137.808096,-1.1166505948250736,0.2712570356489577,0.919604667683454,-0.5824097246270316,13496
C18_507.3522234_189.3819494,0.013799284014820088,0.9890633663149087,1,0.011786013823186253,13497
C18_507.3712251_164.811195,0.15487212077622758,0.8777538201055617,1,0.10310152190184561,13498
C18_507.4435729_220.9340087,1.2698389963440724,0.21197579181656417,0.8688076413874833,0.8508781035205223,13499
C18_507.981805_279.5559703,0.17896584212012098,0.8589292395957384,1,0.07827896586544562,13500
C18_507.9818228_126.8682999,-0.5585092242811033,0.5798209618500205,0.9913379189285378,-0.27458849118586015,13501
C18_508.2769784_147.6356975,-1.0814377160223116,0.28641723405740727,0.9295944216943315,-0.4957066294567416,13502
C18_508.3247146_138.4981117,-0.7599253261134217,0.45205681890583815,0.9750316892785739,-0.7162423661606672,13503
C18_508.3417935_167.6015893,-2.0201108610243055,0.050567928742498595,0.5845637678768602,-0.8951265940583168,13504
C18_508.6249841_20.54900083,-0.22392617714816265,0.8240318783186941,1,-0.18858610299497494,13505
C18_508.790318_91.06847619,-0.041839958893019155,0.9668485571218396,1,-0.012007321407378143,13506
C18_508.8480993_94.2451426,-1.9224865146682257,0.06217550896677289,0.6319277618398141,-0.5813718659781137,13507
C18_508.8690507_74.34484451,-0.9323711687413268,0.35711708486648885,0.9588670540445742,-0.3426001627347098,13508
C18_508.9034606_28.23730145,0.39004414982750113,0.6987135339663196,0.9999159889500627,0.20641416818082137,13509
C18_508.9527293_137.4971353,-1.0317050162523596,0.30882737425754775,0.9421850854569164,-0.6903241840294033,13510
C18_508.9649805_49.86349162,1.1674591343084464,0.2504045275379126,0.9051843501019633,0.5202310979778811,13511
C18_508.9869522_45.19502162,0.563183012089752,0.5766668600912701,0.9913379189285378,0.2296818713950835,13512
C18_509.0106177_29.27809206,0.3640776228165448,0.717847602068707,1,0.2869023889597111,13513
C18_509.0231908_47.3408099,1.6067721078986754,0.11650436889181112,0.7473595897469795,0.5963538981206626,13514
C18_509.0953703_20.64368118,1.3767997174696842,0.1767495874522003,0.8381334195212999,0.9837043101206476,13515
C18_509.2774126_40.89727828,-0.6963248301469463,0.490524868051332,0.9781047779839798,-0.4530535721022497,13516
C18_509.2907615_157.5964092,-0.6318185100482561,0.5313436873242408,0.9825105141082653,-0.24368238299426956,13517
C18_509.3312874_191.2573494,-0.5293475920560711,0.5996883750317064,0.9927179766037689,-0.17047201686331262,13518
C18_509.3457822_167.529527,-1.6186335723278416,0.11391858400434479,0.740141006909949,-0.83662475851136,13519
C18_509.385529_198.8760558,0.15581743149424496,0.877013810357381,1,0.10744232239147987,13520
C18_509.9690867_60.65539015,1.4086360728486509,0.16719153149491064,0.8296138223463838,0.5813297262078341,13521
C18_509.9901833_46.29442645,1.1610310090111913,0.25297652781360225,0.9054022050039036,0.38139311063041015,13522
C18_510.0262542_48.69777137,1.5930915830273267,0.11954606314539165,0.7551542629731013,0.6396939288595862,13523
C18_510.0734296_94.95048298,-0.29851725582040967,0.7669585333029381,1,-0.10372634662775446,13524
C18_510.2545068_22.56696128,-0.8387652833524908,0.40692311167729167,0.9676316311691489,-0.6333274145706583,13525
C18_510.2925435_153.6543903,-0.6263934871171941,0.5348566164534942,0.9833164118236528,-0.24634376088412818,13526
C18_510.324083_282.0021435,-0.9050286366184656,0.37123593745687467,0.9637531830220828,-0.2873570263622877,13527
C18_510.3359632_191.3425341,-0.03751429845877185,0.9702742022452593,1,-0.019197105072761126,13528
C18_510.8064725_87.0604454,0.9486905705421858,0.34886010744495277,0.9574386235069654,0.4013578790323987,13529
C18_510.8281869_76.90242787,-1.859575328533814,0.07081498836134432,0.6614170434938879,-0.7799269573479894,13530
C18_510.9233106_63.61039862,1.3331033576633697,0.19055115977514694,0.8507713974810356,0.5111783822546765,13531
C18_510.944938_51.03283162,1.081254377827443,0.28649769571270595,0.9295944216943315,0.459953689128903,13532
C18_510.9811774_44.35796995,0.5472184658839543,0.5874750631444062,0.9913379189285378,0.30886574679942425,13533
C18_511.302652_160.0211029,-1.227632826606972,0.22724552388425517,0.8838402126105115,-0.47480527365396746,13534
C18_511.3263807_281.571222,-0.6496665577201092,0.5198728200355984,0.9824083431236167,-0.1843587149290988,13535
C18_511.3648966_165.1234674,-0.46461834886472647,0.6448947799870642,0.9962085044382889,-0.3215999940024043,13536
C18_511.4743573_245.1078794,3.1386205533701914,0.0033035271368025204,0.168495921776726,3.3570619375575763,13537
C18_511.9271349_66.90844919,0.9540887553157991,0.34615682385976865,0.9572455292742392,0.3841459708990408,13538
C18_511.9845213_62.95979306,1.0475080011877411,0.30157906093695835,0.9396681966123791,0.5620763647771083,13539
C18_512.0705764_95.03126237,-0.03504187066170299,0.9722324667610549,1,-0.014196230256877109,13540
C18_512.2701574_25.35247429,0.20739940909339286,0.836821612572137,1,0.24427585848315939,13541
C18_512.3007021_183.8933675,-3.7041982496665047,6.812468391074532e-4,0.0708767406780006,-1.3552815850517352,13542
C18_512.3206184_292.4617885,0.1017815663632884,0.9194730711800392,1,0.026939781433151438,13543
C18_512.6630882_20.87586996,0.6838564687991902,0.49827566517661326,0.9781047779839798,0.4102064572577526,13544
C18_512.8818475_65.40816658,1.3973287598444109,0.1705389474336328,0.8323231239234016,0.3285883188687237,13545
C18_512.9218924_65.64341012,-0.6961625517410778,0.49062531146222577,0.9781047779839798,-0.29772705291457824,13546
C18_512.9394244_66.06962348,1.0024561692619747,0.3225568020251691,0.9503055005244969,0.3092844256064047,13547
C18_512.9730163_33.89032918,-0.36222439337841245,0.7192204432247112,1,-0.17275215513841252,13548
C18_513.2202692_142.8551054,0.3502919284520398,0.7280822193734657,1,0.176183947970483,13549
C18_513.2732906_26.06835229,-0.16679695926567295,0.8684271611863672,1,-0.17019314178820774,13550
C18_513.3039324_184.5657579,-1.8118529434815636,0.07803376137021599,0.6875549024823854,-0.7625579103390685,13551
C18_514.2234865_144.3364154,0.2279652666982395,0.8209133441022644,1,0.15486427636969005,13552
C18_514.2519567_180.4020632,1.1395658689405828,0.2617036580542753,0.9128151645652964,0.5457477261161352,13553
C18_514.2855588_48.99861548,-0.203897638473215,0.8395374602061548,1,-0.1470952390361731,13554
C18_514.3062388_185.4999366,-1.1679410864234954,0.2502124586937215,0.9051843501019633,-0.23157593398791565,13555
C18_514.6137476_20.55284746,-1.2560151267670836,0.2168898729837426,0.8731537174226586,-0.9384803817049066,13556
C18_514.818872_132.8591951,0.30570159428127064,0.7615247329341137,1,0.15996466092164996,13557
C18_514.8400919_76.21907456,0.7376040133082858,0.46535185785803235,0.977038339924947,0.18870734435935838,13558
C18_514.8791692_72.87128754,1.246260312135849,0.22040848150476208,0.8778528260192604,0.5415260573319535,13559
C18_514.8977374_57.23455931,0.4906065388266233,0.6265671957896581,0.9947980550876518,0.22815215730359212,13560
C18_514.9518449_37.2496016,1.9780462766860059,0.05531568315290424,0.6065607728992479,1.054598851524362,13561
C18_515.0786514_106.1720181,-0.11621235877025976,0.9081051939022138,1,-0.0961200080563029,13562
C18_515.0997432_20.63895759,-0.1055852811468384,0.9164749266439198,1,-0.09555673804085658,13563
C18_515.1151222_19.92244109,-0.35510454055534235,0.7245034462418688,1,-0.2530757503355617,13564
C18_515.2892487_50.03093064,0.8715718032696974,0.38899537402333306,0.9669701703160376,0.4669097650890722,13565
C18_515.3052926_131.2133285,-0.8642790196812274,0.3929368373678527,0.9669701703160376,-0.6857619148489054,13566
C18_515.3231914_129.8750946,-0.26896955270758394,0.7894294122381207,1,-0.22829930821110847,13567
C18_516.0268183_18.57279631,-0.348982678531123,0.7290568811279045,1,-0.26858525952255236,13568
C18_516.0819354_106.8181128,-0.0920283360921774,0.9271660523510619,1,-0.02445317172514492,13569
C18_516.2948622_101.615214,2.194000092659818,0.03451464592499534,0.5048831476813758,2.1227227520824443,13570
C18_516.6107362_20.76584675,-0.529679226985365,0.5994606431097718,0.9927179766037689,-0.5619276498206014,13571
C18_516.835816_100.9302719,-1.8055360163330478,0.07903450637759338,0.6906005028676255,-0.44710797338199976,13572
C18_516.9525014_45.61357498,-0.9364066032448033,0.35506348429698154,0.9588670540445742,-0.30715879893675396,13573
C18_517.0757416_107.664094,-0.9205453584172926,0.36317987015403164,0.9633639059453812,-0.2642936064686799,13574
C18_517.1339308_21.94219192,-0.28638499951205465,0.7761616323089847,1,-0.14752754335352916,13575
C18_517.1680953_26.66780231,0.8465761956266665,0.4026087887714025,0.9669701703160376,0.5884328662562022,13576
C18_517.2068881_38.28643159,0.3968784561656976,0.6937098308992304,0.9999159889500627,0.2612524228619446,13577
C18_517.2427462_126.9445612,-0.7616871184168964,0.45101705110192447,0.9745894987688215,-0.36525988550339705,13578
C18_517.2987913_103.9873517,1.2800300898235992,0.20840702064636504,0.8683661493536527,0.8333898498108007,13579
C18_517.3903942_223.4768188,-1.1311632520296235,0.26517824438833903,0.9153716740091526,-0.6382327469682446,13580
C18_517.942525_31.28512683,-1.1502992896716067,0.25731303664778343,0.909076957469324,-0.5869471455663289,13581
C18_518.1376616_22.06017799,-0.4891577459276548,0.6275827772606353,0.9947980550876518,-0.5646974953320969,13582
C18_518.230651_129.4200907,0.517927914904622,0.6075549414104664,0.9928201179984223,0.3933291745273168,13583
C18_518.6077762_20.82713946,-1.575583084679012,0.12353294831282194,0.7633864733503855,-1.5478386605864942,13584
C18_518.8598956_32.69468206,0.10669767112182026,0.9155983558879743,1,0.08421570197785495,13585
C18_518.9107791_47.79805853,0.6895332687974682,0.494738372485949,0.9781047779839798,0.26575632176081976,13586
C18_518.9320308_39.08458575,-0.8404760278508716,0.405975742935637,0.9672616821631036,-0.24518873868639618,13587
C18_518.9684081_38.73885978,-1.5057584980500334,0.1405179527836208,0.7852222195474602,-0.45169899748721654,13588
C18_519.22254_32.24546638,1.1524909072698821,0.2564231066086063,0.9085114391831796,0.926265840305312,13589
C18_519.2270173_127.9199686,-0.2169965185857858,0.8293889001218924,1,-0.26002013872344987,13590
C18_519.2417809_184.2815268,-2.8521948621283717,0.007028674082435298,0.2509556132614966,-0.5920544648009666,13591
C18_519.2714034_162.4689086,-0.7494237451505066,0.45828377775941154,0.9755657681934743,-0.3834280492265328,13592
C18_519.8639594_33.13731326,0.31306990083084907,0.7559644738376217,1,0.336804968850253,13593
C18_519.9355601_32.61901959,0.49393551549727094,0.6242364261641269,0.9947980550876518,0.3313998044319208,13594
C18_520.0632763_127.2955769,-0.7704781452192833,0.4458498886094102,0.9745894987688215,-0.8048180476667646,13595
C18_520.2667786_195.6230045,-1.8639224352769632,0.0701866622238455,0.6575902796277318,-0.9486896513919295,13596
C18_520.2717508_115.2280532,1.244962976738422,0.22087962835968006,0.8784165641675598,0.9995848386831127,13597
C18_520.3322643_291.2659064,-1.5512650331913356,0.12924887381177255,0.7690074549221807,-0.41299266688312375,13598
C18_520.6048906_20.77955768,-1.2573066053545858,0.21642719960053816,0.8728105295437921,-1.603261458237314,13599
C18_520.8688104_82.64980686,1.4081610250292491,0.16733112354517332,0.8296138223463838,0.5039669900721,13600
C18_520.8903241_59.85721125,1.7638276264192716,0.08591809078399659,0.6962067550962847,0.831630084679005,13601
C18_520.9265022_48.43207169,-0.8296321524350541,0.412003996586465,0.96978156031432206,-0.20200815789667406,13602
C18_521.0641015_127.414195,-0.8876869053387538,0.3803749682787305,0.9638726330536317,-0.16864755407846815,13603
C18_521.1642787_85.56218494,-1.5667746633892472,0.12557918948924776,0.7644475925677792,-1.1954607482626216,13604
C18_521.2769578_43.12338392,0.31683046550863203,0.7531317218393017,1,0.15847176056414294,13605
C18_522.1049282_17.08193314,0.7728023818936427,0.4444896419948049,0.9745894987688215,0.6018069814314678,13606
C18_522.1684969_86.57782758,-1.0048929459557026,0.3213973908946683,0.9494458463623993,-0.7375071753130852,13607
C18_522.2620124_183.7991288,0.41532986559655993,0.6802704877455243,0.9999159889500627,0.21914089535292522,13608
C18_522.2803027_45.09779062,-0.4524198783952704,0.6535764559568404,0.9965858111391217,-0.24289097309018903,13609
C18_522.6019718_20.56731023,-0.6594381129079253,0.5136494196690997,0.9819216820396152,-0.7804040804147524,13610
C18_522.8272049_80.11868076,0.29361267080499154,0.7706749447638395,1,0.12154070548098915,13611
C18_522.8484374_71.55753765,-0.2766070197386682,0.7836028024748085,1,-0.21446733728230474,13612
C18_522.8848206_70.77767082,-0.12828832651165267,0.8986072575619645,1,-0.036263932323967275,13613
C18_522.9187093_29.2270159,-0.4069417227362085,0.6863673409336326,0.9999159889500627,-0.1276613977162242,13614
C18_523.0026711_46.97940092,0.4967816107983625,0.6222468405202497,0.9947980550876518,0.10776211414256097,13615
C18_523.1415722_83.80532485,-0.030227328959195575,0.9760462705757442,1,-0.024241268769162237,13616
C18_523.331408_272.2284212,0.3102708403647434,0.7580751658944217,1,0.10235610301109459,13617
C18_524.0055011_47.00005744,1.3633009625728263,0.18092798950620897,0.8441208526690812,0.39300704668863057,13618
C18_524.0894349_115.1638291,-0.13641977374056038,0.8922201629326378,1,-0.04632647906853185,13619
C18_524.2791007_183.85871,-0.2296208440484946,0.8196359395031123,1,-0.0822458498535504,13620
C18_524.3352447_294.9561954,0.9937445440227874,0.3267249570004287,0.9506069103298993,0.1769491730159426,13621
C18_524.822699_86.62634564,-0.5247223564711841,0.6028687381749958,0.9928201179984223,-0.13773506216977188,13622
C18_524.8431843_75.60955061,1.1750741896826031,0.24738226457485044,0.9010955962374397,0.40548467557314477,13623
C18_524.9148261_29.21600695,0.07197559863617824,0.9430043497349825,1,0.04628960442236768,13624
C18_524.9393933_62.93644551,0.7657606953231614,0.44861832339720675,0.9745894987688215,0.29506300742624386,13625
C18_524.9609076_49.45386242,0.23372068441124047,0.8164747487939271,1,0.0841307901592729,13626
C18_525.0034886_50.75403924,0.643943878559672,0.5235362393150069,0.9824083431236167,0.3374654569262362,13627
C18_525.2718647_26.12866533,0.5753590033698434,0.5684896571249191,0.9913379189285378,0.44604434106637136,13628
C18_525.2828525_182.1619515,-0.309198545466617,0.7588842514060166,1,-0.10644159408391618,13629
C18_525.2943882_162.0411346,0.7544394033200834,0.455303495226165,0.9753792522951469,0.5485816127230949,13630
C18_525.3112692_277.1480582,-0.26681430985265026,0.7910758782916563,1,-0.17943044847221742,13631
C18_525.3288341_282.8595966,-2.2314353207530373,0.031718720405561014,0.493246874061832,-0.6013899172473269,13632
C18_525.9641596_51.7368895,0.497708559902939,0.6215994677397024,0.9947980550876518,0.21404847012686387,13633
C18_526.0861558_115.3643933,-0.15345684100610185,0.878861939434443,1,-0.055991632731347135,13634
C18_526.249483_22.1205011,-1.0186839453726422,0.3148890828176497,0.943249128859935,-0.9986144882767614,13635
C18_526.2907536_188.7739482,-0.4199557636825151,0.6769174388037261,0.9996367449012522,-0.1340623935752921,13636
C18_526.3160596_191.3688084,-3.5546326988541455,0.0010446378454789262,0.09286212860536602,-1.5555113462486507,13637
C18_526.3517775_159.3496586,-1.1483892123535862,0.2580904608982948,0.9093072753335302,-0.4217820114104223,13638
C18_526.8963739_56.25208029,-0.9448658453830826,0.3507838625275692,0.9578247927857968,-0.24188126638186816,13639
C18_526.9186336_60.8873692,1.07583147627811,0.28888483020905964,0.930363967095018,0.36020440755425914,13640
C18_526.9555381_62.05102224,1.1837638962080328,0.24396605906293314,0.8989435781740478,0.38316704009949637,13641
C18_526.9882168_36.3755505,0.8919317612597634,0.3781247495322224,0.9638726330536317,0.2892004052802728,13642
C18_527.0215766_167.7579877,-0.23044468470878385,0.8190004686699636,1,-0.03945572447126452,13643
C18_527.2968019_190.5488187,-1.023053160317622,0.3128460697556473,0.9421850854569164,-0.47152290103897576,13644
C18_527.3196481_187.8533815,-4.087504027742627,2.2170912272963646e-4,0.04992522391675649,-2.3619860851790873,13645
C18_527.4099635_212.2586172,1.9697618377582404,0.05629500332814514,0.6120377178444015,1.225922859609225,13646
C18_527.9981312_143.6036274,-1.2389558314345328,0.22307100833606702,0.8799075082512211,-0.35631280975773627,13647
C18_528.0216443_166.7424553,1.227962682790807,0.22712309992965377,0.8838402126105115,0.44690408855633534,13648
C18_528.1789255_174.2623904,-1.9600099732730836,0.057467000177518594,0.6133199145431344,-0.9369975519202847,13649
C18_528.2648691_22.86657871,-0.255032785239969,0.8000931628911178,1,-0.2941286003012861,13650
C18_528.274524_189.5054865,-2.5493430593648774,0.01501597263175883,0.3510430506621,-2.132597980562514,13651
C18_528.2874428_193.9877088,-2.5519488793210856,0.014920997091363077,0.3510430506621,-1.8330013587942648,13652
C18_528.3105863_198.6916715,-1.8491060624123776,0.07234792533817189,0.6679483717547078,-0.6945164230154872,13653
C18_528.6368549_21.04269806,-0.5461212580567435,0.5882214565017228,0.9913379189285378,-0.26874784304786503,13654
C18_528.8558495_75.18833561,0.37691031173137063,0.7083675769556477,0.9999159889500627,0.07445258814370057,13655
C18_528.879592_28.99317376,-0.051674420075626365,0.9590627678602546,1,-0.04950861760986174,13656
C18_528.895623_69.30995436,0.1786114708089404,0.8592055366897541,1,0.09371779907217898,13657
C18_528.9136668_54.91692417,-0.6383753620042221,0.5271141550854956,0.9824083431236167,-0.24276765659958247,13658
C18_528.9707027_192.826109,-0.8672948251014243,0.3913038682854113,0.9669701703160376,-0.2075077716891727,13659
C18_529.0191388_167.0443234,1.380830886766315,0.1755163940643006,0.836324704504144,0.4693392156199459,13660
C18_529.2698379_213.7622334,-0.04870275443753346,0.9614149962380338,1,-0.010403817405500561,13661
C18_529.313775_200.7044487,-1.2896868529184533,0.20506735315730892,0.8654972584231475,-0.832630329552608,13662
C18_529.4257718_220.6401802,3.0480155563603195,0.004209872669255573,0.19939618047014998,2.9268196314136627,13663
C18_529.9633836_122.5494393,0.007005616396940604,0.9944475587825101,1,0.0031549708478260455,13664
C18_529.9636665_284.0213899,-0.5545436106663106,0.5825037376436006,0.9913379189285378,-0.18034610226711192,13665
C18_530.2718744_199.258138,-0.28661833560049854,0.7759843182717696,1,-0.06586842457265603,13666
C18_530.3114906_101.0868079,2.7662448546258687,0.008756137789394575,0.27106863387821756,2.0268887968075027,13667
C18_530.3244026_214.8649469,-1.723333776565209,0.0930766026705105,0.7113221259969026,-0.6214861522202129,13668
C18_530.8141374_82.85111184,-1.794083139116595,0.08087660076310875,0.6939617698381066,-0.7646699219645603,13669
C18_530.8725291_76.09512845,-0.07600738554797544,0.9398178194214457,1,-0.05762793406473782,13670
C18_530.9681705_140.6248959,1.9400010015997406,0.059937926471235206,0.6241315702727834,0.6812875946991936,13671
C18_531.0777489_21.51569224,2.059549115690335,0.04644323884944555,0.5623314133857369,1.3038492599756086,13672
C18_531.2220923_35.55697193,0.05521575170333864,0.956260105137293,1,0.04825998270224854,13673
C18_531.2734274_148.932157,-1.049043477512372,0.3008811193445308,0.9396681966123791,-0.48200776080944496,13674
C18_531.3065384_231.3232636,-2.040079741756143,0.04844115269328014,0.5734819207320505,-0.9132413798327798,13675
C18_531.312377_103.2231602,0.5418286386236366,0.591145953343835,0.9919344024228657,0.22656560529007608,13676
C18_531.9585114_32.51960408,0.6182468522329164,0.5401547062723572,0.9842067310993657,0.4401275706602843,13677
C18_532.2694717_103.9881633,2.2502815450512315,0.030389084238340507,0.48527792942845227,1.465953492412451,13678
C18_532.280158_147.9447567,-0.1697013491677142,0.8661584076388512,1,-0.07830399157683081,13679
C18_532.303179_230.4152826,-3.7931974149377403,5.266601154513035e-4,0.0671313570817816,-2.605245492006786,13680
C18_532.5851884_20.54332637,-0.4047498729495068,0.6879639954595896,0.9999159889500627,-0.3209751638018268,13681
C18_532.8093274_94.27092063,-0.31051864605537727,0.7578882266614595,1,-0.08623836248525438,13682
C18_532.8645019_27.31754028,0.5614910409967162,0.5778077130197069,0.9913379189285378,0.4878449728323282,13683
C18_532.925985_29.67023796,1.2644909669992908,0.21386688124266626,0.8700201576306809,0.5434946990403076,13684
C18_532.9470885_39.98551647,0.11389643240781124,0.9099283136222829,1,0.05640853370056511,13685
C18_532.9840183_41.6716743,0.26319603911234246,0.793842181626396,1,0.08975843919662296,13686
C18_533.1093991_26.08019145,0.41758360162966085,0.6786360564554949,0.9996367449012522,0.34028491292644636,13687
C18_533.2277158_26.18673387,-0.14048300761749205,0.8890312674743505,1,-0.14524461785724022,13688
C18_533.2375968_127.4381081,0.8119048794619916,0.42197701676839416,0.9720647144923827,0.8843797911940522,13689
C18_533.2728257_103.6052539,-0.7141756419676244,0.4795464892123704,0.9781047779839798,-0.23224753975643883,13690
C18_533.2912605_165.4448521,-0.24504386445504653,0.8077602669966693,1,-0.14739294030323147,13691
C18_533.456627_244.6501134,3.574580620155606,9.871174601045758e-4,0.08963939478753113,3.809028982170229,13692
C18_533.9512819_35.97614627,2.2834791622590354,0.028167640039906617,0.4702589001348916,0.9511200077339367,13693
C18_533.9751368_283.8025697,-0.3816155137392033,0.7049033043881703,0.9999159889500627,-0.13400496764280448,13694
C18_533.9945317_128.5995824,-1.015045769180715,0.3165972142436875,0.9448598472204275,-1.0071139582828839,13695
C18_534.2293992_24.97889187,0.2661517392137371,0.7915822347557078,1,0.2604830506323447,13696
C18_534.2380894_186.7412278,-1.4461152873354406,0.15646265540634796,0.8151797605900822,-0.9982322788619765,13697
C18_534.2523367_27.37361605,0.6188715753965157,0.53974745799038,0.9840001469570548,0.5285868598921584,13698
C18_534.2690405_141.7026477,-1.6709848455335534,0.10306221337004075,0.7222851642405752,-1.2114000079146525,13699
C18_534.2832231_196.3219868,-1.5168337772482365,0.13770532851332037,0.779368069461834,-0.7571048243736963,13700
C18_534.4601234_244.733564,1.8299802017306206,0.07522140540287532,0.677596490183011,1.2987285151771015,13701
C18_534.8823048_27.90701347,1.1198950399474221,0.2698895130187367,0.9185780391297615,1.2653961058188758,13702
C18_534.8845869_72.46351315,1.4567308524727447,0.15352461734658823,0.8093529323875507,0.6533198412401211,13703
C18_534.9060261_50.93541084,-2.2105506348831176,0.033252574139977245,0.4996956656890978,-0.9756395203380492,13704
C18_534.942425_47.88461545,-0.8228224971882975,0.41581766142322873,0.971089044065792,-0.216341224365138,13705
C18_534.9635538_36.63871329,0.04681923951786177,0.9629060788784931,1,0.030124959313420508,13706
C18_535.180835_85.9970834,-0.6231226510475942,0.5369804946040853,0.9833164118236528,-0.5365538026332102,13707
C18_535.2407465_24.37635983,-0.1528680386798903,0.8793230259189053,1,-0.18409239311992115,13708
C18_535.3162059_193.5245424,-1.4371724298132689,0.15897201954202245,0.8193248359762065,-1.0676727418185104,13709
C18_535.4015393_193.1131605,0.7273365778312373,0.4715425327617566,0.9781047779839798,0.6115189379917292,13710
C18_536.2405517_185.0365234,-1.1357862221935866,0.26326251794558214,0.9143904567593096,-1.0525253100958492,13711
C18_536.3199042_193.7434407,0.2880543803333484,0.774893323704632,1,0.09014868960233116,13712
C18_536.8430822_82.85540887,-0.1074452439296774,0.9150093234300549,1,-0.02980741868804129,13713
C18_536.8641703_71.36168592,0.4075823991840707,0.6859009142535426,0.9999159889500627,0.15172952238251078,13714
C18_536.8949296_69.44624565,0.17612647489648475,0.861143546471579,1,0.054365340095269235,13715
C18_536.9009539_65.3667157,0.06439865844795852,0.9489953252409327,1,0.016510623923644323,13716
C18_536.9344806_30.0432423,-0.7794086745131149,0.4406368255951296,0.9745894987688215,-0.21568989546112147,13717
C18_537.0183747_49.68425202,0.7565382231313723,0.454059762143583,0.9753792522951469,0.11589419539617117,13718
C18_537.1389697_87.28717531,-0.6686691536773345,0.5078075249236198,0.9792480731462698,-0.6979581071617039,13719
C18_537.2515091_110.5245123,0.045636351295621054,0.9638425804753503,1,0.02228208385890404,13720
C18_537.3321433_231.3751684,-3.27971812942034,0.0022506917108630815,0.1344724822145782,-1.6355887884236227,13721
C18_537.3471787_276.623158,0.3187528942716978,0.751684929675185,1,0.11434548487600707,13722
C18_537.4172309_221.7722986,0.06642616112002471,0.9473918999049473,1,0.03821853311413807,13723
C18_537.4906332_248.8630893,2.951552094461959,0.005429983819949024,0.22165929035001536,2.8307854436550044,13724
C18_538.0212848_48.76936869,0.7035996083180355,0.4860339266858972,0.9781047779839798,0.11016133613941664,13725
C18_538.2589265_106.5456162,-0.9198301722187503,0.36354866492465654,0.9633639059453812,-0.8406245062945188,13726
C18_538.2772783_100.1950335,3.219931563182852e-15,0.9999999999999974,1,8.766593562883835e-16,13727
C18_538.3160646_192.914602,-3.279636799565421,0.002251194323515854,0.1344724822145782,-0.9912924309077684,13728
C18_538.3355993_231.6923311,-2.5024284904747387,0.016823376540696877,0.37591025885983376,-1.350245494182552,13729
C18_538.3496135_291.0276301,-0.02286771208276436,0.9818772074615293,1,-0.005946661060159884,13730
C18_538.5766742_20.49719258,-0.29098265901756515,0.7726700808960764,1,-0.1967401819951744,13731
C18_538.8015097_82.13307077,0.760115801415849,0.4519443369947198,0.9750316892785739,0.23257246176756413,13732
C18_538.8227716_73.15743552,1.1583905219197579,0.2540385608173045,0.906563406245264,0.7451122875198719,13733
C18_538.8590477_74.7448065,1.2409174093284596,0.22235366045332353,0.8798719757146458,0.31302082550187244,13734
C18_538.8930406_28.86154671,-0.5498082642045792,0.5857151217787413,0.9913379189285378,-0.28924580227115465,13735
C18_538.9768383_47.39894426,1.6361654716618736,0.11018292782060561,0.7340855793306676,0.6945398128006217,13736
C18_539.0229469_48.88492603,1.3010889248708746,0.2011763945901901,0.8636226484729774,0.231461381375938,13737
C18_539.2482683_23.93235798,0.7373436843344069,0.4655082384718945,0.977038339924947,0.6951690695178221,13738
C18_539.2667517_127.7519793,-0.7077912766033835,0.4834568251320759,0.9781047779839798,-0.8030710127560542,13739
C18_539.3196969_193.104522,-2.679455932051517,0.01089438021240947,0.3034288370223858,-1.126765030668067,13740
C18_539.3433383_142.7115459,-0.6502997273964518,0.5194683381425416,0.9824083431236167,-0.5536470378042392,13741
C18_539.3449047_286.4264168,-2.319920758023651,0.025897698164039036,0.4520587090633925,-0.8032755875532901,13742
C18_539.9799046_51.57045436,1.4731783993777479,0.14905887784216731,0.8014900281899261,0.41022164006663603,13743
C18_540.2728802_144.4913218,0.13006675249054162,0.8972097390393662,1,0.0900012857938712,13744
C18_540.3189684_193.368591,-0.6473327946500748,0.5213651345386929,0.9824083431236167,-0.4088634294846678,13745
C18_540.3319818_215.3784667,-3.6587779453889775,7.762174159888605e-4,0.07626502498164746,-1.8963641229412938,13746
C18_540.8175197_76.71337075,-0.03656026159082414,0.9710298172657572,1,-0.019126152852714563,13747
C18_540.913321_61.17063774,-0.21726562312558884,0.8291807110498854,1,-0.07445090475183332,13748
C18_540.9344694_58.83537661,1.0444790504702035,0.30295913836587396,0.9402374180413365,0.47253905796279416,13749
C18_540.9733811_45.38324906,-0.17383849261309872,0.8629286782280426,1,-0.09303317568552524,13750
C18_541.2069348_32.76598389,-0.7807776718939298,0.439840919360609,0.9745894987688215,-0.7740824392705641,13751
C18_541.2670587_23.93081507,-1.162483540851779,0.25239367730536544,0.9054022050039036,-1.0670751986237301,13752
C18_541.3348842_229.7815722,-2.952362866359676,0.005418467668502735,0.22165929035001536,-1.8344559171369157,13753
C18_541.3355021_166.5188976,-1.1434639027308005,0.26010293498197096,0.911112589206785,-0.5851007970198473,13754
C18_542.2705047_23.97188248,0.21076931032267543,0.8342099469509815,1,0.20508697368493595,13755
C18_542.3377226_230.7368807,-3.7204502544241813,6.500746809842894e-4,0.07052604538411186,-2.9507931444043725,13756
C18_542.8716381_73.93254719,-0.6578076649505649,0.5146850237633657,0.9824083431236167,-0.17704402798210292,13757
C18_542.8933357_37.18364605,1.1012909425032165,0.27779808678551837,0.9253857243533475,0.9723422422867207,13758
C18_542.9299121_50.40291285,-0.42026997552966683,0.6766899251225067,0.9996367449012522,-0.1497075781584157,13759
C18_543.2313011_279.5848196,-2.9021962505975734,0.006175917758116349,0.2352344449939078,-1.077524447697386,13760
C18_543.2858757_207.9539477,-0.15713965775966587,0.8759789306877057,1,-0.05219146641457142,13761
C18_544.2669076_186.5500649,-2.997341922372377,0.004814355295855056,0.21305217379685332,-0.7588790096362865,13762
C18_544.8302754_85.35440081,-0.09453662122928302,0.9251869042661334,1,-0.025552677585670938,13763
C18_544.8880852_53.40195643,0.08783422755742332,0.9304764311894946,1,0.04693265073227246,13764
C18_544.9091111_31.56725779,-0.8454601794656216,0.40322346287506317,0.9669701703160376,-0.8828104143022987,13765
C18_544.9124653_144.5015467,-0.23890864467996772,0.8124790163404834,1,-0.3550702034552187,13766
C18_544.9672598_134.7124341,0.333053150903251,0.7409515722614355,1,0.07016150986691923,13767
C18_545.205174_110.6556754,-1.2680600507584543,0.21260343552611197,0.869684833496026,-0.6861492269898827,13768
C18_545.2703429_186.6609972,-3.6721778256850617,7.469444133742495e-4,0.07474201741470994,-2.7097393586705123,13769
C18_545.2765368_123.0114682,-0.5558526694445539,0.5816174803407125,0.9913379189285378,-0.4592876646035752,13770
C18_545.9161726_144.45741,-0.39905125518588713,0.6921219205747584,0.9999159889500627,-0.38729112968824675,13771
C18_546.2086043_115.4781031,-0.16646679611515208,0.8686851386741044,1,-0.08807342548211215,13772
C18_546.2826884_202.3104174,-1.4034032450000073,0.1687342191249955,0.8314976732916184,-0.9194096417849282,13773
C18_546.285011_98.45879615,0.761775794802039,0.45096475366780153,0.9745894987688215,0.8329383569418644,13774
C18_546.8803496_27.90748059,0.1480858140719216,0.8830695119796244,1,0.12523640382805373,13775
C18_546.9191453_144.3291469,-0.7990608873454063,0.4292939886014392,0.9742203846590763,-0.8293296023670932,13776
C18_546.9623429_42.37868349,1.4826696474963432,0.14652918563204595,0.7973583326219057,0.7308874788594394,13777
C18_547.9670456_41.56245225,0.5955392632128083,0.5550652195644661,0.9865304209500617,0.2636655674586273,13778
C18_548.0909661_142.9795918,0.15416242551014447,0.8783094580594677,1,0.0624552327343489,13779
C18_548.8963854_28.31445824,-1.2591580331346253,0.21576521375086602,0.87223789657115125,-0.6758380687808723,13780
C18_548.9211423_47.09384811,-0.01893212663163964,0.9849957590937723,1,-0.009304435590590398,13781
C18_548.9426135_43.11133209,-0.834856113889615,0.4090930591805648,0.9677536454941534,-0.4974943330725787,13782
C18_548.9579886_49.56882295,-0.9318008648880003,0.35740793448464026,0.9588670540445742,-0.36162670407656156,13783
C18_548.9794035_42.55133042,-0.14458841797405203,0.8858111678952066,1,-0.04735255716191068,13784
C18_549.2357434_25.51941973,0.6803139334315197,0.5004901418047681,0.9781047779839798,0.6704562803986077,13785
C18_550.2470693_23.38608421,-0.7072835980199488,0.4837685424201992,0.9781047779839798,-0.861622118200868,13786
C18_550.858478_61.33147139,1.5095652958131924,0.1395460560652225,0.7836130925925425,0.7393216171557309,13787
C18_550.8798587_68.84654583,0.5172063056718729,0.6080536355022782,0.9928201179984223,0.12934076771004674,13788
C18_550.9166446_64.27852293,0.7427684576634654,0.46225584267801,0.97609318139665735,0.2857813943036988,13789
C18_550.9496919_30.93248706,0.898642564879126,0.37458476316870637,0.9637531830220828,0.5879307422667539,13790
C18_551.0341465_51.14861344,0.4852681151286353,0.6303129771016238,0.9947980550876518,0.07340484661760242,13791
C18_551.1552414_86.77861594,0.04261794224444557,0.9662325099191641,1,0.03468978448072205,13792
C18_551.2490982_23.35665001,-0.5980539188881621,0.5534037619131251,0.9862573907731371,-0.5814339089852516,13793
C18_551.3607177_177.948769,0.23320353594255017,0.8168733272209393,1,0.18070940275408676,13794
C18_552.0371995_50.8569812,1.6008115686445004,0.11782175759799644,0.7509045889916934,0.29243333129709215,13795
C18_552.3106631_196.0881292,-0.7915171037504934,0.43362708177791154,0.9742203846590763,-0.5838130082829872,13796
C18_552.3318433_192.9772779,-3.1235011720073427,0.0034406814952132377,0.17436485899935472,-1.0347329678128012,13797
C18_552.3680995_163.85392,-0.6404118725066987,0.5258041401374607,0.9824083431236167,-0.46733733723622345,13798
C18_552.8170408_82.2393773,1.2606736614787393,0.21522442472464376,0.87223789657115125,0.4505151878582433,13799
C18_552.8381201_74.24790271,2.1733646061482492,0.03614772411626135,0.5143847335746973,0.6601166988720338,13800
C18_552.8750103_68.14802362,0.012948108722978474,0.9897379260020092,1,0.0035528375674952744,13801
C18_552.9115333_29.57665867,-0.29165865907385286,0.7721571149740174,1,-0.17880601772245902,13802
C18_552.99252_53.69520001,-0.5506530345562943,0.5851415950147569,0.9913379189285378,-0.14510366237753278,13803
C18_553.0385936_49.81350219,0.4801745717057972,0.6338961777561872,0.9947980550876518,0.08609533503127645,13804
C18_553.1113485_21.36355445,-0.32786201154517347,0.7448419591517637,1,-0.2563151524795668,13805
C18_553.248742_28.77169381,0.05592236652132403,0.9557009457952478,1,0.06187602592718969,13806
C18_553.3276286_138.083643,-4.1528288552618276e-4,0.999670856499034,1,-3.7403962379709216e-4,13807
C18_553.3351095_193.0673347,-2.896429717053858,0.006269076922783508,0.2352344449939078,-1.7777772478227392,13808
C18_553.9714495_41.72033017,1.1701716342113702,0.24932492901372283,0.9045037333458517,0.3157361743051736,13809
C18_553.9953894_52.88305868,1.2369010251142545,0.22382429601270895,0.8799075082512211,0.24440504647850939,13810
C18_554.2520409_29.63575855,0.19550143431869854,0.8460572964175435,1,0.17310945919927567,13811
C18_554.3029812_203.9738724,-2.564319017815576,0.014477602554377767,0.3456114252342856,-1.4583690163351202,13812
C18_554.3170385_124.2746219,-0.8697792857525455,0.38996183173341314,0.9669701703160376,-0.12213018740180549,13813
C18_554.3341512_194.2116911,-5.249508773795362,6.308606971360083e-6,0.02395189232850786,-3.0987524580510515,13814
C18_554.3472784_219.9871789,-3.2829879915427007,0.0022305725334929327,0.13426166475545584,-1.6480789694299247,13815
C18_554.8330579_76.16209309,0.06081810435690195,0.9518274827783416,1,0.020048933151728975,13816
C18_554.9499619_58.29736405,1.5414411818179468,0.13161776143032924,0.7699545183289296,0.7249396486646473,13817
C18_554.9902955_51.88868559,0.6461593071761534,0.5221163817630832,0.9824083431236167,0.1125018871934185,13818
C18_555.2223201_33.75384176,-1.5576839602576646,0.12771973135970086,0.767062863320257,-1.5091278399520407,13819
C18_555.2306906_168.5223949,0.1276984004333872,0.8990709043869385,1,0.07343002672035855,13820
C18_555.2741784_147.8365948,-0.7196430974204688,0.4762120673249419,0.9781047779839798,-0.719355991468568,13821
C18_555.3036478_290.6983113,-0.8198482272041338,0.41749014896423564,0.9713818483750211,-0.21387495227432177,13822
C18_555.3393626_129.3015437,-0.41396854664255844,0.6812584877383846,0.9999159889500627,-0.26785618742871536,13823
C18_555.3506541_222.7239369,-3.156024528193502,0.0031520622056220656,0.16506299083440884,-1.6836180667978464,13824
C18_555.9534355_58.6495452,0.2352018397640645,0.815333461338162,1,0.0781467368862159,13825
C18_556.3049605_290.028262,-0.7206942490062873,0.47557252272635486,0.9781047779839798,-0.1962567972722528,13826
C18_556.3267921_168.6647543,-1.741178389403795,0.08986283015553893,0.7023904516472353,-0.9259018788446858,13827
C18_556.3376048_123.9086762,1.1337707104548822,0.26409650676622476,0.9153716740091526,0.7605331698367924,13828
C18_556.3532598_231.4936705,-3.470247577081383,0.0013256469177260052,0.10846829727851845,-2.96413236252319,13829
C18_556.5987125_20.57948076,-1.2086047072391746,0.23439075799783834,0.8884134042888568,-0.9711278218740287,13830
C18_556.8873539_73.73568153,-1.3481981944166228,0.18569288773667775,0.8472945879591075,-1.006702104058082,13831
C18_556.9085859_47.10462336,-0.5398529957686014,0.5924942625082286,0.9919344024228657,-0.17994278610199382,13832
C18_556.9466093_54.16154679,2.386302011049661,0.02218178525335799,0.4244273204202801,0.7591793340316955,13833
C18_557.1242425_25.66242537,-0.445848900111408,0.6582734326799958,0.9966192045168055,-0.4427718603726776,13834
C18_557.3014207_290.8519666,-0.9542709812546833,0.3460658122596346,0.9572455292742392,-0.29220380299255044,13835
C18_557.3305785_168.2608174,-1.4985421390626759,0.14237518749560327,0.7875754209703969,-0.649841460795324,13836
C18_557.3558981_230.1838769,-0.4183298661236711,0.6780952041135462,0.9996367449012522,-0.1193132764782726,13837
C18_557.978431_279.4639447,0.9322897074877413,0.3571586198448551,0.9588670540445742,0.2768387965558799,13838
C18_558.2389419_185.2835473,-0.8856353916692624,0.3814655478852711,0.9638726330536317,-0.536664985984757,13839
C18_558.2824462_186.6385821,-0.6734929672211651,0.5047692506433394,0.9781047779839798,-0.43833159894780155,13840
C18_558.3341788_166.5171847,-1.5007861361220933,0.14179557288661224,0.7872485510099023,-0.8669471598562988,13841
C18_558.8441935_98.03511616,1.1432443412219586,0.2601929098786752,0.911112589206785,0.3765185751219736,13842
C18_558.8672336_35.7979835,0.42305013480667236,0.6746782143913347,0.9996367449012522,0.21969917025828922,13843
C18_558.8971573_78.41326861,-0.13489697131542552,0.8934157545987566,1,-0.08070754691725279,13844
C18_558.9243622_33.46936199,-0.44107106705615867,0.6616975045447185,0.997070279228571,-0.18120608353950665,13845
C18_558.9441235_35.22633142,1.8408583383303991,0.07357540062280668,0.6716828542500342,0.8900327962815756,13846
C18_559.3123484_187.5037711,0.22679906682550213,0.8218134535175539,1,0.12219390184476712,13847
C18_559.3380043_169.1996595,-1.1628605866736168,0.25224254125217715,0.9054022050039036,-0.1946886930692853,13848
C18_559.4745698_229.6898443,3.294296482478497,0.002162305575816859,0.13269461170344865,4.124065377775335,13849
C18_559.8948497_109.3975576,-0.8029225348846855,0.4270860543595013,0.973805793031606,-0.39912062435487744,13850
C18_560.2404102_186.616885,-2.456298324507634,0.01879215615234628,0.3976572676214564,-1.7184025003099375,13851
C18_560.2845681_145.08699,-2.135440055613027,0.039328460574068115,0.533088969472485,-1.6253491973675376,13852
C18_560.3314397_169.504015,-1.624106034055289,0.11274154062409755,0.7386028370327659,-0.38278593736559857,13853
C18_560.4782785_229.7876125,2.9544867543689883,0.005388408730593021,0.22165929035001536,3.0789766335492295,13854
C18_560.5926268_21.08976747,-1.126585382911019,0.2670851072954616,0.9171381498604813,-1.0490728449327895,13855
C18_560.8038885_87.65929718,1.3556044848400755,0.18334428425265564,0.8460463584863603,0.4152353874509968,13856
C18_560.861945_82.91874924,0.29447243930718664,0.7700230628973666,1,0.15239099584421203,13857
C18_560.8831919_50.24170017,-0.9838990165848461,0.3314792756482694,0.9506278606123243,-0.81364898838104,13858
C18_560.8973836_28.44547514,-1.586895060437823,0.12094492619947912,0.7582492142912378,-1.1510255188419014,13859
C18_560.9068263_101.8907647,0.06863984290521401,0.945641490502996,1,0.09622106363925884,13860
C18_561.3318721_204.1819483,-2.2934949089546985,0.027526615445806507,0.46598158402008716,-1.0658522901094414,13861
C18_561.3806217_171.7093139,1.405267485730528,0.16818335364358444,0.8310213594924681,0.34998988947264564,13862
C18_561.9104901_106.023819,8.154969875761643e-4,0.9993536562178482,1,7.928614906763685e-4,13863
C18_561.982408_44.73638683,0.48566194914506744,0.6300362981334272,0.9947980550876518,0.17799396370960324,13864
C18_562.2225144_129.4997201,0.6093997647015719,0.5459391189603627,0.985714694732479,0.6584235990686405,13865
C18_562.3160362_186.4442805,-2.483993706940002,0.01758640273382827,0.3840214710141083,-1.6084627624108956,13866
C18_562.3355017_204.5049795,-1.855196939374912,0.07145268017294701,0.664213967761537,-1.1263684549630903,13867
C18_562.3425539_291.9265992,-0.9360605338851681,0.35523929167091506,0.9588670540445742,-0.21997530083720046,13868
C18_562.3841131_171.8297812,1.8968072760516137,0.06558598073635025,0.6415887934966203,0.5647673939900768,13869
C18_562.8206833_78.8757296,-1.2376032714316458,0.22356664139531307,0.8799075082512211,-0.5769741091027609,13870
C18_562.9115369_28.81408982,1.2374630222043428,0.22361808127955043,0.8799075082512211,0.6601997599947926,13871
C18_562.9132796_111.8893234,-0.22287727792600456,0.8248421964859748,1,-0.2862485275409779,13872
C18_562.9583563_43.56808737,1.3081111338237301,0.19880809718311493,0.8593515168411124,0.40026268666298764,13873
C18_562.9944116_42.1390011,0.38490184470844635,0.7024874619744363,0.9999159889500627,0.1126537493674881,13874
C18_562.9967821_169.2647402,-0.5440336738997866,0.5896428271767358,0.9916806353652199,-0.1379865744221739,13875
C18_563.1172249_16.17196862,-1.1901432355817008,0.2414801653748516,0.8965589582842357,-0.5417446109203121,13876
C18_563.2203488_129.7505332,0.7172791072198528,0.4776521629676941,0.9781047779839798,0.7912205775216857,13877
C18_563.3194687_186.591732,-3.7141301811216967,6.620294505949468e-4,0.07052604538411186,-2.1912208882804083,13878
C18_563.3433921_231.6369097,-0.9324366488587169,0.357083700549337,0.9588670540445742,-0.5699477355561706,13879
C18_563.5059789_252.0001785,4.528310937444584,5.869189923783117e-5,0.031001382561299397,5.713183036970961,13880
C18_563.9405715_61.23040602,1.085303512872666,0.28472434828730653,0.9295944216943315,0.38979332928683624,13881
C18_564.2289729_124.6051087,0.4327948709783697,0.6676461286054263,0.9982644021852166,0.30847595768926894,13882
C18_564.3316054_203.7497907,-2.926921257515379,0.005790988642724539,0.22687389420748755,-1.061392633647815,13883
C18_564.5094554_252.0537961,3.08512565375041,0.003813402795255841,0.18663102153728742,3.88555687250557,13884
C18_564.5866421_20.77073001,-1.8338084444365867,0.07463860946636218,0.6747716156497422,-1.302152569503782,13885
C18_564.8719263_27.28194288,-0.7754997476773445,0.44291411651480894,0.9745894987688215,-0.4311326388692753,13886
C18_564.8952786_63.55338339,0.04940474188949321,0.9608593042263514,1,0.016953781893780735,13887
C18_564.9330796_61.57860963,0.12758676603385458,0.8991586464264665,1,0.04588375990389055,13888
C18_564.9534671_62.86427645,-0.5273508937478361,0.6010603575350895,0.9928144482048423,-0.13411227331871703,13889
C18_564.9956741_169.7998158,0.5331629312559831,0.5970708686551964,0.9924858053722502,0.15983819210826852,13890
C18_565.3345411_204.1258527,-2.864616031806401,0.00680711959996561,0.2462043866036754,-1.0465477755964896,13891
C18_565.36374_169.2062883,-1.9190076895178443,0.06262840959262204,0.6321822815039115,-1.1923890612485002,13892
C18_565.9519189_35.74875406,-1.706228451769053,0.0962467595607822,0.7135613934402494,-0.7996309655816224,13893
C18_566.2732707_115.2952529,0.8438547032125148,0.40410874483365167,0.9669701703160376,0.5145736380020434,13894
C18_566.3398904_209.2990729,-2.629435758555962,0.012336570014516933,0.3216997248155867,-1.2506472331119733,13895
C18_566.3667066_170.2225363,-0.7662794388563373,0.4483134027864264,0.9745894987688215,-0.31584284193999984,13896
C18_566.3838017_164.9632843,-2.159626526243249,0.03727259653583495,0.5220805529735174,-1.0758913428745436,13897
C18_566.5838788_20.56344601,-1.5842029686776142,0.121556803265312,0.7599114123748713,-1.4404595655811288,13898
C18_566.8536089_71.67574287,0.20953727381958304,0.8351645533837377,1,0.05032088893235057,13899
C18_566.8909241_62.46573592,0.41258472557335396,0.6822634024077416,0.9999159889500627,0.09705047662957754,13900
C18_566.9307812_38.99350883,0.21244062170423536,0.832915388119912,1,0.1004129140100969,13901
C18_566.9446665_33.56321719,-0.11286993501990046,0.9107365408064144,1,-0.062452400861415486,13902
C18_567.0077241_54.40979183,0.43969200297136585,0.6626871966598666,0.9976640367960946,0.06490466644444394,13903
C18_567.3183737_117.7133348,-1.1110486356013094,0.2736298538089292,0.9212133579231264,-0.8399919573540336,13904
C18_567.345406_220.6730477,-3.788096777010297,5.345165579657489e-4,0.0671313570817816,-3.5054534222912968,13905
C18_567.9873664_46.68963565,-0.6042224962978936,0.5493388898629612,0.9857989553982086,-0.18527390876563227,13906
C18_568.0108253_53.76318222,0.49502738831221654,0.6234728055374539,0.9947980550876518,0.10682088746471242,13907
C18_568.184463_129.7466767,-0.04425067214218149,0.964939699109648,1,-0.045180091571688744,13908
C18_568.2668173_185.3490994,-1.1054536690875119,0.2760144070002978,0.9227236778686373,-0.4508204170058116,13909
C18_568.362801_166.7648389,-2.4117527729882453,0.02088999148709344,0.4141280600040436,-1.1583251235052943,13910
C18_568.6857969_129.9655364,-0.07944394371270812,0.9371025184375168,1,-0.06454882455283974,13911
C18_568.8119759_76.13109503,0.47621971472123675,0.6366845152149859,0.995366335059952,0.30069479091476037,13912
C18_568.8492519_73.47770038,0.5411219591706683,0.5916280694547069,0.9919344024228657,0.17133120501886312,13913
C18_568.965925_58.1629341,2.220211558823971,0.03253501162605627,0.49762776910455647,0.7271264328722908,13914
C18_569.0060795_52.62444041,0.5486329306383704,0.5865135240371655,0.9913379189285378,0.1364351926797476,13915
C18_569.1719353_192.5786468,-0.42272841443338544,0.6749108864229051,0.9996367449012522,-0.3589127652777104,13916
C18_569.2407365_101.2873182,0.20338172775533545,0.8399377509697806,1,0.13388236211527438,13917
C18_569.2709829_185.4773745,-0.9267556213880087,0.35998771715701494,0.9608881797217599,-0.8114983674621937,13918
C18_569.2745152_139.3342585,-1.6742427624770522,0.10241587652951051,0.7222851642405752,-0.6934769567151811,13919
C18_569.3659907_166.7259933,-3.028715901978276,0.004431131894524793,0.20699703617431686,-1.411288534664065,13920
C18_569.9682398_147.1317421,0.0859282489542223,0.931981223337197,1,0.057939858883950125,13921
C18_569.9691109_56.69970708,0.9325072825801451,0.3570476910168716,0.9588670540445742,0.21144733675258165,13922
C18_570.0463581_143.5471115,-0.6081357211324245,0.5467681794502834,0.9857989553982086,-0.31152782437011334,13923
C18_570.1668593_20.10577,1.127720439326811,0.2666113992108313,0.9167137407752594,1.1537876297196743,13924
C18_570.2774399_139.4362022,-2.2984718374768702,0.0272129774272896,0.46368316202030324,-1.5163678393767017,13925
C18_570.3421179_173.1057322,-2.228136963148388,0.03195669008684367,0.4945007623953959,-1.3657266072216818,13926
C18_570.3691418_166.7388913,0.44585310945842177,0.6582704192896679,0.9966192045168055,0.24756618708769768,13927
C18_570.8078788_79.61547858,0.07251746346643533,0.9425760294671329,1,0.04046594468154642,13928
C18_570.9243498_46.04930596,-0.8196295251571284,0.4176132918105143,0.9714168272962488,-0.21259135928720993,13929
C18_570.9640663_56.64625194,0.9405199410132895,0.3529782361907565,0.9588670540445742,0.20751951288622167,13930
C18_571.2898793_146.3964101,-1.4248741914490988,0.16247452150207814,0.8231134256038851,-0.34494297359771214,13931
C18_571.346118_173.3969333,0.14922313497706058,0.882178263030477,1,0.07890987096164163,13932
C18_571.3717867_167.7688916,-1.138280316557478,0.2622331188255388,0.9131550993531528,-0.1823883186073237,13933
C18_571.9308053_32.35918419,-0.3799553563108743,0.7061248968890074,0.9999159889500627,-0.19106329932779273,13934
C18_571.9881237_143.7275203,-0.13874466097051952,0.8903953261877158,1,-0.03287446460582017,13935
C18_572.2936494_146.424849,-1.7205882805927204,0.09357947930278473,0.7121270113190171,-0.7304794738872599,13936
C18_572.8572241_27.53350988,0.6944659119226047,0.4916761476646866,0.9781047779839798,0.40548922852210834,13937
C18_572.8827063_43.02021833,-1.5241502262221251,0.13587217240504976,0.7761420841359271,-0.5929279488494039,13938
C18_572.9039743_35.86460654,2.0763076937828377,0.04478166813921774,0.553952760997725,1.9505608160050258,13939
C18_572.9206878_50.83098825,0.18714260200148045,0.8525590258587428,1,0.07582881448671228,13940
C18_572.9401997_36.44150241,-1.5495823879634862,0.12965215837137342,0.7695072627505222,-0.4922826981655847,13941
C18_572.9598417_36.61366943,0.335924489250623,0.7388026588171346,1,0.1286035962872682,13942
C18_573.2415493_122.8121025,-0.25656390928383843,0.798919681032564,1,-0.0743967079738768,13943
C18_573.4533329_278.4119712,-0.11975076121330853,0.9053207048547238,1,-0.06586164509665833,13944
C18_573.9400529_37.02316585,-0.399925037054583,0.691483745516988,0.9999159889500627,-0.12346762395388963,13945
C18_574.256583_186.8385966,0.15947022101889669,0.8741553843080381,1,0.04943174762302271,13946
C18_574.4568813_278.8975541,-0.12904441658043628,0.8980130683927169,1,-0.07071434328314691,13947
C18_574.5695443_20.77376367,-0.4696222066770561,0.6413479528258259,0.9955023063019077,-0.6624516740575025,13948
C18_574.8215185_99.17528189,2.0332023134599218,0.04916464136137852,0.5775821167007157,0.8715593174360436,13949
C18_574.8411264_72.8426749,0.8891004117252795,0.3796247126909721,0.9638726330536317,0.5857980901725798,13950
C18_574.8950636_44.62528613,0.3293944522617488,0.743692794608486,1,0.1421934484247325,13951
C18_574.9879996_46.62761908,-0.14400520162276792,0.8862684983921847,1,-0.049036316582042154,13952
C18_575.2306243_31.42735242,0.4163954568592815,0.6794975152166047,0.9999159889500627,0.38251953468229855,13953
C18_575.359971_150.7850556,0.7505140277463324,0.457634969750355,0.9755657681934743,0.7531763964483532,13954
C18_575.9958423_46.83377845,0.6929060620218236,0.49264336928101204,0.9781047779839798,0.2412204493528037,13955
C18_576.3317855_186.4299879,-2.307741646150261,0.026637349498429774,0.4579201795426374,-1.2308556589971258,13956
C18_576.5667831_20.87942858,-0.849151753036088,0.4011924677691119,0.9669701703160376,-1.0877751088619625,13957
C18_576.8362501_82.5484817,1.770851031731322,0.0847248093965349,0.6959761542836904,0.9345032264927056,13958
C18_576.8570664_70.98670583,0.8530586041963397,0.3990500073640141,0.9669701703160376,0.5939572899135791,13959
C18_576.8915245_31.1463788,1.161630283026612,0.25273594188121823,0.9054022050039036,0.886660458460111,13960
C18_576.9033987_34.714656,0.09802270829076275,0.9224370297887463,1,0.10292712985059928,13961
C18_576.927037_29.50575407,0.4868619593585156,0.6291935917530729,0.9947980550876518,0.2814184113499634,13962
C18_576.9599254_53.3378146,0.10767127491443,0.9148312371630323,1,0.038643845247272955,13963
C18_576.9747971_43.48147454,1.9830050587011336,0.05473658980176499,0.6038706641753708,0.907397533991429,13964
C18_577.0105684_47.13368299,0.9847601321930897,0.3310616022698577,0.9506069103298993,0.3180662588612032,13965
C18_577.3352223_186.7007494,-1.5692357410614397,0.12500472096183823,0.7639334341671284,-1.404402648540561,13966
C18_577.3755834_165.5834382,-0.057513126922932034,0.9544422266871575,1,-0.023431545789833693,13967
C18_577.9061696_36.14622008,-0.27835819210858165,0.7822686001799182,1,-0.21658074159192175,13968
C18_577.9565657_57.07682276,1.0597110562280097,0.2960631516143397,0.9385474409597132,0.4273465541143398,13969
C18_577.9779934_42.49116815,1.0891657946458417,0.28304004734931293,0.9295944216943315,0.4792121019937922,13970
C18_578.082233_16.54819682,-0.26285891342162043,0.7941000649144239,1,-0.18327256013238924,13971
C18_578.303465_198.6918614,-1.5788594224949388,0.1227787811425638,0.7614179684643814,-1.3737194966514927,13972
C18_578.3473768_204.1451412,-2.819552716707037,0.007643421498355337,0.2599094193488362,-1.0880450800943648,13973
C18_578.3790283_171.4311324,0.09301251508857936,0.9263894349163808,1,0.04070608924009833,13974
C18_578.5636264_20.83843564,-0.7327900851566386,0.46824851233793474,0.9777549229263227,-0.8641128981466352,13975
C18_578.9109519_56.60303934,-0.32094754274519277,0.750034378505565,1,-0.15823687203622885,13976
C18_578.9322667_50.09353427,0.8466411851062491,0.402573012189541,0.9669701703160376,0.36127927781948066,13977
C18_578.9495164_60.61119993,-0.6227838027893337,0.5372007735967865,0.9833164118236528,-0.280064894999757,13978
C18_578.9689069_56.57084446,1.3354917286375472,0.189776041511685,0.8501508773867503,0.40554682658537033,13979
C18_579.2261134_156.8055353,-2.05750952335269,0.046649100228177594,0.5627196066105052,-1.9243130114356906,13980
C18_579.3068656_198.5218672,-1.294584099693724,0.20338924711800438,0.8647457759331585,-0.6322629957126287,13981
C18_579.3506147_204.1285977,-2.7317136578136263,0.009555386606545771,0.28270268095825624,-1.11726205531412,13982
C18_579.3834441_172.9296162,-0.9990398425902776,0.3241870541637415,0.9506069103298993,-0.7191075583897839,13983
C18_579.3928696_154.6911121,0.01830044257968285,0.985496328039775,1,0.012506927769652655,13984
C18_579.9150645_63.43002891,1.3543203327698257,0.183749852014988,0.8460463584863603,0.49906521139978444,13985
C18_579.9612067_283.8685466,-0.18820658755196865,0.851730839388444,1,-0.049898202945723565,13986
C18_579.9698286_38.47732697,-0.18776260160250832,0.852076409128234,1,-0.10250743042397624,13987
C18_580.2304354_160.7210959,-2.2567416109242537,0.029944909325386855,0.48300271584518656,-1.113011631381504,13988
C18_580.2887029_186.8077157,-1.3258704113672069e-14,0.9999999999999896,1,-1.2420889211500754e-15,13989
C18_580.3001509_198.3366832,-0.15538640218258093,0.8773512156275554,1,-0.067259976601141,13990
C18_580.3269109_203.7883022,-2.5500524001957787,0.014990064235187993,0.3510430506621,-1.6995490870363352,13991
C18_580.3549754_210.7200116,-3.9659373393788475,3.1773334228622893e-4,0.06087305862581289,-1.6009129873111814,13992
C18_580.5608994_20.73719171,-0.8781666386313985,0.38545276045024035,0.9656295434018938,-1.0112326133516483,13993
C18_580.8693877_67.26458929,0.978709689140097,0.3340037956875106,0.9524776965421659,0.2232483720560936,13994
C18_580.9079348_64.66085857,-0.11319073632102127,0.9104839430153744,1,-0.031359837342912346,13995
C18_580.9588897_36.88954129,-0.9371185885048455,0.35470196699639567,0.9588670540445742,-0.516984137395374,13996
C18_581.2416003_105.3094779,-0.9195126528094361,0.3637124759126251,0.9635620567600911,-0.5067130057004349,13997
C18_581.2976172_139.1214136,-1.7152095707246937,0.09457123946305114,0.7121317722762723,-1.8642547643998897,13998
C18_581.3232516_204.7972934,-4.190623811298845,1.6298414701623444e-4,0.04352015664488242,-2.008047958180378,13999
C18_581.3610417_216.7302628,-2.287766781236279,0.027891604489027676,0.46763832072852163,-1.0507388112290619,14000
C18_581.4566924_229.4585188,3.828480967412562,4.7529746896486885e-4,0.0663220715420438,3.977345745965491,14001
C18_582.2467814_102.5570847,-0.6355465523168863,0.5289366992960052,0.9824083431236167,-0.38258843916700125,14002
C18_582.2825059_185.3684943,-1.723171917337951,0.09310618677728764,0.7113221259969026,-1.2609947556767054,14003
C18_582.3010865_139.7157928,-0.9431803128692914,0.35163386665398044,0.9578247927857968,-0.8877591068857388,14004
C18_582.3431136_159.8307269,-1.995934678903176,0.05325132674143388,0.597129438335422,-1.1715531843129952,14005
C18_582.3652031_247.6071321,-2.434315579202266,0.019802225297035105,0.4041845899822696,-1.1397494500210488,14006
C18_582.3791451_168.2037418,-0.6246036308398308,0.5360182918366516,0.9833164118236528,-0.46337506891438607,14007
C18_582.4584052_229.7220327,2.8547735632823024,0.006982131432368833,0.25021962132398606,1.9882371251929758,14008
C18_582.5582493_20.54301363,-0.7504533145026684,0.45767108502417764,0.9755657681934743,-0.7517682235317187,14009
C18_582.7510839_91.57263761,-1.0544061988738362,0.2984523144740429,0.9388638086478203,-0.8562455536256026,14010
C18_582.8275312_74.63007524,0.7764303364322397,0.44237133327156386,0.9745894987688215,0.2599575010253371,14011
C18_582.8655499_70.33531915,-0.7764531838356546,0.4423580120789966,0.9745894987688215,-0.34582213985313187,14012
C18_582.9814666_57.84595422,1.146192311785306,0.2589867192579246,0.9102195435216993,0.34811711035153126,14013
C18_583.1885114_192.5497997,-0.31427385003222397,0.7550571913114933,1,-0.24715735543837763,14014
C18_583.2568176_113.8755893,-0.1865594030241397,0.8530130488794936,1,-0.17324008949035147,14015
C18_583.2825925_98.92455114,-0.39236904520190563,0.697009830693095,0.9999159889500627,-0.27973006627913855,14016
C18_583.3167995_183.9258897,-3.3974261965638335e-15,0.9999999999999973,1,-8.493035094383309e-16,14017
C18_583.3820858_167.8282227,-1.7639635752329383,0.08589485958707486,0.6962067550962847,-0.8156549532150482,14018
C18_583.7586163_102.5967936,-1.2706710204547875,0.21168271743685046,0.8683661493536527,-1.2285936600595007,14019
C18_583.9659661_277.7598014,0.1375694998384012,0.8913176518571506,1,0.034756849983107636,14020
C18_583.9717578_281.2442875,1.308052330296986,0.19882784074677554,0.8593515168411124,0.371393713744417,14021
C18_583.9847777_56.68139535,0.5295053415973144,0.5995800441882146,0.9927179766037689,0.1942993724107752,14022
C18_584.2406032_185.4197772,-0.3438527520295337,0.7328801965355507,1,-0.25273825453170695,14023
C18_584.2600878_111.1641031,-0.564686871372147,0.5756537746655186,0.9913379189285378,-0.4225445875653744,14024
C18_584.2612229_26.32070924,-1.7578650789756216,0.08694218981667264,0.6962067550962847,-2.243753369794591,14025
C18_584.3576353_165.2966627,-1.7164133789020706,0.09434851582425241,0.7121317722762723,-1.162537105157795,14026
C18_584.3851318_168.3781229,-1.9640984583851124,0.05697309307293222,0.6133199145431344,-1.4023094287671822,14027
C18_584.8239026_78.09587936,-1.5073551417092763,0.1401096633035826,0.7851055614738052,-0.5799935884957798,14028
C18_584.8449749_20.22441073,0.1013948523134091,0.9197779524145038,1,0.0794857315982426,14029
C18_584.9400584_45.8806528,-0.964484816562902,0.34098994002566474,0.9549164034006683,-0.4331961789722783,14030
C18_584.9797982_57.79626598,0.742519642662101,0.46240472922815057,0.97609318139665735,0.20323087684503513,14031
C18_585.1556156_26.87443058,0.4611435587322967,0.6473627379666858,0.9965858111391217,0.34812429258948663,14032
C18_585.2633802_107.4347807,-0.549542623873459,0.58589552492323,0.9913379189285378,-0.5127704614050113,14033
C18_585.3325784_197.4035898,-1.9461019499119987,0.059174975273931896,0.6219910283250402,-1.3496478344289922,14034
C18_585.3459017_165.3885105,-0.3391727973810116,0.736374178065779,1,-0.2227824017408764,14035
C18_585.3616221_165.5921968,0.4022989567706802,0.6897510823471653,0.9999159889500627,0.18327046737742633,14036
C18_585.3870173_167.6835528,0.21331441748930474,0.8322387536521256,1,0.06493353204156818,14037
C18_585.488013_251.9191887,4.816967245686312,2.418850331410251e-5,0.02395189232850786,4.82317599970994,14038
C18_585.5110144_242.6892026,2.710870989780756,0.010070021588807328,0.2908088955150057,2.3227604319242467,14039
C18_585.930129_34.24185712,-1.0848288229987113,0.2849318414431429,0.9295944216943315,-0.6166523615296609,14040
C18_585.9468866_32.77745515,-0.34553201367574327,0.7316278840051804,1,-0.2424754745235147,14041
C18_586.0416441_123.6844796,-0.46433427176083003,0.645096392566643,0.9962085044382889,-0.5899721714778061,14042
C18_586.2664167_103.4222574,-1.5630564697669884,0.1264511532576065,0.7652102591223218,-1.1531283142105488,14043
C18_586.3162674_183.8089515,-2.6279371926264963,0.01238237546354021,0.3216997248155867,-1.6845943638970011,14044
C18_586.3354713_199.2114619,-1.0236141599390767,0.3125844097806273,0.9421850854569164,-0.682808101867222,14045
C18_586.4937579_252.6331564,4.212583210784577,1.52604633072454e-4,0.04352015664488242,2.867941298800983,14046
C18_586.5146943_242.430863,2.4256870411468516,0.020211989838236875,0.4088139381975067,1.9177137007903082,14047
C18_586.8731742_28.09327079,0.7798817508372041,0.44036169189004204,0.9745894987688215,0.4301579103265258,14048
C18_586.8984039_49.88410534,-0.8680848453942688,0.39087680526700863,0.9669701703160376,-0.25633778949958336,14049
C18_586.9200184_37.1358947,-1.4751185771573139,0.1485389629204632,0.8014900281899261,-0.5717372628412322,14050
C18_586.9560056_37.84536485,-0.7022700700363846,0.4868529593763872,0.9781047779839798,-0.17982735625922036,14051
C18_587.0404183_123.9831965,-0.598925931699234,0.5528282070934454,0.9859125332880463,-0.42176384321781046,14052
C18_587.2895568_34.47153192,-0.767461333922492,0.4476191352032086,0.9745894987688215,-0.31656995216206807,14053
C18_587.3197574_183.9740844,-2.1196414214694426,0.040724845477579236,0.5347244144365793,-1.6512993663485163,14054
C18_587.3481223_218.2476254,-0.7512775690254845,0.45718091932356886,0.9755657681934743,-0.08333333333333344,14055
C18_587.9242142_32.81953498,0.5491889573645748,0.5861357505257621,0.9913379189285378,0.3697506458429174,14056
C18_587.9538718_36.81105027,1.8127531254883575,0.0778920294363227,0.6874627991261963,0.8344935266314688,14057
C18_587.9629219_38.71647105,0.06478814977653098,0.9486872839686875,1,0.02739746614278526,14058
C18_588.301725_292.3699963,-2.44867139837086,0.019137166119736638,0.4019050551702724,-1.3595604618589348,14059
C18_588.3314895_198.6395457,-2.3155479692463934,0.026161110372779434,0.4556441729006263,-0.9308067610518251,14060
C18_588.8565912_71.88787436,1.3699364477604032,0.17886460122224115,0.8415449274641627,0.5902966623528809,14061
C18_588.9143768_48.9219085,-0.04564703065577858,0.9638341253105368,1,-0.010034232856858925,14062
C18_588.9425201_221.5142609,0.4946280466181582,0.6237520434549022,0.9947980550876518,0.20195891415039896,14063
C18_588.9636026_44.77848351,1.6472529113356051,0.10787283680013773,0.7299405333124399,0.5277410171576573,14064
C18_589.3049205_29.52559366,-0.22380442025691796,0.824125930574985,1,-0.14965899306109984,14065
C18_589.3350524_195.7645199,-2.166194465012584,0.036731003024674844,0.5198595112771548,-0.9519817236586553,14066
C18_589.3395599_129.0485993,0.17210762793867593,0.8642796196829412,1,0.2053946541935616,14067
C18_589.3781036_173.5398534,0.8292306488643638,0.4122282533762539,0.96978156031432206,0.46100566845291696,14068
C18_589.5727224_20.31090618,0.3723670346269937,0.711718599339856,1,0.33910399028130994,14069
C18_590.1972455_129.6780794,0.2737139625250116,0.7858084455923273,1,0.24211788827955905,14070
C18_590.305714_29.49036529,-0.03267955858625229,0.97410367799497255,1,-0.02674482211447895,14071
C18_590.3424327_208.0362937,-4.198462999333469,1.5920189262288027e-4,0.04352015664488242,-2.2561538883309025,14072
C18_590.5712991_20.50725699,-0.5480122360102018,0.586935372626295,0.9913379189285378,-0.5532276182927447,14073
C18_590.6991722_129.9892513,-0.022738467366146826,0.9819796164638641,1,-0.01820002452147952,14074
C18_590.8151102_75.25548316,1.0396305047245562,0.30517735772646526,0.9402374180413365,0.7561769358995811,14075
C18_590.8726111_71.28093198,0.3122662475080856,0.7565702929160576,1,0.11343375782158573,14076
C18_590.9061505_30.76336561,-0.056057686567801954,0.9555938667420181,1,-0.030072778072515037,14077
C18_590.9636446_53.12417758,0.539443243564259,0.5927740881325831,0.9920080820797249,0.16046086412791338,14078
C18_590.9905291_44.80150494,0.14136997490002817,0.8883354068480966,1,0.06826955003604034,14079
C18_591.0262041_49.02195995,-0.32838752788708764,0.7444478120838669,1,-0.1381886254856003,14080
C18_591.2810048_270.9269834,-0.24246986815657873,0.809739116281692,1,-0.1262202575088542,14081
C18_591.3210152_27.36101399,-0.2988265573912994,0.7667243482345361,1,-0.39196034330378776,14082
C18_591.3482078_213.7478329,-3.3027696456165083,0.0021124651300617903,0.1306567999735068,-3.2588908314792513,14083
C18_591.3544375_126.0926801,-0.7673031135503442,0.4477120399729225,0.9745894987688215,-0.887179867221309,14084
C18_591.3916351_181.5836664,0.48250225465645014,0.6322575865123577,0.9947980550876518,0.16462012052842487,14085
C18_591.4641646_253.6081471,-0.9899422871816496,0.32855554437743417,0.9506069103298993,-0.7945396135578053,14086
C18_591.9712115_58.46908192,0.30538313176046045,0.7617653420938136,1,0.07133611032141017,14087
C18_591.9934893_45.87091063,0.8258261279997993,0.4141328476520335,0.9702967640516138,0.1800439531664708,14088
C18_592.2668223_183.9473257,-0.8359281856133758,0.4084972491696275,0.9676316311691489,-0.5002749647908811,14089
C18_592.3173857_23.89466838,-0.4864771691422959,0.6294637557785484,0.9947980550876518,-0.2919563512429438,14090
C18_592.3242804_27.58793307,-0.07183789347135816,0.9431132023368853,1,-0.0443597768350266,14091
C18_592.3618419_124.9465406,-7.241540723050163e-4,0.9994260524559273,1,-2.8619253193174057e-4,14092
C18_592.3948524_181.7461325,0.6110015673783563,0.544889461521223,0.9848017888606798,0.21161314425210742,14093
C18_592.5407235_20.61175355,-0.3430423019763043,0.7334848562411524,1,-0.26119574636418635,14094
C18_592.8306986_72.03142763,-1.0111664786726613,0.3184255056545661,0.946711434633586,-0.5523714550363308,14095
C18_592.8995284_27.89551491,-0.5688252566379927,0.5728704461505787,0.9913379189285378,-0.32959003219617383,14096
C18_592.9262539_59.43005927,1.489717696672107,0.14467287646895244,0.791644336233801,0.7733415101065986,14097
C18_592.9480241_48.29320036,1.6349889167066842,0.11043043457692438,0.7344886228634555,0.7176744586935773,14098
C18_592.98445_58.18839122,-0.26594174609354415,0.79174273693916275,1,-0.1127822074494302,14099
C18_593.1202923_15.54449905,0.8275145849137351,0.41318759639559066,0.9702967640516138,0.6388613081508405,14100
C18_593.2709637_183.7932543,0.19303417008081783,0.8479752897639701,1,0.23714471196935746,14101
C18_593.3360356_24.58830454,-0.2663562459995213,0.7914259347288765,1,-0.3050195459676865,14102
C18_593.3705876_142.1174098,-0.06241639846848783,0.9505631787999099,1,-0.035927163277974926,14103
C18_593.3983745_181.9147454,0.6462099096273887,0.5220839749710036,0.9824083431236167,0.26802060305662484,14104
C18_593.4797507_276.4094746,1.5213789503614097,0.13656420356405113,0.777327405069291,1.0474284963533453,14105
C18_593.9308452_61.09434267,-0.26135524324818216,0.7952505777198198,1,-0.07283384487960011,14106
C18_593.951667_48.13584173,-0.2864888206963277,0.7760827362267438,1,-0.11099697545445283,14107
C18_594.367651_145.9589786,0.422065811567151,0.6753901906201254,0.9996367449012522,0.2655491763567234,14108
C18_594.3754196_147.9857048,-1.0038577521354315,0.3218895866769916,0.9495488307541496,-0.5968522320889948,14109
C18_594.4026024_181.669198,0.6453526851690933,0.5226331033931662,0.9824083431236167,0.2376099943844791,14110
C18_594.4832721_276.6151028,1.6925793822490407,0.09884039232342016,0.718134185467518,1.3856007923869673,14111
C18_594.538076_20.71115028,-1.1061163851894042,0.275731192412913,0.9227236778686373,-0.7244932127009043,14112
C18_594.8850359_61.54336425,0.7768147863539444,0.4421472113063408,0.9745894987688215,0.17472678125072216,14113
C18_594.9069657_57.20694822,1.1683257579191106,0.2500592352161889,0.9049598215264518,0.7034284783602386,14114
C18_594.925187_62.16909235,-0.6682539352711376,0.5080695158964589,0.9792480731462698,-0.161918617804348,14115
C18_594.9436374_62.06633197,-0.004935805557140879,0.996088012164238,1,-0.0014244106000559132,14116
C18_594.9642829_140.7602426,1.300583321930983,0.20134773625478,0.8636226484729774,0.20033217959298766,14117
C18_594.9746323_41.25298047,-1.1178428608375883,0.27075392663946773,0.919604667683454,-0.4947716393413412,14118
C18_595.273181_111.7205691,-1.6450052287074504,0.1083378952633792,0.7301537256918436,-1.0381983625544566,14119
C18_595.2868034_135.5006409,-2.6765125966108876,0.01097473046278511,0.304079392540307,-0.5815001091453992,14120
C18_595.3497565_122.142134,-0.3989720965622036,0.6921797460893873,0.9999159889500627,-0.36581718054514983,14121
C18_595.3858843_133.6022152,-0.3887819882443834,0.699639119234827,0.9999159889500627,-0.2894692742872993,14122
C18_595.495337_292.1423827,0.5465404462570841,0.587936243127296,0.9913379189285378,0.5326357490207257,14123
C18_595.9527981_43.66031715,-0.05235147746898116,0.9585268927119037,1,-0.0161568251663309,14124
C18_596.2798794_112.813908,-2.1280663550674936,0.039974846985770786,0.5347244144365793,-1.1515815737367403,14125
C18_596.2838204_114.8245084,-0.8446554371319848,0.40366705781240886,0.9669701703160376,-0.4519993259032656,14126
C18_596.2933432_142.4160138,-2.52314715522914,0.016001980148460042,0.3653940525178884,-0.5981587015863183,14127
C18_596.3546937_122.8242415,-0.3627676879089254,0.7188178818781665,1,-0.239370086498266,14128
C18_596.3898061_133.2212694,-0.6054338666691426,0.5485424432746735,0.9857989553982086,-0.5799527942770898,14129
C18_596.4987268_291.8634835,1.1931317262407066,0.24032201482300516,0.8961162212635817,0.45277781354262087,14130
C18_596.5353853_20.62379283,-0.6549721248442262,0.5164887463695422,0.9824083431236167,-0.45068003784157634,14131
C18_596.5612419_20.24023873,-0.28764311461230957,0.7752057241200061,1,-0.27494234774848536,14132
C18_596.8434903_71.79014873,0.6354009228383913,0.5290306156247646,0.9824083431236167,0.1383428080730117,14133
C18_596.8827204_67.67277141,-0.49581198702781976,0.6229243423528357,0.9947980550876518,-0.17452562054466764,14134
C18_596.9016499_28.30342502,-0.8902239742087726,0.3790290282875405,0.9638726330536317,-0.5264497493436585,14135
C18_596.9391617_22.13309916,0.33168267588193706,0.7419779805905364,1,0.22616903128942967,14136
C18_597.2367224_103.6857954,0.1428788287268073,0.8871518578252773,1,0.12251695460187609,14137
C18_597.2855404_114.5446988,-0.14417932356108687,0.8861319561235272,1,-0.0830524016135587,14138
C18_597.3013272_141.9269434,-2.32140219153927,0.02580900061225026,0.4520171679135469,-0.6584249599196514,14139
C18_597.363942_110.133877,-0.4964555364017101,0.6224746402302755,0.9947980550876518,-0.3261317950533473,14140
C18_597.3893758_133.650132,-0.6855800392609352,0.49720020689212174,0.9781047779839798,-0.3181915988962484,14141
C18_597.4313146_229.6027843,3.287053154494052,0.0022057988625592446,0.1332811543492528,2.671677212607821,14142
C18_597.5594859_20.21652632,-0.07369340772753295,0.9416465569587361,1,-0.07362560456511295,14143
C18_598.2427162_99.3694093,-1.9399107994952032,0.05994927002561595,0.6241315702727834,-1.1606023238931178,14144
C18_598.2937307_114.2252063,-0.7644789708278151,0.44937225392604063,0.9745894987688215,-0.5072401357230969,14145
C18_598.3060126_140.8619133,-2.601884131615747,0.01320416898880563,0.32941117050801894,-0.8251985563637105,14146
C18_598.3664375_113.2457411,-0.09321053202087454,0.9262331881884185,1,-0.06396447995523619,14147
C18_598.3739524_168.7332649,-2.290318366940236,0.027728487917622502,0.4662503487848631,-1.9478204338036766,14148
C18_598.5585281_20.43942137,0.09429367016443395,0.9253785825535562,1,0.09407325601651007,14149
C18_598.8018494_80.51763905,-0.18932777879244733,0.8508583091531259,1,-0.14978616583704524,14150
C18_598.8400975_74.82098196,0.9456897335908716,0.3503688740954788,0.9578247927857968,0.44329027727670967,14151
C18_598.9367779_21.93202456,-0.6521964302924284,0.5182576971049614,0.9824083431236167,-0.5795354862446661,14152
C18_598.956031_49.93418856,-0.15534360940640957,0.8773847146347884,1,-0.05627079610429218,14153
C18_599.0605345_197.7899051,-0.7559133307043079,0.4544298566812508,0.9753792522951469,-0.28273259643999926,14154
C18_599.2522408_103.7495709,-0.7100601807511376,0.4820650933859105,0.9781047779839798,-0.47318935918435806,14155
C18_599.300559_115.2818224,-0.8403839437058128,0.40602670197548185,0.9672616821631036,-0.6431333379215178,14156
C18_599.3184958_154.7073864,-1.0026838429074953,0.3224483555081261,0.9503055005244969,-0.20502735982635437,14157
C18_599.5564803_20.31020684,-0.22311158264436973,0.8246611694892413,1,-0.2099149519565511,14158
C18_599.9458046_36.36783663,0.33424230774184494,0.7400613494556053,1,0.16477678994743222,14159
C18_600.22829_23.83173582,-0.6697832290472485,0.507104939810857,0.9788203224509847,-0.5811704469085016,14160
C18_600.2561146_98.37202352,-0.7588941802491203,0.45266603011223105,0.9750316892785739,-0.6731117493234112,14161
C18_600.3275838_168.7712989,-2.3785965629224726,0.022586902781875313,0.4253621992037915,-0.47297013008657096,14162
C18_600.5554888_20.22030365,1.0892558158933792,0.2830008739548652,0.9295944216943315,0.8142774156921776,14163
C18_600.8517582_27.19577462,0.023420946633705232,0.9814388472469641,1,0.01107279716626058,14164
C18_600.9139674_48.79463701,-0.7092027265875711,0.48259078385240206,0.9781047779839798,-0.1951099592824992,14165
C18_600.9356013_40.15968265,-0.37784499934551286,0.7076788970456368,0.9999159889500627,-0.15292102567866078,14166
C18_600.9714274_39.69705873,-0.9626316192655944,0.34190720449497025,0.9550137755006265,-0.3603551408557446,14167
C18_601.3091047_283.2001486,-1.408158248286328,0.167331939754407,0.8296138223463838,-0.44716953282014427,14168
C18_601.3314183_170.6492082,-1.8273653369394514,0.07562169955226761,0.678296612054887,-0.737997652618459,14169
C18_601.4090215_176.1390318,-1.4381691105648353,0.15869079152961277,0.8193248359762065,-0.9018572590523789,14170
C18_601.9389183_33.0810306,-0.2535464039001538,0.8012328024894044,1,-0.1170151662431713,14171
C18_601.9735494_40.98664424,-0.7764002216031693,0.4423888921059006,0.9745894987688215,-0.31100686395035704,14172
C18_601.9809096_45.58511855,-0.005924401681787844,0.995304485870327,1,-0.002904494743814108,14173
C18_602.311057_286.1984721,-0.32816356020646564,0.7446157835176604,1,-0.12261435200166737,14174
C18_602.3474058_198.8132523,-2.3004652025573282,0.02708826109958087,0.4625615020374081,-1.0046114831522834,14175
C18_602.8721525_70.87670774,-1.4626424362304944,0.15190750374554354,0.805855527144555,-0.6885527024284559,14176
C18_602.8940162_56.55833053,0.7312014520546603,0.4692067057393172,0.9777549229263227,0.21235432928782036,14177
C18_602.9169241_184.2100808,0.29794628331922135,0.7673908984688639,1,0.0925996196400531,14178
C18_602.9301745_48.54609159,-0.7379897283269222,0.46512021322967834,0.977038339924947,-0.22563507225479987,14179
C18_602.960805_46.58148586,1.2928068886555741,0.2039970254644595,0.8647457759331585,0.43676800071798577,14180
C18_603.3077898_285.8864227,1.0544416294353793,0.29843631320504277,0.9388638086478203,0.4283938884594533,14181
C18_603.350902_198.838608,-2.419565331959478,0.020507357008980084,0.41251034393223707,-1.1580747303920464,14182
C18_603.3932066_177.6961668,0.3815995444690707,0.7049150512808885,0.9999159889500627,0.18558571186756873,14183
C18_603.9525762_202.4300286,-0.3229356479012032,0.7485401914556317,1,-0.11541926825374288,14184
C18_604.3266336_198.3587412,-2.140505121222461,0.03888981657379493,0.5289688470773319,-1.6198600743643048,14185
C18_604.3581639_209.1427274,-3.2520073137014975,0.0024282731141368726,0.1397368887292684,-2.082840985881411,14186
C18_604.8306244_73.03940629,1.7551741050867145,0.08740772519854761,0.6965941799907964,0.5565864451839115,14187
C18_604.8818968_68.11164482,-0.3439119939012891,0.7328360041821085,1,-0.11149801085224237,14188
C18_604.8887946_66.02108109,0.5201059066075556,0.6060509143778174,0.9928201179984223,0.1385535540471623,14189
C18_604.921191_31.38400063,0.16227561395759393,0.8719612310339147,1,0.0628948358928525,14190
C18_604.9338628_176.3917015,0.6418186902353543,0.5249001966776345,0.9824083431236167,0.48427708038121275,14191
C18_605.0065679_47.28772555,1.3589948102309757,0.18227684942945843,0.844830709329061,0.25451086151006047,14192
C18_605.239129_107.4197143,-0.8560360882166786,0.39742201862135074,0.9669701703160376,-0.639165547142988,14193
C18_605.3373458_125.3628957,-0.5713868008035605,0.5711509796747274,0.9913379189285378,-0.3922177467945037,14194
C18_605.3512101_198.8961697,-0.44777126361374253,0.6568978513960659,0.9965858111391217,-0.19637823941224994,14195
C18_605.3633594_213.2573612,-2.951400886804482,0.005432134104694839,0.22165929035001536,-3.109816398604925,14196
C18_605.4071793_187.1543279,0.4298213034995073,0.6697887615830176,0.9994663226129565,0.17484020483409388,14197
C18_605.546289_20.30524771,0.6879831986436781,0.4957028546202197,0.9781047779839798,0.657873891601988,14198
C18_605.9374568_174.6807051,0.6209549104285115,0.5383905179699064,0.983683589406213,0.16977920693991447,14199
C18_606.0087441_47.4040723,0.6346096045128274,0.5295410904272009,0.9824083431236167,0.1329376842404955,14200
C18_606.2425293_102.9266901,-1.6586033958740485,0.10554941185778657,0.7270102455490702,-1.5270210338407848,14201
C18_606.281787_183.9074149,0.6402277730874466,0.5259224935169771,0.9824083431236167,0.38051131962563406,14202
C18_606.3036424_193.0268033,-2.1470580781759443,0.038328736547873686,0.5263500447264822,-0.9433106924216708,14203
C18_606.4105437_187.3086739,0.6012698571258277,0.5512826609820571,0.9858134543858914,0.25137370290148714,14204
C18_606.7852369_75.53168162,-0.12889297358930374,0.8981320782759428,1,-0.0692771850740202,14205
C18_606.8464505_71.38671737,0.8297194593881279,0.41195524191325106,0.96978156031432206,0.35198792369986376,14206
C18_606.9355449_62.35095439,-0.0391896512716359,0.9689473591391367,1,-0.010904977303857616,14207
C18_606.9643439_49.86454944,0.2293584999917481,0.8198383249130597,1,0.10199911177066061,14208
C18_607.0016583_60.22750615,4.331268430587514,1.0676612059181637e-4,0.04090965254871794,1.4802879535207678,14209
C18_607.0099962_47.85862039,0.765070513814555,0.4490242061542309,0.9745894987688215,0.4207065510841622,14210
C18_607.1440188_16.36392906,0.5938083651375293,0.5562103128501268,0.9873518660876262,0.5340253533754227,14211
C18_607.3499744_115.5098936,-2.1118438701606808,0.04143002051786358,0.5379054730046586,-1.1773343550669533,14212
C18_607.3792806_164.6160736,0.6683963958910182,0.5079796189940223,0.9792480731462698,0.36160714009501627,14213
C18_607.3868799_167.403824,-0.26589256951425794,0.7917803249665544,1,-0.15377453093783003,14214
C18_607.4113116_187.4234218,-0.1866344707520495,0.8529546054717931,1,-0.10865871098007854,14215
C18_607.4552731_37.74771935,-1.0448152724942652,0.3028057306766614,0.9401339978123222,-0.545809647094273,14216
C18_607.544215_20.27243623,1.60966194727097,0.11587000767157872,0.7446629530930814,1.1947886011702358,14217
C18_607.9331107_40.78039268,-0.6053709429350396,0.5485837994891115,0.9857989553982086,-0.20114009594295473,14218
C18_607.9675315_50.02605975,2.208600890142272,0.03339908791939609,0.4996956656890978,0.5574427834920044,14219
C18_608.2363034_24.56396788,-0.16798752297787845,0.867497019207267,1,-0.18124257685247425,14220
C18_608.2409643_183.9091487,-0.4729918439334843,0.6389642748340465,0.9955023063019077,-0.46939476006000574,14221
C18_608.3184321_227.8591661,-2.5713824593328822,0.014229873701669693,0.34234504724843934,-1.740107477102453,14222
C18_608.3559629_124.9245337,-0.5061305359885736,0.6157316418367376,0.9931667617408494,-0.46719667241374374,14223
C18_608.3829528_160.2916467,-1.1050287659779776,0.27619609974978004,0.9227236778686373,-0.6976615139209462,14224
C18_608.3928222_167.6332299,0.04362830416841064,0.9654324847767063,1,0.0268033987537536,14225
C18_608.8044613_73.55294327,2.3470354063827426,0.024316945585528334,0.44186977315186204,1.2836261483597025,14226
C18_608.892605_64.27787129,-0.07326224975693262,0.94198733694809,1,-0.028133973213276393,14227
C18_608.900988_57.44609659,1.3832848120511891,0.1747689785871453,0.834640816827064,0.3641988568951833,14228
C18_608.9223197_58.52518287,1.305251857662113,0.19976984016056457,0.8612470331839928,0.6068188586552076,14229
C18_608.9551318_61.88476618,-0.28457370941664034,0.777538458898693,1,-0.08104957486610395,14230
C18_608.9606384_56.51431006,0.5324236360320374,0.5975776382548332,0.9926487049255592,0.19118709994978067,14231
C18_608.9891553_45.9077733,0.08846450002522631,0.9299788804039391,1,0.0435260062868672,14232
C18_609.2397134_24.66926061,0.7614168796172989,0.4511764480930116,0.9745894987688215,1.0114852719092866,14233
C18_609.3316439_197.5747471,-1.376002872663996,0.17699414718380238,0.8390398467886346,-1.11713273173712,14234
C18_609.365841_126.6008771,-1.505046905151729,0.14070022584507322,0.7852222195474602,-1.160500596534248,14235
C18_609.3949806_164.1229675,-0.7812500717625803,0.43956647535061744,0.9745124110909839,-0.489768736640286,14236
C18_609.9678009_48.34381863,0.19337161809455786,0.847712910013457,1,0.08634748368305524,14237
C18_610.365075_126.1673335,0.2504100861864286,0.8036389244798967,1,0.11334365164411607,14238
C18_610.8591971_68.10523788,0.6103537089846197,0.5453138759488609,0.9849172979815777,0.142896028762608,14239
C18_610.880612_31.70330187,1.4115207705038864,0.1663458216462256,0.8274419139233609,1.180417511839623,14240
C18_610.8991381_64.30698057,-0.24819104491133753,0.8053425016331177,1,-0.14980196877415028,14241
C18_610.9171603_29.83444515,-2.0916822511138173,0.043303428281641215,0.545820393973851,-0.7721097978263189,14242
C18_610.9455471_48.43858119,-0.4502837851901944,0.6551017948992176,0.9965858111391217,-0.09535228591643412,14243
C18_611.3805398_123.8474559,-0.8328508329908215,0.41020894901397287,0.968685585451485,-0.46124619463381117,14244
C18_611.5268949_246.0712242,0.27392598191306083,0.7856467427404418,1,0.08333333333333288,14245
C18_611.7009849_129.3008557,0.30667716536018924,0.7607878055270116,1,0.1818712303476982,14246
C18_611.9262391_31.17252631,0.24601330909101063,0.8070153035681895,1,0.12325351734463154,14247
C18_612.1987347_129.5395238,0.5338770820109978,0.5965815282337699,0.9924074341965825,0.35966924206592243,14248
C18_612.2544016_187.0886694,-2.0664282503302753,0.04575476522900817,0.5592173406365568,-0.30966303241504484,14249
C18_612.33163_195.7629133,-1.6305483005703372,0.11136870689421516,0.736040478094709,-0.6836845368691622,14250
C18_612.3843684_123.8682688,-0.6104549470720907,0.5452475432516363,0.9849172979815777,-0.4125825717720444,14251
C18_612.7023693_129.5698068,0.5019238430899069,0.6186594001991287,0.9946352989347117,0.49899917492913726,14252
C18_612.8174268_77.9255312,-0.3682161989856894,0.7147852406517341,1,-0.18254592644958095,14253
C18_612.9332171_31.9626972,1.0594590015051504,0.29617636798219665,0.9385474409597132,0.5925689969072864,14254
C18_613.232779_110.9416462,-2.1412827624942246,0.038822855611690535,0.5289492821128473,-1.5827363980242481,14255
C18_613.3349022_195.7384788,-1.9109056914565692,0.06369420456140878,0.636806533341895,-1.2443906126931341,14256
C18_613.3529636_48.39172296,-0.02494898850735295,0.9802281206774905,1,-0.018248584804592783,14257
C18_613.3815247_123.6393391,0.18700969122257666,0.8526624930303365,1,0.09578978485182399,14258
C18_613.9588212_40.75187834,-1.6116972245769168,0.11542493237071305,0.7446603446316409,-0.5449309942095547,14259
C18_614.3346152_195.5973617,-1.78636283818462,0.08213870094535444,0.6948552844377854,-0.9973603952077699,14260
C18_614.3468463_207.6722445,-2.409340834293092,0.02100942152952843,0.4141280600040436,-1.786885246441039,14261
C18_614.365276_51.4206553,0.8491702285790841,0.40118231916671776,0.9669701703160376,0.5050820266924518,14262
C18_614.8675525_28.32977366,2.127641215776639,0.04001239941047886,0.5347244144365793,1.511910926092769,14263
C18_614.9337294_39.2092464,0.1278110556830909,0.8989823612842434,1,0.059745712037599645,14264
C18_614.9880867_41.3209444,-0.010681184173259901,0.9915345082901116,1,-0.0038754338945699448,14265
C18_615.2724116_284.7924336,-0.9141028291433164,0.36651082874563734,0.9637531830220828,-0.41635398418796526,14266
C18_615.3245461_289.8623682,-0.9656816819979915,0.34039840782523245,0.9543659754883653,-0.34095050373906055,14267
C18_615.5404282_244.7831825,3.7663407112221767,5.693208769695774e-4,0.06801842957036018,2.2968079705772877,14268
C18_615.9215919_54.11636767,0.03385422781547325,0.9731731914376247,1,0.01349285257012541,14269
C18_615.9530057_37.94326781,2.0341954533361224,0.04905958611549349,0.5775821167007157,0.8567224140405916,14270
C18_615.9589366_35.85761528,0.032939973872542064,0.9738973929506409,1,0.015443367896942494,14271
C18_616.3268133_290.9132149,0.010699953145334984,0.99151963331418,1,0.0036804410677753197,14272
C18_616.8870952_52.18913145,0.2971223388721838,0.768014957754616,1,0.08692340721550301,14273
C18_616.9092148_51.44902052,-0.24465338641536719,0.8080603786008748,1,-0.09461166286397422,14274
C18_616.945554_47.198057,2.0369046808475675,0.04877399752407485,0.5756870782142869,0.7789515303665314,14275
C18_616.9751675_50.32496772,-0.15507361538925615,0.87759607640406,1,-0.05914275949887428,14276
C18_617.2739762_144.1604656,-2.824483494515278,0.007547451433608069,0.2584514400413996,-1.6467082969895463,14277
C18_617.407392_157.1055514,1.4358471744002845,0.1593465672632826,0.8194221183980916,0.748447577554805,14278
C18_617.9546753_52.91885688,0.24223660721092194,0.8099185065281352,1,0.05321564815313089,14279
C18_618.299869_270.4659746,0.061173270905567505,0.9515465231663592,1,0.02563652381794357,14280
C18_618.5515317_20.68527294,-1.7183710519322437,0.09398724940625985,0.7121317722762723,-1.4139490214224535,14281
C18_618.8462408_63.2251804,-0.30582509568523764,0.7614314299182467,1,-0.11230936348983732,14282
C18_618.8674511_68.17881533,0.5042705676502289,0.6170253548227111,0.9941935580372473,0.2753107463199324,14283
C18_618.9038786_65.10184518,0.4038846653841825,0.6885946556545185,0.9999159889500627,0.12513778553365773,14284
C18_618.9360641_33.46796594,-1.002129949721429,0.3227122314973544,0.9504704081033816,-0.34073095924805424,14285
C18_619.021206_49.09853866,0.512276612927854,0.6114655442333794,0.9928201179984223,0.07046291925758144,14286
C18_619.289678_143.7611887,-2.8052581886536374,0.007928110347133388,0.26208748604396903,-0.6305313133439423,14287
C18_619.5504837_20.34948756,0.7011997471517113,0.4875128714849971,0.9781047779839798,0.6929249564564905,14288
C18_619.9137508_33.56330081,0.5568576190169755,0.5809375560144527,0.9913379189285378,0.39899334624257365,14289
C18_619.9416481_33.70407369,0.20389152076224643,0.8395422066335811,1,0.11029948527270715,14290
C18_620.0243965_48.55743531,0.9911020307448984,0.32799645660959675,0.9506069103298993,0.15012745309479272,14291
C18_620.2935267_143.8135462,-2.8184668057935327,0.00766470940403869,0.2600703774026951,-0.6086583785448768,14292
C18_620.3195865_193.1732007,-1.1643738472151477,0.2516366222556079,0.9053010394091442,-0.22929614058463296,14293
C18_620.5485223_20.72932785,-1.421045886683595,0.1635770892378508,0.825749576788019,-1.222534795123626,14294
C18_620.8045522_75.72390622,-0.10754612664805774,0.9149298389697919,1,-0.05475413512034211,14295
C18_620.8622205_69.57203226,0.6892733286586975,0.49490003915226277,0.9781047779839798,0.18840105744558192,14296
C18_620.8969095_34.07613318,-0.2345089510958052,0.8158673082584564,1,-0.08451274072250219,14297
C18_620.932669_160.9690849,0.06850908713324652,0.9457448746160717,1,0.03421707382392493,14298
C18_620.9794664_51.89107126,0.169057938812877,0.8666609070570426,1,0.057080373619338196,14299
C18_621.0261889_48.45577482,0.6403144789026328,0.5258667505316862,0.9824083431236167,0.09045372405565111,14300
C18_621.212963_103.7724808,-0.5857725975333944,0.5615421099116112,0.9899322889121577,-0.5524830667829447,14301
C18_621.2764713_237.8447965,0.4887983607324886,0.6278348145017657,0.9947980550876518,0.7008458077806708,14302
C18_621.3008457_145.8485322,-3.2359811153105813,0.002536980586310562,0.14371054580664322,-0.7146691838650296,14303
C18_621.3939354_155.1650454,0.462315151495628,0.6465301654801874,0.9965858111391217,0.23073199791193416,14304
C18_621.4001326_157.9318956,0.16774257018487482,0.8676883759242016,1,0.11886403212334255,14305
C18_621.9490405_45.18920206,0.004778944330788997,0.9962123352007428,1,0.0018131615575066073,14306
C18_621.9825244_50.99461026,0.2105356930539326,0.8343909387806248,1,0.051476914575683944,14307
C18_622.2164793_100.2926793,-1.9205404855609975,0.06242850963560736,0.6319277618398141,-1.5080976991243777,14308
C18_622.277564_238.1522742,-0.26720307265532445,0.7907788167181907,1,-0.24408702459094817,14309
C18_622.2861701_225.5448519,-1.8263066985215066,0.07578427379899136,0.678296612054887,-1.2122151229626683,14310
C18_622.3070929_147.207064,-3.408977357760044,0.001573737076658114,0.11916283042348748,-0.9731941201369443,14311
C18_622.32827_227.1152035,-3.8803394602068124,4.085221294430391e-4,0.06449274285828956,-2.158939377061466,14312
C18_622.3351928_229.6470721,-3.0146575814323913,0.004599153262281125,0.2100369120652223,-1.5557475543974164,14313
C18_622.405454_155.4023269,-0.7835911589874741,0.43820791452797536,0.9745124110909839,-0.5080557354013988,14314
C18_622.5458303_20.50818944,-1.0392513003377588,0.305351316039034,0.9402374180413365,-0.8267696818910789,14315
C18_622.8207397_74.40566026,1.4725277471142586,0.14923355821237677,0.8015518873581633,0.5330479880982095,14316
C18_622.916296_58.63847178,0.6227852149616978,0.5371998554715784,0.9833164118236528,0.1921581633216962,14317
C18_622.9225459_63.22507487,0.03341280003364163,0.9735228536711622,1,0.013729717775215904,14318
C18_622.9375352_55.40776467,0.7126110783118498,0.480503099039563,0.9781047779839798,0.3102343003750658,14319
C18_622.9784887_51.74082951,1.665885173829666,0.1040807072061256,0.723414405040139,0.36619768996245405,14320
C18_623.3062213_147.8350175,-1.8665196624055727,0.06981353751767652,0.657142405274235,-1.2022928107218502,14321
C18_623.3181861_150.8744073,-1.3527512799238868,0.18424633662110723,0.8464654624459718,-0.9130279673047037,14322
C18_623.342158_123.0800189,-0.47474508925989456,0.6377255618551867,0.9953856535986481,-0.34873258194231077,14323
C18_623.382189_139.5131644,-0.19232117100326615,0.848529733574759,1,-0.1589122520148684,14324
C18_623.4152934_161.943161,1.6887073911566295,0.09958664100870504,0.718134185467518,0.7339326932004466,14325
C18_623.9073623_46.02430452,0.6789127965055534,0.5013675038020236,0.9781047779839798,0.45391631245208247,14326
C18_623.9406061_56.60964016,-0.5836478076853541,0.5629562129315562,0.9905437112575736,-0.17848012302476984,14327
C18_623.9858986_51.33719866,-0.16013631344701254,0.8736343284127316,1,-0.045227405071235294,14328
C18_624.3437345_122.1150586,-0.012789500799181773,0.989863624249351,1,-0.01014777861410748,14329
C18_624.3562819_154.0401728,-2.282084291994607,0.028257967863585066,0.4712661094871777,-1.1345550297144917,14330
C18_624.5422253_20.51133413,-0.8658482980242133,0.39208658416703557,0.9669701703160376,-1.0212289565852053,14331
C18_624.8746615_65.00028492,1.0213745021844907,0.3136299212790673,0.9421850854569164,0.2663768959357401,14332
C18_624.896426_34.60533981,-0.025771472873305366,0.9795764539939762,1,-0.009093708392236529,14333
C18_624.9334927_37.76629406,-0.30658835163503134,0.7608548843553319,1,-0.08803070557305799,14334
C18_624.9597732_52.65132157,1.9592736545328993,0.05755634323027011,0.6133199145431344,0.6614931141576307,14335
C18_625.3609984_120.1466988,-1.1499712606702661,0.2574464279936997,0.909076957469324,-0.585234035669642,14336
C18_625.5402644_20.16722551,0.9812477458895981,0.3327674662655863,0.9522362286033444,0.8005271058298561,14337
C18_625.9418021_37.7892317,-0.11773728905622657,0.906905028287212,1,-0.046639813482521934,14338
C18_626.347511_195.7877444,-1.6482350462878261,0.10767014425133964,0.7299405333124399,-0.6746871380784719,14339
C18_626.5391684_20.48116887,-0.4527263825550551,0.6533577111210738,0.9965858111391217,-0.49772903635106547,14340
C18_626.832761_76.95593483,-0.629627179981783,0.5327611985320001,0.9833164118236528,-0.33093475924812116,14341
C18_626.8916642_29.07044805,-0.042037728828702194,0.966691950755524,1,-0.016517990356237487,14342
C18_626.9118696_31.69727756,0.4367478582809656,0.6648021264632533,0.9978767801948073,0.34052415421025034,14343
C18_626.932267_37.12972001,-0.1212555881491134,0.9041368703047992,1,-0.06350548847868666,14344
C18_626.9493524_34.37591315,0.3153414555406027,0.7542529498257949,1,0.1815555266690004,14345
C18_627.2156942_136.549224,-0.8972644077923099,0.3753100041233316,0.9637531830220828,-0.5178168405610283,14346
C18_627.3447725_292.8783823,-0.15000344190804418,0.8815668738275588,1,-0.05214976243958932,14347
C18_627.350463_195.9029328,-0.8435749150245937,0.4042631476825116,0.9669701703160376,-0.39763846126673674,14348
C18_627.5373424_20.42123215,-0.10021827650712706,0.9207056275043857,1,-0.09546700929349071,14349
C18_627.930223_36.29350419,-0.7983634152861091,0.42969350972237197,0.9742203846590763,-0.5665929631718087,14350
C18_628.1064262_17.86842816,-0.5574786073518029,0.5805176040735109,0.9913379189285378,-0.24551986586131688,14351
C18_628.1163256_17.59022111,-0.6287074630594975,0.533356730758589,0.9833164118236528,-0.22551062010516437,14352
C18_628.3608419_206.3199294,-1.6322320491721456,0.11101217454531499,0.736040478094709,-1.1980985932594594,14353
C18_628.3793724_95.80807957,0.003174146768972974,0.9974842497820717,1,0.0018556088313817414,14354
C18_628.5362476_20.35013858,-0.7378857382656843,0.4651826588290613,0.977038339924947,-0.658052681681837,14355
C18_628.8826155_30.3697428,-0.7182355092563386,0.4770692435961503,0.9781047779839798,-0.4662302242162256,14356
C18_628.9269421_33.09402235,-0.207014805821776,0.8371197988127494,1,-0.12677622916300002,14357
C18_628.956403_43.32168125,-0.5365415637794492,0.5947574880743789,0.9921034274533279,-0.16290256506117434,14358
C18_629.1131512_17.62372868,-1.566054485251742,0.12574769877405506,0.7651031555927208,-0.5477772872201996,14359
C18_629.3666106_209.1690447,-0.49843916990930026,0.6210894309932644,0.9947980550876518,-0.40422356016426103,14360
C18_629.3820132_92.17938195,-0.1117256227047012,0.9116376444904699,1,-0.07449011074011655,14361
C18_629.5348774_20.44402299,0.34692722906285806,0.730587964826887,1,0.30120500629812647,14362
C18_629.929241_51.41043018,1.0244164861567489,0.3122104516002145,0.9421850854569164,0.32288207123673196,14363
C18_629.939735_53.41631334,0.3035282672466436,0.7631672302961388,1,0.08631810365206696,14364
C18_629.9666643_260.5194812,-0.12213212684674604,0.9034474067598612,1,-0.11647904389299824,14365
C18_629.9692786_43.00356255,0.8691815338519129,0.3902844544174815,0.9669701703160376,0.3114108343772274,14366
C18_630.1153695_17.46244716,1.7313909702859434,0.09161382491487627,0.7069023523638046,1.4895123359096896,14367
C18_630.8994056_30.00613088,1.3795251472638848,0.1759151055697973,0.8365744600905479,0.6498877908333487,14368
C18_630.9574641_47.81973078,-0.01977205574156884,0.9843301788995098,1,-0.009202022833953606,14369
C18_631.2446605_23.94346887,0.44683038465685887,0.6575709632483087,0.9965858111391217,0.3986769163210582,14370
C18_631.4807651_186.4553169,1.4689994877939467,0.15018362070182534,0.8022269263565472,0.8629647850866395,14371
C18_631.92457_40.301025,-0.6618464901961679,0.5121217685819337,0.980797573128938,-0.1772212736024334,14372
C18_631.9812148_230.4315921,-0.45736687500113304,0.6500496964777687,0.9965858111391217,-0.5417235437425856,14373
C18_632.3190457_204.2094139,-2.4987427335195633,0.016973471028909157,0.376628855740343,-1.4627704526946717,14374
C18_632.3868678_140.6031518,0.3161105657176934,0.7536737405917218,1,0.15179913789618824,14375
C18_632.5288708_20.5934352,-0.705400302884598,0.4849258859264285,0.9781047779839798,-0.7540990541924656,14376
C18_632.8615448_46.87149685,0.5555017075149319,0.5818550237768493,0.9913379189285378,0.2504622197156257,14377
C18_632.8832001_66.50048319,0.6399843041770406,0.5260790359661028,0.9824083431236167,0.15230152292001672,14378
C18_632.919862_61.66757609,0.6667682435695865,0.5090075490050394,0.979964288586908,0.24495571019622775,14379
C18_632.9508027_35.84613316,1.5484902712009825,0.1299144527529323,0.7695072627505222,0.6570174170901623,14380
C18_632.9852648_227.8520415,-0.5373968672209888,0.5941725303673362,0.9921034274533279,-0.41606057878893765,14381
C18_633.0367561_50.407183,0.174999662764678,0.8620226172970895,1,0.02489378583064042,14382
C18_633.0543262_21.53717131,0.24850269435509686,0.8051031874144685,1,0.24814329085985717,14383
C18_633.3226573_204.1102278,-3.7228798253463515,6.45534786158614e-4,0.07052604538411186,-2.1905478211060703,14384
C18_633.3676218_124.4315087,-0.7722037320229721,0.4448397627523317,0.9745894987688215,-0.3845670642716564,14385
C18_633.4019905_139.8174141,-0.5755321942760576,0.5683737620000474,0.9913379189285378,-0.34672782693836834,14386
C18_633.4962827_212.1808405,5.069119868438399,1.1069422097546752e-5,0.02395189232850786,4.046709073837228,14387
C18_633.7080002_129.6981,0.7221997638529042,0.4746573874805824,0.9781047779839798,0.7940295731171452,14388
C18_633.9390237_37.11931566,-1.0268716817127481,0.3110680095633784,0.9421850854569164,-0.4103973149151772,14389
C18_633.9581_35.72259296,-0.3575539622146753,0.7226843943547572,1,-0.2058038898102729,14390
C18_634.0409088_50.34360155,-0.05548044047034767,0.9560506486445739,1,-0.008167795565829722,14391
C18_634.2113928_129.149179,0.2680921575652287,0.7900995677509527,1,0.34155137161278526,14392
C18_634.3351034_193.6351058,-0.9720045952930554,0.33728476595684653,0.9540637516661264,-0.32582641351847735,14393
C18_634.4021355_142.9419333,1.074609864935469,0.2894244967027604,0.9315424796558831,0.6312210088736014,14394
C18_634.4992485_212.1047976,3.2076549524499725,0.002740530338045319,0.15213332724626133,2.717532574351442,14395
C18_634.5255532_20.61897079,-0.4793572700968377,0.6344719677363562,0.9947980550876518,-0.5779432706679125,14396
C18_634.715424_129.6529463,0.6413905640312174,0.5251751993043294,0.9824083431236167,0.7384743142497668,14397
C18_634.8202955_75.94768806,0.6656429612499973,0.5097186554263602,0.9802142331323181,0.3642368622026031,14398
C18_634.8410108_66.67474825,0.22461451613815892,0.823500213876275,1,0.12468611547801774,14399
C18_634.8700479_67.32859988,0.7942802238541906,0.4320369203452654,0.9742203846590763,0.2734393296620295,14400
C18_634.8784781_63.93421937,1.6253499588605536,0.11247538697021728,0.7386028370327659,0.39102794561203863,14401
C18_634.9166724_38.94323954,2.092217972990465,0.04325270176335708,0.5457830881143292,0.5236780414405728,14402
C18_634.9367668_35.36172443,-0.2398112818192476,0.8117843264994087,1,-0.06061823115217613,14403
C18_634.9951628_53.0019141,0.196459052074826,0.8453131217593817,1,0.03345939680711689,14404
C18_635.0448374_44.73929978,-0.15660925411277202,0.8763940404651259,1,-0.08372181409755727,14405
C18_635.1063407_17.34276715,0.09184746505380681,0.9273087858930427,1,0.053953955660692894,14406
C18_635.2162789_129.6632493,0.5555537622553154,0.5818197883096639,0.9913379189285378,0.6036642064770379,14407
C18_635.3801314_142.0320607,0.04474100122524488,0.9645514705157666,1,0.025762182413954757,14408
C18_635.5247793_20.45109012,0.12804969362591864,0.898794804495074,1,0.12589504160755055,14409
C18_635.607219_17.30533423,1.1570683585342827,0.2545715609291914,0.906563406245264,0.5877231542865111,14410
C18_635.7174552_129.95215,0.5311394435482297,0.5984584053670766,0.99269666947702,0.4463008257659732,14411
C18_635.9159515_38.34964323,-1.1145135327957425,0.2721604938268976,0.920680740314505,-0.5839781741141988,14412
C18_635.933994_33.10403906,-0.5483749962106994,0.5866888087055808,0.9913379189285378,-0.3172544408645745,14413
C18_635.9750439_44.61669437,0.6232229839727653,0.5369152790904497,0.9833164118236528,0.250889233912151,14414
C18_635.9982548_52.39561769,0.30163027401693016,0.7646025517263098,1,0.04419770500353149,14415
C18_636.0878085_17.13023092,0.25428039494289306,0.8006699810591713,1,0.1350677448443729,14416
C18_636.3510061_169.2994146,-2.931948984702287,0.005715518574459811,0.22503959098938253,-1.7983571534509761,14417
C18_636.5224781_20.62431614,-0.015765252974949715,0.9875053602945572,1,-0.020132255958501172,14418
C18_636.836435_71.92633874,0.5467700149562508,0.5877800740319556,0.9913379189285378,0.15699997388099576,14419
C18_636.9533168_54.99918719,1.1408238249030571,0.2611863075206601,0.9127169525485369,0.5626120040474476,14420
C18_636.9947557_51.56859242,0.8580191362050165,0.39634006930582777,0.9669701703160376,0.14021946356030243,14421
C18_637.3535231_166.772952,-1.264511032575098,0.21385976236558085,0.8700201576306809,-0.489384729069766,14422
C18_637.3995698_145.3314153,-0.39885388367364544,0.6922661042896003,0.9999159889500627,-0.43384375305329315,14423
C18_637.5169013_20.30926208,0.39650417021645223,0.6939835056240233,0.9999159889500627,0.25448075083805655,14424
C18_637.9226799_55.35257654,0.829013835864013,0.41234938394719867,0.96978156031432206,0.24160087709269298,14425
C18_637.9561084_54.87330997,1.0175685214241728,0.3154121056154861,0.9434737584195139,0.3195265981778051,14426
C18_638.36644_171.6449214,-1.3630151851697387,0.18101726695147627,0.8441208526690812,-0.6808435088398613,14427
C18_638.3988953_145.8959379,0.2041395519778791,0.839349776428437,1,0.11643659165973076,14428
C18_638.5198486_20.49556662,-0.8252739648314729,0.4144422545656371,0.9702967640516138,-0.9186195740112597,14429
C18_638.8905196_70.5204622,-0.4498548033339112,0.6554083026810087,0.9965858111391217,-0.2886952847644883,14430
C18_638.9119085_44.0760816,-0.6466709016027287,0.5217887963174797,0.9824083431236167,-0.28427460532546406,14431
C18_638.9426422_37.81208134,-2.3080849994261974,0.026616239917054082,0.4579201795426374,-1.0550214558765305,14432
C18_638.9507972_50.69912688,-0.3574884336621475,0.7227330376680843,1,-0.0754922577675102,14433
C18_639.0683922_128.4546735,1.0457003689949302,0.3024021455723429,0.9397496500337139,0.6878799899497166,14434
C18_639.1544207_187.8297944,-1.3288291901727578,0.19194434146104608,0.8510995214092673,-1.068449552063272,14435
C18_639.3588834_136.4167956,-0.31930879791460903,0.7512667335442904,1,-0.16137935585993482,14436
C18_639.4126174_133.0793216,-0.17005638257429734,0.8658811528783716,1,-0.1720423884611992,14437
C18_639.558165_268.1780442,2.1874385139909993,0.03502667267480192,0.5071603942130305,1.8580158463370138,14438
C18_639.9143544_32.50398566,0.37980335148961053,0.7062367859319096,0.9999159889500627,0.35315776266423365,14439
C18_640.3203437_288.1256605,-2.093033898221089,0.04317554365958072,0.5457830881143292,-0.592748551665672,14440
C18_640.3581935_135.9471325,-0.23932999679720715,0.8121547151281824,1,-0.14216095641985363,14441
C18_640.4126345_133.8864965,-0.5123298736494725,0.6114286346360112,0.9928201179984223,-0.22091126148536946,14442
C18_640.5171346_20.43627124,-0.27424506061937565,0.7854034060754526,1,-0.27408604223963284,14443
C18_640.5621244_268.0500445,1.2915782679275043,0.2044179977092448,0.8647457759331585,0.5854164297178682,14444
C18_640.8484054_76.76971728,1.0086378635358901,0.3196210961541755,0.9483800637817349,0.7761478949164221,14445
C18_640.8705878_38.01374902,-0.32283296244321213,0.7486173420854851,1,-0.2819288332621575,14446
C18_640.9072243_31.69034847,0.28287405948224614,0.7788310852686746,1,0.07124998878026874,14447
C18_640.9276651_34.47475356,-0.4534538332282681,0.6528386707205579,0.9965858111391217,-0.1612951188558037,14448
C18_640.9474972_38.4461062,0.04500830074494171,0.9643398340503739,1,0.018505616958681078,14449
C18_641.2723704_143.9853334,-1.9011473853858907,0.06499853905230676,0.6410088189025356,-1.0459587316961034,14450
C18_641.4469946_37.96225853,-2.1082530185654633,0.04175836274908318,0.5388286365772633,-1.2806178342686263,14451
C18_641.5563184_252.7331363,3.170012010144668,0.0030351265339073875,0.1606161091563333,2.587982852440585,14452
C18_641.5733444_278.7337856,0.4562099592035332,0.6508737459051943,0.9965858111391217,0.34557849483575365,14453
C18_641.9273143_41.52625451,0.6044724937243529,0.5491744740463397,0.9857989553982086,0.17568776336309877,14454
C18_641.9423726_36.57323962,0.19852361147174316,0.8437092206454271,1,0.09106575760745034,14455
C18_642.5129816_20.36526699,-0.4590024530506551,0.64888546448722,0.9965858111391217,-0.14574652503437988,14456
C18_642.8881786_44.95563888,0.273903545144055,0.7856638543502269,1,0.1655313342205916,14457
C18_642.9014707_34.36913355,-0.4098685763187652,0.6842375422802268,0.9999159889500627,-0.16503742825247522,14458
C18_642.9244174_42.55681401,-1.5003183670808926,0.1419162397522044,0.7875323654210991,-0.5275379048457935,14459
C18_643.1967906_104.386503,-2.145787881257685,0.03843693130799451,0.5273748391690776,-0.8522783167725281,14460
C18_643.2901042_144.1514932,-1.9330721005217535,0.06081469462075626,0.6269238783817119,-0.5314747916891215,14461
C18_643.4843565_44.00270312,0.7954673528274824,0.43135481445557244,0.9742203846590763,0.3385366569705052,14462
C18_643.9619759_47.16789362,1.2557573468650518,0.21698231144608904,0.8731537174226586,0.44930329808593844,14463
C18_643.9857876_45.87094015,0.589297813244912,0.5591999363300857,0.9891348092350075,0.24897388543147017,14464
C18_644.2936774_144.033749,-1.0263024699871481,0.311332617129772,0.9421850854569164,-0.6593201313011562,14465
C18_644.5938049_17.0366718,0.6157879254992404,0.5417591984893254,0.9844101439284977,0.4295839772346121,14466
C18_644.9165946_30.38460242,1.276213881732057,0.209738058060175,0.8683661493536527,0.5949975953127992,14467
C18_644.9403775_49.27462707,1.6760903570909158,0.10205082625079728,0.7221704866666782,0.8444315101842317,14468
C18_644.9613848_146.270338,-2.0526790812557416,0.04713983850405434,0.565818155239673,-0.4415273486165758,14469
C18_644.9618122_44.2753771,-0.5031337537151224,0.6178166828768835,0.994456976229082,-0.1729643201521877,14470
C18_645.1205543_172.6314408,-0.5779847221386034,0.5667338532657418,0.9913379189285378,-0.4086363441690017,14471
C18_645.2212448_107.8563156,-0.15406913102273528,0.8783825052631762,1,-0.1045650926361041,14472
C18_645.2265922_154.0226261,-0.06277846164499173,0.9502767926138032,1,-0.04895560738457456,14473
C18_645.3056406_147.181066,-3.066427679756259,0.004008537121980543,0.1937665174963518,-0.7040448341074503,14474
C18_645.35868_177.4088002,-0.1671505598546103,0.8681508867003713,1,-0.1047283477709917,14475
C18_645.9195505_33.0072648,-0.3368219110371457,0.7381314613834207,1,-0.15328544036065125,14476
C18_645.9431533_55.0858114,0.8309699128006691,0.4112573440812898,0.96978156031432206,0.3341063095422506,14477
C18_645.9487213_59.09964509,0.14253143560397225,0.8874243308300689,1,0.054004817802766655,14478
C18_645.9552037_143.2314975,-0.5535380873231338,0.5831849408942518,0.9913379189285378,-0.43503627247189003,14479
C18_645.9635784_152.2783726,0.5695240115658862,0.57240114527879,0.9913379189285378,0.7755884512272927,14480
C18_646.3094578_147.058418,-1.433377481643408,0.16004641218374455,0.8203357701163545,-0.9225313733510736,14481
C18_646.3348135_204.2245777,-2.878436845315373,0.006568279658324103,0.24239160585479042,-1.8264935030175715,14482
C18_646.8773673_28.71721025,0.4635508521481748,0.6456525345400346,0.9965858111391217,0.3702092749320776,14483
C18_646.8985862_62.03038096,2.003537725171975,0.052394395035812044,0.5951460072669303,0.7141488415175218,14484
C18_646.9173994_39.69191618,-0.4794627334529695,0.6343976557290555,0.9947980550876518,-0.2506078796968598,14485
C18_646.9354126_58.3407792,-0.2890390026214296,0.7741455516202139,1,-0.11915693776471906,14486
C18_646.9390201_60.46141381,0.8403438678227839,0.40604888106838843,0.9672616821631036,0.20952843064330412,14487
C18_646.9610151_139.9445862,0.8712053742113939,0.3891928152893884,0.9669701703160376,0.49323955006943826,14488
C18_647.086163_17.0681854,-0.04257931544366655,0.9662630961137009,1,-0.031866793934170176,14489
C18_647.3212215_151.4811658,-2.3581059501736834,0.02369694599756216,0.43556851625430787,-1.2489867776118155,14490
C18_647.3382827_204.2442742,-2.631566952349563,0.012271696396080186,0.32102476136950864,-1.600526471627034,14491
C18_647.9555701_40.8386598,0.3298594100685887,0.7433442438977427,1,0.12832738260398316,14492
C18_647.9759549_194.4005077,-0.6018747345391355,0.5508841737861987,0.9858134543858914,-0.49356921635664963,14493
C18_648.2931403_204.2128145,-3.0870054147389774,0.0037942898017957875,0.18627591495691195,-2.0052930463982626,14494
C18_648.4569645_38.45255877,1.1076545022029505,0.2750746665778263,0.9227236778686373,0.5043869731430459,14495
C18_648.5298621_20.21093942,-0.3831797710719642,0.7037530019572822,0.9999159889500627,-0.3235625584852896,14496
C18_648.8570081_67.27805231,-0.3564533627935659,0.7235015485194675,1,-0.12117078816057468,14497
C18_648.8867771_67.01466589,-2.4625937803446485,0.018511650086586933,0.39485976106509685,-0.8787070588924842,14498
C18_648.8947925_60.82682383,0.8455860316321117,0.40315411736591433,0.9669701703160376,0.29459332879679423,14499
C18_648.9268029_42.48740696,0.758534834230912,0.4528784486278469,0.9750316892785739,0.18923344986001592,14500
C18_648.9366285_44.64577105,1.52235047851927,0.1363212762494521,0.7769535981134155,0.49323000600850897,14501
C18_648.9777253_194.7800687,-0.24636162244770204,0.8067476888653776,1,-0.0863129659567175,14502
C18_649.0112144_53.62934695,0.14998140051375167,0.8815841427828724,1,0.01961335154690242,14503
C18_649.5279857_20.26947214,-0.3223452296017477,0.7489838259783099,1,-0.32401331133907696,14504
C18_649.9152077_51.15677084,-0.14907217576007695,0.8822965516440608,1,-0.06401329460833621,14505
C18_649.9296976_41.92369636,1.5107447685519533,0.13924602470772382,0.7828389046734362,0.6275746916546978,14506
C18_649.990955_47.55928202,-0.18925540067804336,0.850914629318053,1,-0.11235767633052754,14507
C18_650.0141522_52.31606181,1.7699384338908162,0.08487906777593957,0.6959761542836904,0.27390121031285525,14508
C18_650.3670567_169.7392689,-1.949940328002531,0.058699277949898494,0.6206361280685585,-0.8743062541602569,14509
C18_650.8529019_69.78798878,-1.0809625088563113,0.28662582105026707,0.9295944216943315,-0.46590405672348517,14510
C18_650.8922665_57.46150333,0.7044176766226399,0.4855303593670981,0.9781047779839798,0.43147926178960255,14511
C18_650.9592256_54.61209058,0.8934182798203543,0.3773387595609389,0.9637531830220828,0.34868024391364405,14512
C18_650.9696981_55.11407333,1.6800734436035774,0.10126750696610763,0.7208484523958092,0.7328437589565764,14513
C18_651.0110158_51.70311905,-1.097860933982732,0.27927392993327727,0.9271752830202422,-0.3753054092135564,14514
C18_651.2802866_237.9915321,0.36877222069390675,0.7143741719288494,1,0.28323669483331065,14515
C18_651.3710672_162.7077606,-0.045030573233461525,0.9643221997528152,1,-0.030255938179562344,14516
C18_651.4698911_47.73140733,0.5277345416969867,0.6007966287633786,0.9928144482048423,0.24468825947682118,14517
C18_651.9476995_50.53397312,2.5473291148692763,0.015089754927756808,0.3522437591605638,0.816525233759405,14518
C18_651.9722902_53.67756164,0.6768146436062666,0.5026829056112911,0.9781047779839798,0.11577046260971616,14519
C18_652.2941551_238.0375837,-0.30500803986835184,0.7620487673868097,1,-0.12530896078161685,14520
C18_652.3256652_168.930168,-2.4360954984988132,0.019718642354396323,0.4041845899822696,-0.9632195532484352,14521
C18_652.3858293_172.0403664,-0.7419131356702423,0.46276776902555117,0.9762430040810272,-0.36945572392804954,14522
C18_652.4972165_20.47421698,-0.2875062825041298,0.7753096711752299,1,-0.29983402566673206,14523
C18_652.5819352_17.10273713,0.4589686704288819,0.6489095025127478,0.9965858111391217,0.3611945160731147,14524
C18_652.8110256_77.2858016,-0.11124226203401326,0.9120183087590623,1,-0.08102672931681733,14525
C18_652.9269128_46.08215694,-0.4695887438893681,0.641371643725515,0.9955023063019077,-0.15005617666829435,14526
C18_652.9680075_54.8969367,0.925755742736975,0.3605004257705361,0.961048988436301,0.26166500881023563,14527
C18_653.1701906_187.4643373,-1.5738274981692015,0.12393860534456094,0.7633864733503855,-0.8880454659405624,14528
C18_653.3024438_156.7268166,0.46282830974728445,0.6461656431782596,0.9965858111391217,0.2909113087248701,14529
C18_653.3930241_132.9683981,0.023517799622722678,0.981362105533542,1,0.017085455318946154,14530
C18_653.9324365_34.02041192,-0.058714193635737814,0.953491938193983,1,-0.019394735428029452,14531
C18_654.3050045_158.8349453,0.23504556359082637,0.8154538589817969,1,0.17009228339385185,14532
C18_654.3940596_132.939479,0.4099900740132285,0.6841491877385326,0.9999159889500627,0.2200334470381493,14533
C18_654.8602112_27.97298984,-0.25363324067599796,0.8011662107876778,1,-0.2031851920841129,14534
C18_654.8883105_40.7913244,0.11985172961847088,0.905241266986105,1,0.06323709280751537,14535
C18_654.9200877_38.27508967,0.7440590140426893,0.46148404303039403,0.9756152843481324,0.3298325074023061,14536
C18_654.9434407_37.1735148,-1.108551300209007,0.27469239242922516,0.9222625745451842,-0.3193247384310328,14537
C18_654.9634284_42.6421837,-0.28596643867453636,0.7764797305877299,1,-0.10199576359421542,14538
C18_655.0640711_41.84855592,0.45904036611290766,0.6488584878998337,0.9965858111391217,0.2026841783636606,14539
C18_655.1491149_172.7913029,0.1538642749133503,0.8785429061500643,1,0.05272848664712754,14540
C18_655.4108319_117.5394898,-0.9335169555952366,0.35653321327292176,0.9588670540445742,-0.9190336751593353,14541
C18_655.422744_236.5131121,-0.1869923019860835,0.8526760302398326,1,-0.20870440553277098,14542
C18_655.4656126_39.32247048,0.910023991763012,0.3686299117765006,0.9637531830220828,0.30275240902033523,14543
C18_655.5188827_20.29979452,-0.5468840595213639,0.5877025001611451,0.9913379189285378,-0.565613964359001,14544
C18_655.9427706_43.71663515,1.8062768138430272,0.0789165878324719,0.6903004425657758,0.5643310596718567,14545
C18_656.1526606_172.7505422,0.09708940330326839,0.9231731407591819,1,0.08441488769262381,14546
C18_656.3191796_198.5844903,-1.9786921632117827,0.05523995599115434,0.6065607728992479,-1.6187278552507278,14547
C18_656.4262771_236.6392388,-0.36550363440913913,0.7167918814097152,1,-0.22258167775277446,14548
C18_656.4411399_43.62966846,-0.7395871617502945,0.46416157070198183,0.977038339924947,-0.23052420682109534,14549
C18_656.5169573_20.4950221,-0.5608070542953855,0.5782692212854375,0.9913379189285378,-0.552978195831603,14550
C18_656.9013572_41.75176907,-0.44794091304004485,0.6567765137222153,0.9965858111391217,-0.33101471594774656,14551
C18_656.90431_161.4299533,0.13860085724540466,0.8905081823368923,1,0.14377788506485953,14552
C18_656.9175381_52.32756983,1.1886627237136143,0.24205543025902473,0.8966495659913413,0.3691457473798402,14553
C18_656.945996_43.73266856,-0.0946531034735406,0.9250950062210869,1,-0.04575394100608962,14554
C18_656.9987565_47.34252076,1.2196859754462077,0.2302097547304551,0.88737279623999,0.4998187588165644,14555
C18_657.3230707_198.3056482,-2.3411450374748317,0.024652759791824172,0.44396893648848884,-1.0314000292258205,14556
C18_657.5157019_20.45574623,-0.5605236495800714,0.5784604965752165,0.9913379189285378,-0.5648861592081378,14557
C18_657.9014691_53.83203972,-0.6365650478536412,0.5282801192342831,0.9824083431236167,-0.3034015926596721,14558
C18_657.9785464_49.97536364,-0.33260918438398557,0.7412840256707027,1,-0.09394045691194977,14559
C18_657.9989621_46.9578474,-0.5798019704982428,0.5655202552463399,0.991222047296664,-0.24041764270387378,14560
C18_658.3609713_127.7632788,-0.19536877756076135,0.8461603966404075,1,-0.12188576552311711,14561
C18_658.5142726_20.35098707,0.17321148540773357,0.8634180099718802,1,0.18631808481216114,14562
C18_658.8954181_34.47364211,-0.5159536618827252,0.6089197707135893,0.9928201179984223,-0.35363721316184443,14563
C18_658.9287067_31.22159667,0.02186942065238586,0.9826682266840636,1,0.011384870847625022,14564
C18_658.9491834_51.03688346,0.9321419736079898,0.3572339535902058,0.9588670540445742,0.2726271054346678,14565
C18_658.9781992_44.12711998,0.27014477972256185,0.788532026338489,1,0.11398050504001953,14566
C18_659.38289_181.4737718,0.4764850682367919,0.6364972617660464,0.9953585489094753,0.2732816050301584,14567
C18_659.5118037_220.6316734,4.418126304076322,8.207667245585495e-5,0.03581734789670781,3.442131441994883,14568
C18_659.9361309_36.53954272,0.610192250594304,0.5454196745040025,0.9849172979815777,0.1621098804092431,14569
C18_659.9581431_52.68188169,-0.40920434913197123,0.6847206555167561,0.9999159889500627,-0.13480223446264591,14570
C18_659.9649651_56.37004043,0.8816979060625835,0.38356429237615774,0.9640023294868427,0.23164888703574715,14571
C18_659.9808543_44.90530558,0.5886842020076237,0.5596072682673932,0.9891348092350075,0.20190930945102087,14572
C18_660.3505462_204.2462633,-2.56420308012563,0.014481701517251573,0.3456114252342856,-1.6968874927951514,14573
C18_660.5146235_220.6589526,4.58300440045563,4.965866940971281e-5,0.030005296016407244,3.728982144605084,14574
C18_660.8885207_29.29230838,-1.3732388533957296,0.17784448571696868,0.8404813690786701,-0.8360618843971043,14575
C18_660.9133291_55.72135268,0.37035926980178424,0.7132013357962157,1,0.26534551303309767,14576
C18_660.9360464_48.81280336,2.0441834821040352,0.04801389466831347,0.5731749887835901,0.8709471260019865,14577
C18_660.9521228_50.27464618,-0.01452384308892962,0.9884891568564409,1,-0.004032162470482792,14578
C18_661.2770564_122.111796,-0.30806109931895487,0.7597427961973574,1,-0.27687612821350066,14579
C18_661.3547293_200.660247,-1.4552695206214068,0.15392645673686087,0.8098035215536038,-1.0264560163754486,14580
C18_661.5135555_220.4997582,2.1943593323747694,0.03448680600084968,0.5048831476813758,1.1327212961325785,14581
C18_661.527337_245.9390876,3.3311228071139,0.00195353480899759,0.12699856034871324,1.1978362032688732,14582
C18_661.9187135_55.66679016,0.2442822314063834,0.808345666254777,1,0.07439107359440535,14583
C18_661.9650472_40.55729941,0.8365729150650878,0.40813919609060123,0.9676316311691489,0.37575918137304615,14584
C18_661.9721681_44.03503924,-0.3586847891319043,0.721845140049008,1,-0.1917208516101651,14585
C18_662.2988894_237.8814631,-0.7310224006864912,0.4693147723356682,0.9777549229263227,-0.44865964341581865,14586
C18_662.3072745_219.9854975,-1.8335983186763545,0.07467049833034207,0.6747716156497422,-1.39752687144776,14587
C18_662.5303722_245.5107011,3.504790911476705,0.0012027965866724028,0.100587633891123,1.3019547128251925,14588
C18_662.8728751_62.16654771,0.5588073046243911,0.5796195514717539,0.9913379189285378,0.1288479395207612,14589
C18_662.9122839_62.18183008,-0.11413067209957806,0.9097438952585778,1,-0.03372171156099364,14590
C18_662.9489465_47.17392344,-1.7241488068483983,0.09292775330592619,0.7110073493176743,-0.6282091534097581,14591
C18_662.9563786_44.18317612,-0.5587129772229131,0.5796832840090882,0.9913379189285378,-0.24425828461475915,14592
C18_663.2355856_24.05000081,0.3556519798529347,0.7240967520394893,1,0.24195485411901613,14593
C18_663.2780113_143.2057417,-2.8827908723229263,0.006494675476187797,0.24063998049742993,-1.8468507762588235,14594
C18_663.3064741_237.9543604,-1.5573929346229165,0.12778874246721375,0.767062863320257,-0.790520489810653,14595
C18_663.4547725_46.05154532,-0.05528219850595838,0.9562075234099209,1,-0.025067848478244215,14596
C18_663.5313135_244.8377853,3.257380860990801,0.0023928268240813793,0.13935731831589673,2.321662659763943,14597
C18_663.9304777_49.247191,1.7523899680560504,0.08789157818478896,0.6977778646464091,0.5655361584437282,14598
C18_663.9356405_51.38690184,1.1545747387248537,0.2555790087881972,0.9079932673140159,0.3623712957896324,14599
C18_664.3833054_174.2130794,-1.2148443634837465,0.23202967814805828,0.8879258919320564,-0.5719677188511462,14600
C18_664.5073743_20.53877595,0.45075562618403026,0.6547647340561564,0.9965858111391217,0.32852302871005673,14601
C18_664.8699823_65.47654203,1.9176108815894097,0.0628110539209271,0.6325395237806185,0.6178362288104465,14602
C18_664.8895655_28.65025454,-0.026506643731436443,0.9789939791003184,1,-0.02356848541765094,14603
C18_664.90867_58.68934102,1.2859969148563355,0.20633866160568973,0.8673174277697767,0.5144141251805253,14604
C18_664.9851917_55.36607341,1.4305967096729655,0.16083729988146947,0.8218381018016443,0.2878109977208014,14605
C18_665.0639825_18.09743875,0.8362258000945244,0.40833194359993463,0.9676316311691489,0.3549432026049431,14606
C18_665.0745245_18.16608006,-1.4143165133116984,0.16552938775223358,0.8274419139233609,-0.3930765454921338,14607
C18_665.2916233_149.4628171,-1.257235743583115,0.21645256671563423,0.8728105295437921,-0.7233722842672979,14608
C18_665.5022236_20.37708656,-0.08345304290024573,0.9339358039389859,1,-0.08590208251288156,14609
C18_665.962392_52.52508381,-0.8935716513622151,0.37725772472632035,0.9637531830220828,-0.2512355486247691,14610
C18_665.9853723_55.28649366,0.44909788763977737,0.6559492666779432,0.9965858111391217,0.13084365162964837,14611
C18_666.0801681_18.20312646,-0.7461577381245422,0.46023053034234196,0.9755657681934743,-0.382676648113632,14612
C18_666.5008705_20.23811123,-0.6746464327436259,0.5040442210897469,0.9781047779839798,-0.2928017332533871,14613
C18_666.9369392_161.6712995,-0.20612769367836495,0.8378076773027722,1,-0.15027981525179468,14614
C18_666.9829059_55.08073596,0.6917621517109274,0.49335335174160233,0.9781047779839798,0.25076177671152444,14615
C18_667.9276624_37.17626954,0.6760511381069533,0.5031620432603323,0.9781047779839798,0.1915666950969429,14616
C18_667.9401286_42.07077225,0.18283579104399386,0.8559130856901065,1,0.06113343900825695,14617
C18_667.9497135_36.46829005,-0.6497259506277481,0.5198348714346257,0.9824083431236167,-0.15183770530599658,14618
C18_668.2891989_237.9211339,0.383702811793375,0.7033685324720933,0.9999159889500627,0.2772733170666446,14619
C18_668.9019717_48.15134501,-1.0328376793158904,0.30830390424881154,0.9421850854569164,-0.25805141587177904,14620
C18_668.9243009_37.25065556,-0.39646691546590324,0.6940107482559859,0.9999159889500627,-0.1561271858602349,14621
C18_668.9585505_38.86814708,-2.1583304453079704,0.03738030323677624,0.5220805529735174,-0.7526188031080767,14622
C18_669.1647964_172.81405,0.188228922025178,0.8517134564713376,1,0.0857516105230538,14623
C18_669.2932562_237.891141,0.33062622489826643,0.742769528831718,1,0.2952985269750888,14624
C18_669.2981511_159.2961603,-0.03531756027117798,0.9720141003960514,1,-0.0330978089347548,14625
C18_669.9282388_35.88974345,-1.8517813108273897,0.07195354376523606,0.666637835732572,-0.8987555642006317,14626
C18_669.9588843_46.94456354,-1.781066047740274,0.08301418797638721,0.6948552844377854,-0.4005408264299727,14627
C18_669.9656818_43.84444197,-0.2514015919624887,0.8028780499895529,1,-0.09504273455305277,14628
C18_670.1686244_172.7905589,-0.5290419286319182,0.5998983085445302,0.9927179766037689,-0.2981320600913751,14629
C18_670.2918365_237.8460067,-0.3789015944442224,0.7069006949525388,0.9999159889500627,-0.14883723812689378,14630
C18_670.3349303_198.675264,-1.1169725619208255,0.2711211072624915,0.919604667683454,-1.0280531893411657,14631
C18_670.8579142_66.54492242,-1.0758250754367493,0.2888876560440588,0.930363967095018,-0.47099080257207326,14632
C18_670.9177378_47.28082369,-0.5614986555741067,0.5778025762297385,0.9913379189285378,-0.16706409151944132,14633
C18_670.9350319_51.15662473,-0.79093025830761865,0.43396526109765854,0.9742203846590763,-0.22988653318344784,14634
C18_670.9425022_49.57653956,1.0061503779843428,0.3208002173440642,0.9487521488093467,0.43582273828220197,14635
C18_671.1468056_172.6658404,-0.18289813781318653,0.8558645117679904,1,-0.1418059272289365,14636
C18_671.2640197_237.5210147,-0.7556037563918763,0.4546132685623693,0.9753792522951469,-0.4217076300754579,14637
C18_671.3385803_198.509614,-1.4362441835820363,0.15923429051937898,0.8193248359762065,-0.694830050295542,14638
C18_671.9170875_56.09502596,-0.2598191424214746,0.7964263829458146,1,-0.08648224607075325,14639
C18_672.1407429_172.7217683,1.2733997248744946,0.21072368971978486,0.8683661493536527,1.2047364616159542,14640
C18_672.252515_22.78495626,0.7583316891839309,0.45299855870904937,0.9750316892785739,0.22000166517707476,14641
C18_672.2934051_198.4264485,-2.748083724237088,0.009168405858177218,0.2752088704868528,-1.5322024242098862,14642
C18_672.8760577_67.18656062,1.0857482486476968,0.2845300449804104,0.9295944216943315,0.40258116386242093,14643
C18_672.9086169_38.88014731,-2.6772005964623187,0.010955899822968448,0.304079392540307,-1.00250454420224,14644
C18_672.97097_54.34184864,0.621976564164707,0.5377257348171229,0.9833164118236528,0.1442888380384587,14645
C18_672.980279_56.3087715,-0.23649433939596293,0.8143378733011043,1,-0.0798463254285225,14646
C18_672.9929567_45.01044317,0.7515228918311946,0.4570350906075572,0.9755657681934743,0.18626298088408952,14647
C18_673.2267663_103.4108802,-1.2094913064120378,0.23405419442029995,0.8884134042888568,-0.9395837325317449,14648
C18_673.2592198_129.3770336,-0.13585078046536095,0.892666864632771,1,-0.08710344606988861,14649
C18_673.3951465_185.9791397,0.7469423690350216,0.459762400416592,0.9755657681934743,0.42653524854966984,14650
C18_673.5264562_236.6496308,2.462315356796154,0.01852397478707679,0.39485976106509685,0.9852797958112528,14651
C18_673.9538018_50.90631555,-0.0426305019329562,0.9662225646832587,1,-0.023481498169051755,14652
C18_673.9771323_54.11486918,0.9412656573447711,0.3526010615123777,0.9584471216727528,0.43000981213714956,14653
C18_673.9932373_162.2236166,0.054806497381895726,0.9565839670515978,1,0.06275518580591996,14654
C18_673.996734_45.85907165,0.7214556441581786,0.4751095788146117,0.9781047779839798,0.2133440310837377,14655
C18_674.2608998_129.9036223,-0.16488849581024584,0.8699185656729729,1,-0.1268657446829546,14656
C18_674.5133259_20.59127304,-1.2720233990775978,0.21120700231769546,0.8683661493536527,-1.0515480782958389,14657
C18_674.8376725_69.42140915,0.008132764228916012,0.9935542340729364,1,0.006830221137920861,14658
C18_674.9013518_31.44849975,2.1189596793823875,0.04078607422281684,0.5347244144365793,1.1071921552319177,14659
C18_674.9198758_61.16834858,0.9787309098275974,0.3339934459786692,0.9524776965421659,0.37390027916806745,14660
C18_674.9292039_59.10302515,1.1516292230990024,0.25677273715256577,0.9089454034850852,0.2320327046355796,14661
C18_674.9514509_49.26221874,1.4390769465164737,0.15843497347180774,0.819123460775386,0.5662542472945307,14662
C18_674.9972324_162.4803689,0.2570691275153463,0.7985325759301758,1,0.0597568179975293,14663
C18_675.2636455_130.0499432,-0.36607024775995967,0.7163725560845691,1,-0.12089371867952589,14664
C18_675.5430826_262.693019,2.7862569300133955,0.008321842089951521,0.2673540679614282,1.7659668302431315,14665
C18_675.9310662_48.23365966,-1.1339602166111882,0.26401801128813185,0.9153716740091526,-0.40232175416476473,14666
C18_675.9422281_36.58471575,3.7153059272485196,6.597894854768155e-4,0.07052604538411186,1.0417172655880513,14667
C18_676.3247435_203.5186331,-1.8635671093736723,0.07023784145228096,0.6575902796277318,-0.5885448324293573,14668
C18_676.5102165_20.63716395,-1.0851634724854375,0.284785550710459,0.9295944216943315,-0.880312775844754,14669
C18_676.8885306_56.327041,1.413715439333681,0.1657046526838247,0.8274419139233609,0.3493488590706771,14670
C18_676.9111544_53.39937172,0.6229835527973641,0.5370709140897474,0.9833164118236528,0.17145328154699843,14671
C18_676.9765875_43.52095844,-0.38214407694527247,0.7045145380138309,0.9999159889500627,-0.1757453119776336,14672
C18_677.2932387_143.578055,-1.605717809932652,0.11673650792814097,0.7476276149821014,-1.2088322996185297,14673
C18_677.9466269_50.90384636,0.7715762009526353,0.4452069503364683,0.9745894987688215,0.21481487043373262,14674
C18_677.9549863_46.63981788,0.16759321457200202,0.867805056241554,1,0.0714620417164505,14675
C18_678.0411472_17.29412145,-0.16613431328382988,0.8689449433767248,1,-0.19491749051558566,14676
C18_678.297536_237.5637656,0.3267094659028182,0.745706633229843,1,0.2960695924072828,14677
C18_678.5074329_20.65420545,-1.0499966258926947,0.3004484350649594,0.9396681966123791,-0.8228475545113956,14678
C18_678.846419_66.36327377,0.16474482280036964,0.870030861194897,1,0.04526507611602462,14679
C18_678.8845501_63.04997684,-0.10388688456205297,0.9178134780137914,1,-0.041564351895187264,14680
C18_678.9050093_29.359947,-0.2972404127655341,0.7679255184325459,1,-0.18563221327607,14681
C18_678.9224637_57.10479373,0.18970048108614748,0.8505683078561755,1,0.046140681703413476,14682
C18_678.9308267_54.91754713,0.6366140490326222,0.5282485411863556,0.9824083431236167,0.21380565411506378,14683
C18_679.0439755_16.99828531,0.01236425289346117,0.9902006384327064,1,0.01124885522993831,14684
C18_679.3026304_237.7066904,-0.03983587154097807,0.9684355903887478,1,-0.025850825588149766,14685
C18_679.367801_124.3502905,-0.3932171217438056,0.6963887478963606,0.9999159889500627,-0.2384661441617965,14686
C18_679.9065503_49.7966865,-0.04363624355449355,0.9654261983514276,1,-0.016298472950736262,14687
C18_680.5045887_20.57173689,-0.37980442426191313,0.7062359962531062,0.9999159889500627,-0.3530759921337408,14688
C18_680.881156_57.97938248,1.7491722565493606,0.08845357912732409,0.6991326024755875,1.1382618018125077,14689
C18_680.9591968_48.18359188,1.0154780156011,0.3163939431207225,0.9446590868415949,0.4531757923588921,14690
C18_681.0476337_17.89565732,-1.4733655139911344,0.14900867332528264,0.8014900281899261,-0.47033013782709293,14691
C18_681.2970334_237.3838562,0.11761851725012332,0.9069984973364591,1,0.08784291759732928,14692
C18_681.9491731_38.71793274,0.6937589230691383,0.4921144012765294,0.9781047779839798,0.2602392886165198,14693
C18_682.0533487_17.66013405,-2.9251853117763136,0.005817262845391595,0.22733631666940787,-1.467677066125705,14694
C18_682.1161419_126.5630899,-0.07397398434288313,0.9414247998993601,1,-0.03517908253866552,14695
C18_682.2998861_237.5029362,0.3749442460557948,0.7098169879995362,1,0.3210606524207461,14696
C18_682.5007401_20.3220148,-1.1327041119493508,0.2645386156138218,0.9153716740091526,-0.9797415629780759,14697
C18_682.9176962_49.58409665,-1.0530366155478672,0.2990713071668215,0.9392638295536324,-0.3001537440297649,14698
C18_682.9259778_46.29185203,-0.4961635672901103,0.6226786454768838,0.9947980550876518,-0.10726313400840068,14699
C18_682.9391005_41.66357147,0.3833507852915217,0.7036272865318198,0.9999159889500627,0.1615963665236657,14700
C18_682.9744389_40.62259231,-0.4359377400754167,0.6653845641398152,0.9978767801948073,-0.16125535525459797,14701
C18_683.3027499_237.4337153,-0.011307441170125622,0.991038182435735,1,-0.012027473877832883,14702
C18_683.5115996_212.001718,3.7812601812799405,5.452251527124403e-4,0.0671313570817816,2.6553242507213057,14703
C18_683.9228903_40.75266206,-0.16856900271050412,0.8670428005712152,1,-0.07782515695677406,14704
C18_683.9440937_36.15872892,-1.5632015598500408,0.12641703606151203,0.7652102591223218,-0.5740047016027647,14705
C18_683.975271_43.84608722,0.8978928860957381,0.3749791620142344,0.9637531830220828,0.28082718199832707,14706
C18_683.9835733_46.12539257,0.07528123929712986,0.9403916580006679,1,0.03953112433825922,14707
C18_684.3510061_198.8926367,-1.1800096511184501,0.24543772253317897,0.9002001515555613,-0.6522968861528559,14708
C18_684.4987986_20.5121284,-0.8659294299712009,0.3920426575262156,0.9669701703160376,-0.6454717181601292,14709
C18_684.5147407_212.1049223,3.941443625236114,3.414870349192229e-4,0.06119150011595427,3.3127414628673115,14710
C18_684.8828747_65.87822845,0.05010417470373843,0.9603056541383099,1,0.020164998747152205,14711
C18_684.9331718_48.57942899,-0.6634509759820031,0.511105401818182,0.980797573128938,-0.22869056861368808,14712
C18_684.963413_47.5598412,-0.6268561461199142,0.5345565506309389,0.9833164118236528,-0.19778398456204888,14713
C18_685.4637418_48.08476601,0.6326713939562042,0.5307925185585649,0.9824083431236167,0.2032094024460557,14714
C18_685.5123561_211.7297251,1.516093972751336,0.13789178778396963,0.7797984111181292,1.3573570360176606,14715
C18_685.5276491_229.4457962,3.5135574462454757,0.0011734037636582852,0.09946882523598569,1.5876637329454222,14716
C18_685.9287434_56.09603685,-0.3278541131285253,0.7448478836423278,1,-0.14155394845631789,14717
C18_685.9359629_52.91780122,-0.39571022031627,0.6945641725220371,0.9999159889500627,-0.1205077767901973,14718
C18_685.9409561_50.68318181,0.7185649140322591,0.47686856787061727,0.9781047779839798,0.31845701066092075,14719
C18_686.3072121_198.6322766,-0.6140209071911904,0.542913734857049,0.9844101439284977,-0.21526087556435664,14720
C18_686.5306556_229.6238978,3.3997225043502164,0.001614877307325364,0.12019551683985753,1.5443589778197016,14721
C18_686.8337697_70.33322353,2.0338428754284745,0.04909685967008748,0.5775821167007157,0.9669951851167983,14722
C18_686.8844846_67.18636089,0.48244209746418965,0.6322999110593956,0.9947980550876518,0.18287029074454159,14723
C18_686.892506_64.43788741,0.16387812329690113,0.8707083354951638,1,0.041029537110272477,14724
C18_686.9085468_60.89912127,-0.4356860287328306,0.6655655758095883,0.9978767801948073,-0.22282918679733218,14725
C18_686.9230017_37.56148639,-0.846120909373789,0.4028594785718672,0.9669701703160376,-0.3564085792905543,14726
C18_687.0086304_47.56735559,1.3563475872062127,0.18310990907231842,0.8460463584863603,0.25523088125847576,14727
C18_687.2776261_143.9052062,-2.747984220878959,0.009170713483925641,0.2752088704868528,-0.8971051388856341,14728
C18_687.5392845_245.6936131,3.940172419769747,3.4276588225359486e-4,0.06119150011595427,1.7407301102768875,14729
C18_688.0122761_47.28394091,1.0997096501311763,0.278477787822727,0.9260978083605081,0.16234869379293262,14730
C18_688.2816807_143.968629,-2.750225677977224,0.009118861390278525,0.2752088704868528,-1.7485903145232127,14731
C18_688.5460645_251.7945913,3.8514633888978484,4.4449099747702147e-4,0.06595282851518033,1.7865689106113098,14732
C18_688.8498872_69.54592783,0.904700889545675,0.3714073345941148,0.9637531830220828,0.4605267917045291,14733
C18_688.9462443_58.79809725,0.7394790616778335,0.46422640697270334,0.977038339924947,0.2126996544846801,14734
C18_688.9547056_47.09382244,0.7671446899328856,0.44780507550894644,0.9745894987688215,0.25866141489218103,14735
C18_688.9670854_49.57339855,1.6164048577965668,0.11440082262089019,0.7411741635034088,0.3961550456666353,14736
C18_689.014286_47.14629582,0.005424338740776897,0.9957008175165263,1,0.0016905449231108447,14737
C18_689.2010491_96.43992061,-1.7562941564439465,0.08721370399829252,0.6965568326452342,-1.3617197853782859,14738
C18_689.2510187_123.579031,-0.44770429881035323,0.656945748953226,0.9965858111391217,-0.19838280523270274,14739
C18_689.4575614_41.44846633,-0.08054160773735951,0.9362353884605512,1,-0.04570193114550447,14740
C18_689.5539684_270.3869865,3.3320047252070144,0.0019487791697231126,0.12699856034871324,0.9182784468778619,14741
C18_689.9364002_43.37199676,0.935479510682218,0.3555345869162322,0.9588670540445742,0.3587146525657536,14742
C18_689.9710567_49.20291793,0.5802180227050319,0.5652425893815156,0.9911473761431051,0.20314333829876813,14743
C18_690.2561908_125.9274144,-0.07977940711418567,0.9368375015834229,1,-0.05144692105438792,14744
C18_690.4875138_20.48234566,-0.6952250160061716,0.4912058312310834,0.9781047779839798,-0.7614232648955023,14745
C18_690.5603392_279.0822559,3.1888738979500255,0.0028839438091326657,0.15677078630267882,0.9226113374565733,14746
C18_690.9043811_56.79511721,0.7972596044481061,0.43032624607637404,0.9742203846590763,0.2713449611415037,14747
C18_690.9258628_53.86465301,-0.7135609189685974,0.47992221585074013,0.9781047779839798,-0.29228641026420243,14748
C18_690.9920434_47.25135188,-0.08153734057958634,0.9354488498734845,1,-0.03847639154393692,14749
C18_691.562138_281.0712636,3.3420495984930483,0.0018953874767157386,0.12699856034871324,1.7041511247106618,14750
C18_691.9128869_56.24455915,0.8098484546886973,0.4231433823837728,0.9724257019093233,0.30264112521468467,14751
C18_691.9727863_48.36007421,0.8704210027812014,0.3896156677302066,0.9669701703160376,0.1872047371820813,14752
C18_692.4725991_48.46189938,-1.7485580053137426,0.08856120521389454,0.6991326024755875,-0.6330976795269357,14753
C18_692.561591_281.3856768,3.152307051469352,0.003183851484668396,0.16617377682438703,1.816864094518297,14754
C18_692.8629417_62.44946143,-0.37023676924771554,0.7132918391589491,1,-0.07795467253704802,14755
C18_692.8846066_31.33671671,0.10413315742115095,0.9176193687244707,1,0.06159528551137508,14756
C18_692.9205937_30.71922503,-1.101580389108819,0.27767379872293346,0.9252951707628061,-0.5045132054505496,14757
C18_692.9511113_49.35745423,0.29315041521494684,0.7710254995652966,1,0.09782919577705342,14758
C18_693.929306_38.25344223,-0.9556642309517148,0.34537048671566317,0.9572455292742392,-0.4187647393220052,14759
C18_694.3939138_164.435251,-0.204464725388765,0.8390975120869835,1,-0.13561191038189094,14760
C18_694.4811969_20.56581168,-0.3861501636086022,0.7015706170047239,0.9999159889500627,-0.41229451397911404,14761
C18_694.8794385_28.26932561,0.23186826728446847,0.8179026776765687,1,0.1958465917142529,14762
C18_694.9580895_151.2102703,-1.185900558756852,0.2431313721558902,0.8982469518214177,-0.4030825524467783,14763
C18_695.3131369_237.400448,0.20755713107759557,0.8366993364044661,1,0.1579107526510999,14764
C18_695.938555_148.8587827,-0.005009488125184588,0.9960296138239426,1,-0.0021776764031489785,14765
C18_695.9650961_43.43628955,-0.15143575980824978,0.8804448097418636,1,-0.06857350281862659,14766
C18_696.3163263_237.4012869,-0.02457295827619418,0.9805260596629171,1,-0.021589687279802854,14767
C18_696.4776231_22.69137968,-1.164920309543617,0.2514180750958194,0.9053010394091442,-1.3952033601203295,14768
C18_696.8711659_29.13073926,-0.7629623061352737,0.45026534511168936,0.9745894987688215,-0.6372560264923776,14769
C18_696.9325598_43.01584256,0.16654868260231706,0.8686211541911449,1,0.06408758747377075,14770
C18_696.9894322_43.35013224,-0.9881506677998628,0.32942050919214905,0.9506069103298993,-0.3208465903726042,14771
C18_697.3193249_237.4836269,-0.024243703102887308,0.980786939819511,1,-0.024746073312623285,14772
C18_697.4502043_43.85065701,-0.5471098375537762,0.5875489389793209,0.9913379189285378,-0.23746163617182367,14773
C18_697.9238084_50.12369461,0.03161404224787696,0.9749477334159399,1,0.009505422924208577,14774
C18_697.9574637_38.94900019,1.1213976484140245,0.2692578383306393,0.9185780391297615,0.30435617040824714,14775
C18_698.2880637_237.4022312,-1.1084360637871167,0.27474149260798614,0.9222625745451842,-0.7556979782176078,14776
C18_698.3222492_237.3276539,-1.2889565046871208,0.20531851145318283,0.8654972584231475,-0.4421479808442952,14777
C18_698.4762883_20.45379797,-1.2914360154375049,0.20446678126669193,0.8647457759331585,-1.4184782982248472,14778
C18_698.8959094_53.37586597,-1.030160895821763,0.3095419871767363,0.9421850854569164,-0.4254522809371736,14779
C18_698.9129462_49.01336436,-0.0954621474585584,0.9244567440534729,1,-0.03667519735856822,14780
C18_698.9481006_48.74856083,1.8750683621496378,0.06859734961095339,0.6511567144338838,0.6341006721731242,14781
C18_698.9815846_49.93275985,-1.1606720437903861,0.25312071829262534,0.9054022050039036,-0.243419933792785,14782
C18_699.9572396_51.5003988,0.04826380970179222,0.9617624740348425,1,0.021931191367924353,14783
C18_700.2855038_238.023149,0.6773934680196505,0.502319831833808,0.9781047779839798,0.3476235630513674,14784
C18_700.306734_204.5503418,-3.5540887708385527,0.0010462505896339776,0.09286212860536602,-1.4378439334352793,14785
C18_700.8494941_69.19622975,2.0264254442713265,0.049886760476520325,0.5792468640695745,1.2900225729521413,14786
C18_700.8722679_65.9155281,-0.5688281778199352,0.5728684838180425,0.9913379189285378,-0.38982251543862656,14787
C18_700.8977665_65.22149997,-0.06468957204474994,0.9487652464665651,1,-0.025144736844901743,14788
C18_700.9077332_60.23619065,1.0930868378783174,0.2813373188925245,0.9295944216943315,0.22405214030047016,14789
C18_700.9389838_41.51188066,1.473275746116595,0.14903275716921244,0.8014900281899261,0.4483107304784833,14790
C18_701.0124743_45.34933534,0.17869103611113438,0.8591434994565184,1,0.06759566218485129,14791
C18_701.0249703_49.15053669,0.5682415716449116,0.5732626088258841,0.9913379189285378,0.06876401496097752,14792
C18_701.2935199_143.8055313,-2.119966654502433,0.04069566415242435,0.5347244144365793,-1.193043827847922,14793
C18_701.5593821_268.7556745,1.9397405006555077,0.059970691361636755,0.6241315702727834,1.384645820740465,14794
C18_701.9148304_40.47110659,-0.7568301318975168,0.4538869388557055,0.9753792522951469,-0.27024457286925524,14795
C18_702.0172699_47.92927623,0.8458849783404808,0.40298942524057224,0.9669701703160376,0.2200357016015289,14796
C18_702.0283531_48.85443037,0.8128281130731088,0.4214540143888077,0.9716822081080376,0.10775366926916025,14797
C18_702.8654956_66.50156774,0.9339766252454377,0.35629915021969405,0.9588670540445742,0.28819852952870467,14798
C18_702.8992387_39.68148709,-0.9345521684827496,0.35600622663993586,0.9588670540445742,-0.367722073503287,14799
C18_702.9823313_51.02161021,1.3274225097311103,0.1924045550380228,0.8515234707275139,0.16961986526681935,14800
C18_703.03186_45.99237636,0.2894047643290202,0.7738678291256629,1,0.09149909467481297,14801
C18_703.2517641_144.2508187,-0.2777492914483336,0.7827324407006984,1,-0.18213975519923273,14802
C18_703.9481877_46.79517915,-0.10650766579502241,0.9157480738276822,1,-0.03302541304712731,14803
C18_703.9864685_50.21113991,1.0226200662432907,0.31304817498411724,0.9421850854569164,0.15034873713290636,14804
C18_704.4568837_45.83302917,-0.9321172793119736,0.35724654693599156,0.9588670540445742,-0.3342678105513593,14805
C18_704.91922_58.1165971,0.65009928180684,0.519596368650608,0.9824083431236167,0.2894394586872608,14806
C18_704.92676_50.09119639,0.7894042231472712,0.43484540601343213,0.9745124110909839,0.2928209665576023,14807
C18_704.939569_52.64517067,1.2459684408013068,0.22051441353409748,0.8778528260192604,0.40160386271270027,14808
C18_704.9831104_49.88749345,-0.6056013067070676,0.548432402203157,0.9857989553982086,-0.16603122040739546,14809
C18_705.2093045_129.6794628,0.6209546002961058,0.5383907198360707,0.983683589406213,0.6701972266010252,14810
C18_705.9100608_56.58262245,-0.7746023869949765,0.4434378938707737,0.9745894987688215,-0.20141831143020741,14811
C18_705.9854281_50.94455342,-0.14967574639987585,0.8818236221994671,1,-0.04878947900389756,14812
C18_706.2070509_129.5355756,0.6827322008825999,0.49897786915472064,0.9781047779839798,0.7473255997450193,14813
C18_706.8748816_66.64622505,0.6530337904263991,0.5177237042206089,0.9824083431236167,0.3097341581480458,14814
C18_706.8798107_57.6103546,0.009979565783665652,0.9920905641552216,1,0.0031924234951296714,14815
C18_706.899704_33.3151484,-0.9756382321193595,0.3355040698443782,0.9531227734638664,-0.2815846284615434,14816
C18_706.9361848_32.24453776,-1.3149708315164834,0.19651513983414287,0.8575702352206623,-0.4203057388554679,14817
C18_706.965677_51.69002877,-0.5660404772859642,0.5747426570637368,0.9913379189285378,-0.1239872526085862,14818
C18_707.2105383_129.6710499,0.39306836602006806,0.6964976727861374,0.9999159889500627,0.26107326839309486,14819
C18_707.5129168_208.3193031,0.7964439220577991,0.4307941802248265,0.9742203846590763,0.4860807523957637,14820
C18_707.9432011_50.06475473,-0.39412201374115957,0.695726290206341,0.9999159889500627,-0.1182736914093018,14821
C18_708.4573821_20.48300718,-0.4559674683228247,0.6510465239507015,0.9965858111391217,-0.5453356826704397,14822
C18_708.7804746_150.6877283,1.8078740576829528,0.07866284853642791,0.6896168250598674,1.2629337231567312,14823
C18_708.8354907_68.88693151,0.31781566523884086,0.7523901616660691,1,0.22369148442939893,14824
C18_708.8943686_29.27475281,0.44940274410710235,0.655731364627081,0.9965858111391217,0.2954315020274279,14825
C18_708.9191892_37.52450706,0.13269751235816105,0.8951430510748282,1,0.049935215377121464,14826
C18_709.5273687_224.9010756,1.6707371862969582,0.10311148409161525,0.7222851642405752,0.5202151272399331,14827
C18_710.5303688_224.7291666,2.012064192247359,0.05144767708055755,0.5909138544595092,0.8641462222260624,14828
C18_710.7827912_150.7439154,1.979162808958744,0.05518483161797156,0.6065607728992479,1.0008987492329164,14829
C18_711.5285848_224.5351253,1.3080224942090566,0.1988378589253624,0.8593515168411124,0.8986443993912946,14830
C18_711.542409_238.6241729,2.1251166332384583,0.040236036958303315,0.5347244144365793,1.2990465142069323,14831
C18_711.933567_129.2278919,0.3926421786352919,0.6968097802824946,0.9999159889500627,0.23869359145662952,14832
C18_711.9388021_50.04205205,-0.2458804195831802,0.8071174108916459,1,-0.07178021396929331,14833
C18_711.9705562_44.00433906,-0.23461640298367473,0.8157845144365948,1,-0.09122889360312414,14834
C18_712.4413349_52.29811737,0.2677013396974736,0.7903981269661293,1,0.12551173436842805,14835
C18_712.546287_239.4348632,3.1893110680418117,0.0028805260119683243,0.15677078630267882,2.4701044988388783,14836
C18_712.9060723_31.40954133,-0.8634718956125207,0.3933745989466838,0.9669701703160376,-0.62987007064432,14837
C18_712.9264671_49.06417166,1.87568270590021,0.06851065135834378,0.6511567144338838,0.4196953557172219,14838
C18_712.9588726_51.56139595,0.8837719063709202,0.38245790073543595,0.9638726330536317,0.30845727461567596,14839
C18_712.9672805_49.47910048,-0.7053741753748412,0.4849419530629181,0.9781047779839798,-0.16805316981696478,14840
C18_713.5593833_260.0754378,2.8002580093752196,0.008030003926036818,0.26208748604396903,2.1810612209069182,14841
C18_713.9008482_57.64954211,-0.1757620583705653,0.86142782272827,1,-0.06745406686332031,14842
C18_714.5130176_211.0360919,-1.6009438119336634,0.11779239803964725,0.7509045889916934,-1.010569215563894,14843
C18_714.5592134_260.4230926,1.8962878573330395,0.06565658916696725,0.6415887934966203,0.9246184014627413,14844
C18_714.8635042_27.38717257,-1.9446311255193391,0.05935813740670947,0.6219910283250402,-0.8304414021653965,14845
C18_714.8870923_64.15281233,1.1437313090786094,0.25999338384055815,0.911112589206785,0.36545660378901423,14846
C18_714.9155232_60.8931679,-0.6793823147180055,0.5010734071441445,0.9781047779839798,-0.13666243322428906,14847
C18_714.9259131_57.98294355,0.7480874356955834,0.45907972370329175,0.9755657681934743,0.2826839948507747,14848
C18_714.9536092_48.66624576,0.8973627504665572,0.37525822241864326,0.9637531830220828,0.2833747593927579,14849
C18_714.9551832_160.0180948,0.9085877237049651,0.36937798240913566,0.9637531830220828,0.49935186750058874,14850
C18_715.0284855_47.86678972,0.3342199893603988,0.740078054040328,1,0.10906349692620494,14851
C18_715.0405195_50.48211561,-0.054726453985887144,0.9566473099746999,1,-0.007382714873854514,14852
C18_715.5741282_286.6439319,5.166660132444238,8.169561997798336e-6,0.02395189232850786,4.285676109056952,14853
C18_715.9384852_41.07975447,1.556035307177203,0.12811107633633217,0.7671458326289821,0.5381216807771856,14854
C18_716.043749_49.13945249,0.012879332037336206,0.9897924321294743,1,0.0019824086673880235,14855
C18_716.5705004_286.9973826,3.249014687702881,0.0024482298868830693,0.13990981139092443,1.565558483728992,14856
C18_716.8719056_66.19077319,-1.192819215568943,0.24044293327521093,0.8961162212635817,-0.5446608077075193,14857
C18_716.8818221_63.48888289,1.042265235030716,0.3039705760907999,0.9402374180413365,0.27225307591787606,14858
C18_716.9103706_44.29651275,0.8281294988596248,0.4128436787599631,0.9701980842661211,0.3144186061176802,14859
C18_716.9195936_42.23436449,1.3859151943893975,0.17397056514853562,0.83452750488045635,0.43005513190664296,14860
C18_716.9985175_52.28374898,-0.24482469845366997,0.8079287088540367,1,-0.03100283175262126,14861
C18_717.9782663_44.4778026,0.38307574094785235,0.7038294803706515,0.9999159889500627,0.16046355760103742,14862
C18_718.0017983_50.95907352,0.010155783587623937,0.9919509053088186,1,0.0013783410297842154,14863
C18_718.8395961_69.10394572,1.2201596556463037,0.23003227075071783,0.8872927044920225,0.5842855158094594,14864
C18_718.9546443_52.41528618,2.1435303829600723,0.0386298905226517,0.5286372649049288,0.7839236590647937,14865
C18_718.9984481_43.41680026,1.4881157008153025,0.14509315417447435,0.7923338880414151,0.4495033773430516,14866
C18_719.0066957_38.0963473,1.2323832688073306,0.22548714749739746,0.8811947978069936,0.5455553112201876,14867
C18_719.5373413_183.4591314,-0.33475316565159796,0.7396790237681594,1,-0.15238800416085174,14868
C18_719.9184849_56.94047669,-1.2996666957111755,0.2016586502085132,0.8639371133830767,-0.4477503456239558,14869
C18_719.9261965_54.75743664,0.9966420638929203,0.3253345897188814,0.9506069103298993,0.22989619574782294,14870
C18_719.9590272_51.51485777,-0.5286090252073498,0.600195691299157,0.9927431364823915,-0.11621247313444713,14871
C18_720.3152516_237.879619,-0.9244908456602252,0.3611497108921209,0.9611690139330997,-0.51659124816087,14872
C18_720.9148928_40.10382542,-0.8126132966270159,0.42157567037426646,0.9718200706646699,-0.291970933397399,14873
C18_720.9486901_43.59237784,0.20447052484208,0.8390930131197185,1,0.07178330794456159,14874
C18_720.9552577_47.68740953,-0.24308952632636366,0.8092626162695719,1,-0.07084268186196416,14875
C18_721.3099687_237.8499506,-0.14815107821290768,0.8830183642803143,1,-0.07462146513133087,14876
C18_722.5073764_202.0139113,-2.329177212681303,0.02534795404342895,0.4510154193585828,-1.3257417477284514,14877
C18_722.8731395_42.67760019,-0.6968429703545425,0.49020423837301785,0.9781047779839798,-0.27907624075523224,14878
C18_722.9062199_31.37486824,-0.20870974613120485,0.8358058803135943,1,-0.08445078180196568,14879
C18_722.931258_35.10508451,0.3095645301807571,0.7586080716957624,1,0.10157400027455897,14880
C18_722.9428722_41.6859219,-1.2597866292239424,0.21554080189610303,0.87223789657115125,-0.38955131053066105,14881
C18_723.9195038_47.17632194,-0.9438946725872678,0.35127345364525453,0.9578247927857968,-0.42132007327672816,14882
C18_723.9273285_42.74175131,1.6863917506557586,0.10003516453080198,0.718134185467518,0.5627220092580588,14883
C18_724.9060382_36.18293787,-0.8891660332861832,0.37958990533802317,0.9638726330536317,-0.2961619945774306,14884
C18_724.9858492_45.73914529,0.1431791763374104,0.8869162955036478,1,0.050025903304014546,14885
C18_725.9656712_47.56279834,0.7814057105020166,0.43947607833986657,0.9745124110909839,0.2113400257985436,14886
C18_725.9889695_46.36102087,0.33866505307673955,0.736753594941628,1,0.11085159850007192,14887
C18_726.4669579_48.85743382,-0.06441631131886547,0.9489813637496416,1,-0.025382262054832405,14888
C18_726.9166294_32.29105149,-0.5268349016558194,0.6014151485888883,0.9928201179984223,-0.29355601792521957,14889
C18_726.9322738_51.87340252,-1.224170193431457,0.22853361214595563,0.8849144326765062,-0.3137165044892144,14890
C18_726.9448107_49.38370774,1.2475714588639568,0.21993308123726987,0.8778528260192604,0.5582284071870571,14891
C18_726.9657211_42.56858777,-0.40613818897842097,0.686952507071016,0.9999159889500627,-0.10790330662365231,14892
C18_727.9117125_60.9799837,0.30834155495512583,0.7595310795133365,1,0.11569630240796124,14893
C18_727.9170327_55.16181028,2.425530271620188,0.020219505409259243,0.4088139381975067,0.7426361345434574,14894
C18_727.9276968_35.78895914,1.0944394421841512,0.28075162632943407,0.9295944216943315,0.5469368847438767,14895
C18_727.9382721_46.0692478,-0.7178132766066795,0.47732654104549976,0.9781047779839798,-0.16174921662479436,14896
C18_727.9461424_49.79464882,0.5678597028938136,0.5735192481130513,0.9913379189285378,0.22746691487344703,14897
C18_727.9539161_52.52759428,2.1612391975239476,0.03713896435142759,0.5220805529735174,0.617768248030214,14898
C18_728.9064125_54.84281552,1.6057938014855517,0.11671976321120177,0.7476276149821014,0.35011957515480646,14899
C18_728.9098946_58.11215063,0.9108798236515252,0.36818462410927044,0.9637531830220828,0.3089121220224323,14900
C18_728.938023_55.44005714,-1.2599259198561297,0.21549109814789127,0.87223789657115125,-0.28598465508685483,14901
C18_728.9443448_53.39886252,0.6675272274972652,0.5085282252946188,0.9794015470612311,0.24930698227256118,14902
C18_729.3214621_24.96203769,0.968869501367381,0.338826217012149,0.9543069303606773,0.766249467959315,14903
C18_729.9579113_41.55969987,-0.1975599345413533,0.8444577920624271,1,-0.08133480451489564,14904
C18_730.3217882_24.45492237,1.2092573370014745,0.23414297736344147,0.8884134042888568,0.8050772246653465,14905
C18_730.8605359_60.96353511,-0.3230635244563633,0.7484441176695391,1,-0.12864623930002422,14906
C18_730.8991279_61.90928439,-0.7309449697168394,0.46936151029450257,0.9777549229263227,-0.17425333164116394,14907
C18_730.9392977_44.72615197,0.6341115738964131,0.5298625006109979,0.9824083431236167,0.25040480729197434,14908
C18_731.0136835_52.44261233,0.09394037659905408,0.925657324525281,1,0.012089942125822947,14909
C18_731.9160399_47.32975699,-0.7274968511061769,0.47144553545027656,0.9781047779839798,-0.22810709000209436,14910
C18_731.9902361_45.72449871,0.8150862735148867,0.42017645799630743,0.9716822081080376,0.3639308435008804,14911
C18_732.0177139_51.0202032,0.9847742427076641,0.3310547610913962,0.9506069103298993,0.16855897236559972,14912
C18_732.8548921_64.77769377,-1.4206645735291834,0.16368722957877402,0.825795239782447,-0.49425249016838607,14913
C18_732.9725987_52.78253709,1.056548056854557,0.2974860723900674,0.9388638086478203,0.21110069808260254,14914
C18_733.4702152_45.80146673,0.0939929623281749,0.9256158347726422,1,0.05615903386782592,14915
C18_733.5277102_218.1962825,2.6104158995389417,0.012929682761102073,0.32677736535603386,1.0131000252124824,14916
C18_733.5474729_186.9610349,-0.30165740156088766,0.7645820310934199,1,-0.1305548412601728,14917
C18_733.5694562_244.7901014,2.711137078757213,0.010063292686781617,0.2908088955150057,1.861186822796898,14918
C18_733.9525499_49.72292211,1.3370804269429613,0.18926178782419273,0.8494063429089247,0.413984730657305,14919
C18_733.9763768_53.23823332,0.13579530345995633,0.8927104200732277,1,0.03785531427255294,14920
C18_734.4698967_20.35554859,-0.6008396155575599,0.5515661895436466,0.9858134543858914,-0.45399548161919745,14921
C18_734.5306388_218.0778579,2.2614650471611366,0.029623823246351592,0.4812722473631681,1.2621429296527358,14922
C18_734.9293909_45.51548231,0.4272623925015615,0.6716348516428293,0.9996367449012522,0.10243259142739836,14923
C18_734.9726555_52.34980563,1.2734241052667348,0.21071513577448864,0.8683661493536527,0.28278600469241655,14924
C18_735.5434928_233.3150704,2.339609513081457,0.02474098513713783,0.44396893648848884,1.6484618718789095,14925
C18_735.9076091_41.47284042,1.049774335756615,0.3005493056732922,0.9396681966123791,0.355884435879342,14926
C18_735.9292058_37.14834788,1.2143031001248905,0.23223379334028094,0.8879258919320564,0.5961018597589177,14927
C18_736.4664347_20.35571669,-0.8124204666176459,0.4216848931349858,0.9719292357908784,-0.9228600703502249,14928
C18_736.5485663_233.8801309,2.3945158237412763,0.02175718840949909,0.42162090439719235,1.4467126091206726,14929
C18_736.8894403_41.69284284,-0.1833231015672083,0.8555334406901717,1,-0.04757814650006808,14930
C18_736.9122985_35.502018,0.024442602302901174,0.9806293449100169,1,0.01918288454779113,14931
C18_736.9471671_37.52555713,-0.6109874241323383,0.5448987249912277,0.9848017888606798,-0.2225956536374167,14932
C18_736.9643001_44.39112466,-0.2437478115957354,0.8087564936823856,1,-0.05446574949619696,14933
C18_737.5592465_248.2732883,1.6680523347583711,0.1036468751519262,0.7230428102294674,1.2743721343452192,14934
C18_737.9475385_44.9885189,0.9516386208107854,0.3473820684901404,0.9574386235069654,0.3396745382300379,14935
C18_738.4459459_44.85502566,1.1063328941145099,0.2756387111063268,0.9227236778686373,0.4977021854055317,14936
C18_738.5078943_206.0265814,-2.5618918087973483,0.014563638669961621,0.3456114252342856,-2.1730225523196,14937
C18_738.9057727_44.00367358,1.0210495391308825,0.3137818184029654,0.9421850854569164,0.3616467276467696,14938
C18_738.9281998_48.67656368,1.2398093455796526,0.22275866724450277,0.8799075082512211,0.37748001964485445,14939
C18_738.990219_47.46631806,0.5315551145224466,0.598173249151783,0.9926487049255592,0.12381556960035237,14940
C18_739.0025118_48.56836652,0.47967438084921,0.6342485354725251,0.9947980550876518,0.12713576293197962,14941
C18_739.2679841_129.1683692,-0.8526356009752152,0.3992816297450239,0.9669701703160376,-0.46173074586381124,14942
C18_739.5189016_206.1407316,-0.12697958293885636,0.8996359006358086,1,-0.06902067020079304,14943
C18_739.9000034_53.67792374,-1.3511019132308526,0.18476934765558353,0.8467345678477594,-0.5018693539829869,14944
C18_739.9860274_49.29886908,1.007902937618392,0.31996915930419934,0.9483800637817349,0.258848252004456,14945
C18_740.0021444_49.8538443,-0.4152434915946386,0.6803331581803458,0.9999159889500627,-0.18948746649826012,14946
C18_740.5239911_214.6082704,-1.3503989748115373,0.1849925951624913,0.8467345678477594,-1.0437855114158756,14947
C18_740.9514393_52.11295389,0.5112528751401891,0.6121751923791044,0.9928201179984223,0.1345890488657345,14948
C18_740.9718175_48.07194881,2.4345846867525083,0.019789567706546465,0.4041845899822696,0.9066031142015303,14949
C18_741.2762214_123.9548149,-0.7106442098966519,0.4817072206854295,0.9781047779839798,-0.4210242399681951,14950
C18_741.531041_214.8628495,-1.3036835056247882,0.20029886863731178,0.8618721518192737,-0.4970902488215014,14951
C18_741.9403814_49.10083527,0.136112954463417,0.8924610342907371,1,0.04761721486384108,14952
C18_741.9459012_46.53521658,-0.9693659374194554,0.3385818182401501,0.9543069303606773,-0.2685762223967524,14953
C18_741.964521_51.15708091,0.5399238664928757,0.5924458702749728,0.9919344024228657,0.21227582332357506,14954
C18_742.0679107_16.91386668,1.115542915246951,0.2717250478930763,0.9205469808940266,0.7370979794098851,14955
C18_742.5455214_202.2262732,3.5469476628063474,0.0010676473786083048,0.09422887819065431,1.133932310803522,14956
C18_742.9068672_61.2991394,-1.2708683486702155,0.21161325474613651,0.8683661493536527,-0.39122722829991025,14957
C18_742.9123817_56.43560436,1.3064223743594914,0.19937569988287349,0.860060322352524,0.2714893299598793,14958
C18_742.9254156_51.41908268,0.9203042493743322,0.3633041738409569,0.9633639059453812,0.3856893642005668,14959
C18_742.9395681_47.3865757,-0.21820087414071687,0.8284572639651252,1,-0.06621992341997718,14960
C18_742.9665291_51.06130245,0.19078707615407123,0.8497229436233609,1,0.059513148390770536,14961
C18_743.9162634_55.71415127,-2.2969322198724824,0.027309657261028953,0.4648263440636673,-0.7795538609703899,14962
C18_743.9732991_46.84485869,0.8824028018565996,0.3831880316817633,0.9639039222134288,0.5114119264933054,14963
C18_744.8760685_59.68860153,0.4129647317391644,0.6819873878860658,0.9999159889500627,0.1251303183840385,14964
C18_744.9136893_59.63310553,0.5597561623026187,0.5789786438058494,0.9913379189285378,0.16261119509844327,14965
C18_744.9518716_47.04102507,-1.1430726382426297,0.260263288271471,0.911112589206785,-0.3161437604895324,14966
C18_744.9520081_155.9948981,0.18161616067331202,0.8568634049916997,1,0.05056521651741989,14967
C18_745.4023256_136.14036,1.4004782153669046,0.1696013752493504,0.8316096347034753,1.30171181623241,14968
C18_745.459845_44.76498269,-1.6802223823194835,0.10123831336601874,0.7208484523958092,-0.9187196319286353,14969
C18_745.5416954_184.1809908,0.33919425150338645,0.7363581477358311,1,0.11500457476805798,14970
C18_745.5524771_187.7994692,-0.23306692607436796,0.8169786238764176,1,-0.06166400767912743,14971
C18_745.5858838_270.6394289,-1.2093450767419482,0.2341096803910554,0.8884134042888568,-0.5303028233319191,14972
C18_745.9243824_51.95639252,-0.56721233350754785,0.5739544495797431,0.9913379189285378,-0.19435633350608536,14973
C18_745.9311729_49.77871446,1.376861059696075,0.1767307717675135,0.8381334195212999,0.5430126133906874,14974
C18_746.5365776_210.4751723,1.6202853281066616,0.11356226036213102,0.7398432349432608,0.41280961247405873,14975
C18_746.5526603_184.2964637,2.1687848475227987,0.03651932436070172,0.5182643050647009,0.6616581880599925,14976
C18_746.8711195_62.61271964,1.9498889798980004,0.05870561975237924,0.6206361280685585,1.0444165399817316,14977
C18_746.9068502_56.83202069,-0.4574372778192234,0.6499995642280503,0.9965858111391217,-0.11371803377608805,14978
C18_746.915075_54.75859336,0.42457662677067637,0.6735746784159993,0.9996367449012522,0.09885465973782126,14979
C18_746.9885976_53.01286941,-0.3988157444076296,0.6922939671006165,0.9999159889500627,-0.08009056394180802,14980
C18_747.4126269_136.7849141,-0.9184237294354048,0.3642746255954842,0.9637531830220828,-0.8714691069476012,14981
C18_747.5591629_187.0754922,0.5021652574078,0.6184912104967365,0.9946352989347117,0.13657742918154434,14982
C18_747.5729915_182.352647,0.24881208977105637,0.804865622844747,1,0.07115686556393956,14983
C18_747.9705279_51.24686677,-0.4607605137172455,0.6476350420812035,0.9965858111391217,-0.11377302565061043,14984
C18_748.4174421_136.7778932,0.1497332620009872,0.8817785579760793,1,0.14457495926326963,14985
C18_748.5309916_221.4749861,-1.819874795717155,0.07677840547214489,0.683780470503059,-1.2352564004005868,14986
C18_748.5531232_215.8482955,-0.2217940223103032,0.825679260287871,1,-0.12162475965509807,14987
C18_748.5666658_183.1824997,1.228764592545773,0.2268256804565549,0.8838307314088665,0.5742995295873958,14988
C18_748.9379026_47.55320333,1.0220274930523907,0.31332484671462596,0.9421850854569164,0.29178713273340484,14989
C18_748.9502143_46.78991989,0.8099047773358898,0.4231114110986395,0.9724257019093233,0.29788617988999816,14990
C18_749.4243069_121.4753593,-0.8751958525305289,0.38704606183109125,0.9661464710102153,-0.9586623029715727,14991
C18_749.554869_221.9187005,-1.4902072701936468e-14,0.9999999999999882,1,-1.3960413662268458e-15,14992
C18_749.9263537_47.21089726,0.3426267389327462,0.7337949658316671,1,0.1427725521848351,14993
C18_749.9320161_44.74010141,-1.1225764779452223,0.26876301509990214,0.9185780391297615,-0.3550215011572936,14994
C18_749.9511913_44.23740911,0.4413817772399898,0.6614746066479729,0.9969838277542882,0.16953757901883276,14995
C18_750.4445704_21.66430114,-2.5849578997991696,0.013764647439790174,0.3378806910443402,-2.5398691568567493,14996
C18_750.566624_244.5312749,-0.06839072149689848,0.9458384630929415,1,-0.05649857267611948,14997
C18_750.8948375_39.86814446,-1.0034427102390022,0.32208706719929314,0.9496974147336515,-0.38982310694067657,14998
C18_750.9051589_47.87736979,-0.32749223387990567,0.7451193409855302,1,-0.09183193770604604,14999
C18_750.9237929_38.49024834,-0.42717250691552794,0.6716997358950724,0.9996367449012522,-0.11701835183825891,15000
C18_750.962449_39.18163415,-0.7909731888359658,0.4339405163004756,0.9742203846590763,-0.21220839320765306,15001
C18_751.5703795_244.6292548,-0.376465696395914,0.7086952576669627,0.9999159889500627,-0.19507694495439176,15002
C18_751.9589129_47.15949874,-0.6256625322437854,0.5353308704745768,0.9833164118236528,-0.15748997133530943,15003
C18_751.9683049_44.29547894,-0.38723587653527103,0.7007735675755943,0.9999159889500627,-0.14442622298234062,15004
C18_751.9756907_41.89721875,0.42290503488832065,0.6747831483875981,0.9996367449012522,0.15500223112676836,15005
C18_752.9211544_43.98224845,0.14658048471284618,0.8842493833557492,1,0.04363120017342301,15006
C18_752.9422477_50.20574408,0.5372124898754461,0.5942986062694082,0.9921034274533279,0.1595483670505394,15007
C18_752.9511016_47.99054079,-0.05802743459536656,0.95403529619339,1,-0.017413270549964475,15008
C18_753.9247619_53.99181094,-0.18812599148286263,0.8517935679199504,1,-0.05904156415697305,15009
C18_754.9148947_38.58471073,0.9136164705037895,0.366763091398308,0.9637531830220828,0.4057617970253579,15010
C18_754.9692132_52.28601683,0.5044137519918283,0.6169257180035919,0.9941432998088449,0.13718031892884455,15011
C18_754.9922769_47.20921825,-0.06620082313353143,0.947570094829973,1,-0.01329707215698992,15012
C18_755.9596899_51.94965719,2.1284550310680923,0.03994054257141899,0.5347244144365793,0.7384195173753021,15013
C18_756.9315262_56.5185551,0.8214154482978067,0.41660835770436844,0.9712636476221591,0.17202597888588345,15014
C18_756.9387199_53.71080002,1.7783804015099773,0.08346108556467031,0.6948552844377854,0.6975202612189332,15015
C18_756.9537862_48.87609851,1.6509386448265981,0.10711379700167163,0.7290978123467337,0.9953167585221687,15016
C18_757.2743417_25.7612073,-0.9554589897426861,0.3454728576809618,0.9572455292742392,-0.9259783785444748,15017
C18_757.9159923_45.20780631,0.7384409612375046,0.464849305923439,0.977038339924947,0.22814382244203826,15018
C18_757.9286592_50.18219045,-0.7198646678352756,0.4760772180533416,0.9781047779839798,-0.23995878748079913,15019
C18_757.9358231_56.76036289,0.8077095220130214,0.42435862619741327,0.9724257019093233,0.22458436546433694,15020
C18_758.0450168_16.98454262,1.984366368229012,0.0545785371916836,0.6035807021126404,1.3400650961271527,15021
C18_758.8804773_60.92020274,-1.5610753889417426,0.12691774093314684,0.7663243633163557,-0.703303498028836,15022
C18_758.8918698_56.68874019,0.8372128315638986,0.40778400831775696,0.9676316311691489,0.2720210461259526,15023
C18_758.9363393_55.78705721,0.1756548698846011,0.8615114425302544,1,0.06572760864276057,15024
C18_758.9772268_44.75508282,-0.7024198308306491,0.4867606637869816,0.9781047779839798,-0.25258312822800894,15025
C18_758.9841807_42.46348444,0.9413406744332073,0.35256313343253687,0.9584471216727528,0.2667870322759568,15026
C18_759.2956803_26.50766798,-1.3209611413342661,0.19452932043107785,0.853170190947022,-1.5784267316634926,15027
C18_759.5596635_190.2357564,0.5409387167596745,0.5917531131319644,0.9919344024228657,0.12287398836698384,15028
C18_759.5738436_185.6753849,0.33846320214087683,0.736904448576739,1,0.06825542583635609,15029
C18_759.5845601_253.1863857,3.09572288137679,0.0037068300467644716,0.1831267296687731,2.071899854953769,15030
C18_759.9475311_50.51073628,2.444164656865241,0.019343729395595394,0.4041090276659623,0.6157464271090859,15031
C18_759.9503553_49.64878759,1.5782949816853287,0.12290844010539662,0.7615564109420333,0.384026310784971,15032
C18_759.9583394_46.99177609,1.4256507902476285,0.1622515710899391,0.822779916663313,0.5711702393194792,15033
C18_760.2934842_26.19479407,-0.37488894732855804,0.7098577708232747,1,-0.22605118719903075,15034
C18_760.5720541_187.5171391,-0.1570551753120293,0.8760450468074263,1,-0.07376406548288142,15035
C18_760.887466_63.02270106,-1.3577213759099291,0.18267722319947494,0.8460463584863603,-0.8757051665694577,15036
C18_760.9081592_31.38359296,-0.9942280493185268,0.3264926694937853,0.9506069103298993,-0.5767266434816174,15037
C18_760.9240563_55.10758075,0.8431244563585846,0.4045118132484461,0.9669701703160376,0.25662452743240927,15038
C18_760.9383586_50.33866681,-1.7221301823954298,0.09329677964314613,0.7113221259969026,-0.4809865911776434,15039
C18_761.5836952_185.1188485,0.7475116405316726,0.45942293284291136,0.9755657681934743,0.4507582798005092,15040
C18_761.5928387_187.4725542,1.2773903818393897,0.20932703098318833,0.8683661493536527,0.4621787180318031,15041
C18_761.5990585_282.6693502,1.6300168024913206,0.11148144619734365,0.736040478094709,0.6871887245135232,15042
C18_761.9083188_56.62517324,-1.2267109560374838,0.22758792962197122,0.8840256380508829,-0.48531200056012475,15043
C18_761.9140662_50.07562962,0.709723474253512,0.48227148373314355,0.9781047779839798,0.2598102745318124,15044
C18_761.9928198_49.56651239,-0.7473639087997319,0.45951101408819783,0.9755657681934743,-0.2449035306464244,15045
C18_762.5068707_200.4325758,-1.3522885376609914,0.1843929561019439,0.8467345678477594,-0.8159359245582485,15046
C18_762.5914879_186.3076413,2.2367036214915115,0.031341901065994895,0.4910705173139733,1.1924072052524637,15047
C18_762.9591299_48.25752387,-1.9594458087564273,0.057535443718787355,0.6133199145431344,-0.6939752134985033,15048
C18_763.5080728_200.3222898,-2.3214282453315547,0.025807443147245767,0.4520171679135469,-1.1513245560605672,15049
C18_763.5222747_202.3386005,-3.3963695098057975,0.0016300347206539654,0.12022462657968919,-1.8130267835264244,15050
C18_763.9501762_41.31101206,-1.3546631823303925,0.18364150384918268,0.8460463584863603,-0.40487172966765267,15051
C18_764.5200336_209.4498771,-1.2737773156159597,0.2105912400141648,0.8683661493536527,-0.651716848090184,15052
C18_764.5342975_212.058104,0.029199731934158084,0.9768603508794467,1,0.020703998409612966,15053
C18_764.9135983_49.97638141,-1.6706194978017963,0.1031349045315896,0.7222851642405752,-0.5043762776576312,15054
C18_764.9172068_50.37161378,-0.8734046379907958,0.3880087486186514,0.966178069551278,-0.2661389105834764,15055
C18_764.9285153_47.8150793,-2.4278987065837656,0.020106231888927215,0.4075727780323181,-0.9301692595498233,15056
C18_764.9442154_40.56507485,0.23748339699724455,0.813576231519214,1,0.08206712652894528,15057
C18_764.9655081_134.7174238,-0.06214788874531356,0.9507755699925207,1,-0.06319325705707168,15058
C18_764.9881795_43.22420917,-1.0415669424397278,0.3042900923706492,0.9402374180413365,-0.3020273609274239,15059
C18_765.5281656_211.9478199,-0.2195986768842712,0.8273763004381381,1,-0.16611350753211343,15060
C18_765.9826766_134.9978378,0.2951640552410056,0.7694987980198423,1,0.40381750191454374,15061
C18_765.9848225_45.93923746,-0.024897996078010333,0.9802685231997338,1,-0.007664582515391214,15062
C18_766.5380948_198.5538597,0.10597457913700355,0.9161681451417092,1,0.03487696647350801,15063
C18_766.5495001_192.6836311,-1.6751476212722378,0.10223695844951672,0.7221864286159657,-0.5712230471505683,15064
C18_766.880007_58.74418725,-0.9111110489404491,0.36806437784322554,0.9637531830220828,-0.3490897873731757,15065
C18_766.9009233_52.32990111,1.8311431563983755,0.07504395457758227,0.6763858441846342,0.4011293083283808,15066
C18_766.9257915_42.90394288,0.7831025565663681,0.4384912487365257,0.9745124110909839,0.3221922745798263,15067
C18_766.9369417_47.48130623,2.090025650595052,0.043460619726904154,0.546361449999382,0.6320863751031351,15068
C18_766.968354_46.99851324,1.2009594829308874,0.23730778408045888,0.8932665963443939,0.5031197991519408,15069
C18_766.9777282_134.223303,0.7652330458143743,0.44892860463276885,0.9745894987688215,0.6394398622841457,15070
C18_767.3505947_22.78994549,-0.7023479552042775,0.4868049585536278,0.9781047779839798,-0.32052743312831805,15071
C18_767.5388514_196.2799126,0.17393702272453615,0.8628517878910945,1,0.07665908629892337,15072
C18_767.544508_194.2330791,0.917530971503219,0.3647359274670191,0.9637531830220828,0.4940881123911487,15073
C18_767.9327588_52.75061336,-0.4834196172466674,0.631612316882227,0.9947980550876518,-0.11846158191709065,15074
C18_767.9413192_50.4973447,0.36957575795134867,0.7137802664832549,1,0.10903758894753701,15075
C18_768.8960303_64.98725823,-1.3082469455859373,0.1987625034369069,0.8593515168411124,-0.3544559896045488,15076
C18_768.9163074_51.2401817,-1.3246135116401974,0.1933260792670825,0.8515234707275139,-0.46429852503474994,15077
C18_768.9335779_36.30287484,-1.144844681199212,0.25953761431404504,0.9109329581933976,-0.32761617983836605,15078
C18_769.0107833_47.00752511,1.0441128409352904,0.30312628958797816,0.9402374180413365,0.15503701846601706,15079
C18_769.5031227_208.1038477,0.3143249098649396,0.7550187209583353,1,0.14164312010442126,15080
C18_769.898523_53.78399041,-0.7618999473803738,0.45089153993513187,0.9745894987688215,-0.3395194016567231,15081
C18_770.0156989_46.48462435,-0.004660077289657086,0.9963065453625553,1,-0.0014554083868866077,15082
C18_770.9403008_58.52062307,0.44377550656212794,0.659758436353733,0.9968021749030789,0.09734564797816701,15083
C18_770.9617694_52.37988941,0.37181392175805095,0.7121269608820803,1,0.06598411143224207,15084
C18_771.5267056_217.0673002,-0.1987464074322303,0.8435361765852118,1,-0.12991810708575127,15085
C18_771.9407891_43.83985978,1.4415073971456398,0.15775169841741438,0.817448273034246,0.4160393685357195,15086
C18_772.551673_215.08047,-1.0656465179063036e-14,0.9999999999999916,1,-9.983085242762758e-16,15087
C18_772.9071245_55.79470281,0.4602280665894328,0.6480136366516813,0.9965858111391217,0.18210592415228322,15088
C18_773.9782193_48.37652689,-0.07641999611636417,0.9394917675304157,1,-0.02721210754974755,15089
C18_774.567114_229.8062868,0.8588735665540296,0.3958744636806534,0.9669701703160376,0.39659822648203247,15090
C18_774.8687927_58.00939156,-0.5489500218844533,0.5862980727490594,0.9913379189285378,-0.1717222491821862,15091
C18_774.8886449_32.32409766,-1.063630266392585,0.2943066223128602,0.9374595218807457,-0.5374346022725427,15092
C18_774.9236311_32.39363635,-1.2603810223658756,0.21532876160918055,0.87223789657115125,-0.40862332748039165,15093
C18_774.9518776_50.44124715,0.5473244502330897,0.5874029897360148,0.9913379189285378,0.16221353057508925,15094
C18_775.5705067_230.0670768,0.5861626941476201,0.5612826847566466,0.9899322889121577,0.4941141786786816,15095
C18_775.6675376_124.2493389,-0.9466460934004737,0.34988756682730704,0.9578247927857968,-0.4698227563065898,15096
C18_775.6803873_120.6672355,0.34379044898322064,0.7329266734115838,1,0.094935785249597393,15097
C18_775.9257763_45.11167368,-0.22530669770594974,0.8229656664580506,1,-0.0730672612471071,15098
C18_775.9355069_42.85630274,0.755840621676462,0.45447293032116476,0.9753792522951469,0.19119551217213526,15099
C18_776.5407975_190.4928812,-0.18714111135688483,0.8525601862675257,1,-0.06868624779395091,15100
C18_776.5554579_186.3056509,-0.07255530080453454,0.9425461213627471,1,-0.02740094748851754,15101
C18_776.5823842_248.1344134,-0.3164962805440484,0.7533833168520436,1,-0.26886706134517807,15102
C18_776.6845018_122.3947205,-0.17207762271294882,0.864303042441682,1,-0.07840155626310193,15103
C18_776.9071349_49.37384547,1.2161713116433082,0.23152983494603008,0.8878041754947846,0.34334780934368264,15104
C18_777.5496577_186.1050723,-1.176065195993749,0.24699091615119514,0.9007027141911039,-0.4786411127607005,15105
C18_777.5860931_249.9715211,-0.6015409123733221,0.5511040742611484,0.9858134543858914,-0.2985562951161304,15106
C18_777.9716746_45.41046929,1.1747394012909282,0.24751457454574163,0.9013193895014,0.34142981272850204,15107
C18_778.9334805_50.81939116,0.8147168615690001,0.4203852910640683,0.9716822081080376,0.4608456277685077,15108
C18_778.9574394_43.94966512,0.9882487712065876,0.3293731067682981,0.9506069103298993,0.4130251533127978,15109
C18_778.9889399_45.76357997,0.5221353461094854,0.6046510331237338,0.9928201179984223,0.1320529968928965,15110
C18_779.9265538_47.21846883,0.66053387436514,0.5129540644358215,0.9815479113625768,0.20755142509532898,15111
C18_779.9619538_41.0993257,-0.5664485578101454,0.5744681157291489,0.9913379189285378,-0.1545096027768625,15112
C18_780.9006859_60.5040612,0.4370277084039378,0.6646009760090643,0.9978767801948073,0.1596787997117144,15113
C18_780.9163155_47.43372232,0.9779873711815751,0.3343562113985111,0.9528688564543588,0.434767331328554,15114
C18_780.9535421_47.31059261,0.7013555157078044,0.48741680049434866,0.9781047779839798,0.17987865053103103,15115
C18_780.9593379_56.5436027,0.09075654744931536,0.9281697299097269,1,0.033208209219583645,15116
C18_780.9652465_91.92989593,0.34929102385709515,0.7288272945601737,1,0.2561435145654298,15117
C18_780.9739874_83.69315879,0.03326608158794945,0.973639072950021,1,0.013388824062985336,15118
C18_780.9798063_50.57674543,0.8173852936917543,0.41887821986380536,0.9716822081080376,0.23711065318854038,15119
C18_781.2698309_27.65070663,-1.4343840950263174,0.15976087349480278,0.8202102361448862,-0.8825619840905272,15120
C18_781.9560999_50.36276516,-0.39094687326149735,0.698051822356718,0.9999159889500627,-0.11029649217444149,15121
C18_781.9648818_52.798906,-0.30932510540540237,0.7587887430103438,1,-0.09575059036224798,15122
C18_782.9132364_59.59285516,0.19977401101202957,0.8427381459334347,1,0.06327755668777665,15123
C18_782.9460404_44.88868046,2.1232471069039405,0.04040235697312825,0.5347244144365793,0.4982657841406942,15124
C18_782.9519947_42.32319196,-1.4108329066660417,0.1665471789510371,0.8274419139233609,-0.3955231981664647,15125
C18_783.0138046_47.03746841,0.5594509074602061,0.5791847909647165,0.9913379189285378,0.1807895948677159,15126
C18_783.0276686_48.62238889,0.5806686373936459,0.5649419340605996,0.9911473761431051,0.07244225577073489,15127
C18_783.9203455_44.64830027,1.1485338505936553,0.25803153217271285,0.9093072753335302,0.250960086073514,15128
C18_784.0289838_49.06379907,1.8284121642241062,0.07546123039086346,0.678296612054887,0.5194428961271899,15129
C18_784.8637095_60.33744149,-0.2213037751062665,0.826058156715547,1,-0.09609684217363415,15130
C18_784.9048189_42.21560404,1.3629337760339828,0.1810427055582318,0.8441208526690812,0.43567365966234295,15131
C18_784.9727623_48.88558901,0.7165075078310081,0.478122741897399,0.9781047779839798,0.20271653676503726,15132
C18_784.9861109_50.01645855,1.9757292243022067,0.05558808772064654,0.6087075159347736,0.2886822907461261,15133
C18_785.9541688_47.28227007,-0.1663552581993431,0.8687722936369264,1,-0.0774741320543264,15134
C18_785.9901955_49.59877344,-0.16982514682068114,0.8660617289051568,1,-0.04209294253087224,15135
C18_786.512778_200.8251394,-0.5135363449979703,0.6105928270890619,0.9928201179984223,-0.25432001443404934,15136
C18_786.9243588_56.48951809,-0.1405113488639667,0.889009031275644,1,-0.060230659075545506,15137
C18_786.9274077_53.74357703,0.8666790365797916,0.3916369507700884,0.9669701703160376,0.3282992399206536,15138
C18_786.9418177_48.93945903,1.655614578076836,0.10615717596894225,0.7270102455490702,0.47566058420626695,15139
C18_787.1346982_126.3096762,-1.601123367771154,0.11775254410130523,0.7509045889916934,-0.7083282418066581,15140
C18_787.5082906_200.6752176,0.30237058745632384,0.7640426033035286,1,0.11152429269791325,15141
C18_787.9119358_48.7233372,0.0721497009742424,0.9428667276336111,1,0.02329048178841364,15142
C18_788.1344354_126.7244223,-1.1459045553598453,0.25910427976796585,0.9104290393994058,-0.6654226944500713,15143
C18_788.5384862_191.8297586,0.06017996701283892,0.952332306141747,1,0.029488957541714725,15144
C18_788.5474368_187.5096536,-0.3283568667111886,0.7444708066264671,1,-0.1775880808847457,15145
C18_788.8892894_56.7417379,0.17417900174446277,0.862662959494188,1,0.08294194351154467,15146
C18_788.8999761_35.24112335,-0.23026279594998988,0.8191407582358675,1,-0.07072741621801595,15147
C18_788.9397415_34.36181809,-1.9590447516101164,0.05758414219930765,0.6133199145431344,-0.7439776962464757,15148
C18_788.9754646_50.30477071,2.339890743432384,0.024724805470099243,0.44396893648848884,0.6650016083584306,15149
C18_789.2639742_108.5742329,-0.04356955839867983,0.9654789998900046,1,-0.03677786830396488,15150
C18_789.9488841_50.5668082,-0.36018525171477633,0.7207320947367772,1,-0.09689658710979226,15151
C18_790.4309937_20.48220866,0.7135912017952318,0.47990370268508575,0.9781047779839798,0.6319589307792116,15152
C18_790.5361816_208.7658232,-2.0749190254124574,0.04491734204525079,0.5550902447431381,-1.285842757752951,15153
C18_790.5541272_194.1799412,1.791595711164237,0.08128144038860653,0.6939844720135916,0.6486381613383514,15154
C18_790.5599753_192.155585,0.22585284218387894,0.8225439586444856,1,0.0736860966915998,15155
C18_790.5720762_186.2152573,-0.8070678334652457,0.4247236178930668,0.9724257019093233,-0.19275846969026375,15156
C18_790.894273_34.78416715,-1.337569454985523,0.18910370718620137,0.8493817236871323,-0.5928294095506296,15157
C18_790.9279016_46.2996663,0.39674549321639163,0.6938070475267464,0.9999159889500627,0.13940405038377038,15158
C18_791.5574532_192.1117078,0.5714793426346383,0.5710889077502475,0.9913379189285378,0.2884329830683858,15159
C18_791.5693585_189.794508,0.48119122960454014,0.6331802628019543,0.9947980550876518,0.2882494967931417,15160
C18_792.4276581_20.61939892,-1.0629457369958937,0.2946128927692994,0.9376759613868909,-0.9581402466182075,15161
C18_792.5355649_192.704327,0.5210113441765658,0.6054261687558931,0.9928201179984223,0.1900249095201323,15162
C18_792.5415449_189.5849053,1.176471443111542,0.24683061959703287,0.9005362363839727,0.4451911868727469,15163
C18_792.8892722_30.7033778,1.2850812723420548,0.20665505169880835,0.8673174277697767,0.686386560083878,15164
C18_792.9721248_44.60495812,0.8470994386208855,0.4023208008150687,0.9669701703160376,0.38393743646180606,15165
C18_793.9447973_49.07173776,0.18551393117658765,0.8538270801439929,1,0.05062689350401668,15166
C18_793.9766874_43.99589473,0.9037754510252938,0.37189157344921675,0.9637531830220828,0.3289507961198048,15167
C18_794.0380115_130.2833106,-0.7455823387834236,0.4605740038928887,0.9755657681934743,-0.49951713218945937,15168
C18_794.4245315_20.74523225,-1.6862582554250445,0.10006107264030162,0.718134185467518,-1.4066674984835095,15169
C18_794.9305786_48.47089868,1.2272747297754694,0.22737848457324408,0.8838402126105115,0.23572602177871305,15170
C18_794.9635405_51.4874236,1.5741111153246232,0.1238729978021923,0.7633864733503855,0.456776467977986,15171
C18_795.9332993_46.15471658,-0.6580791359762365,0.5145125164582192,0.9824083431236167,-0.19446101256458542,15172
C18_795.9871178_47.6920719,0.2611871895878198,0.7953791905338283,1,0.07443792651002837,15173
C18_796.4219189_20.80264585,-0.6391920609011754,0.5265885936039151,0.9824083431236167,-0.6513397622120172,15174
C18_796.551253_211.3604696,2.109887677949048,0.04160860878950333,0.5388286365772633,1.2376359449294403,15175
C18_796.8903849_60.57157192,-0.1291828084004645,0.8979043167222307,1,-0.037181328835233875,15176
C18_796.919374_57.95344274,0.9402513216940198,0.35311416575573285,0.9588670540445742,0.2545122978124502,15177
C18_796.9254339_55.36363193,0.8666679034182384,0.3916429743890564,0.9669701703160376,0.21916434179010347,15178
C18_796.9645411_47.76353128,1.7221095468584215,0.09330055834956873,0.7113221259969026,0.6459334722381364,15179
C18_797.0311811_49.81804892,0.341680677853684,0.734501122539847,1,0.0832192643155821,15180
C18_797.0440552_48.97834406,0.1532745886294646,0.8790046552810757,1,0.024028110539419372,15181
C18_797.9287483_51.43787162,0.32421114928808015,0.7475820880124564,1,0.10062374916800354,15182
C18_797.9378089_49.09010301,0.6843184729585994,0.4979872616576003,0.9781047779839798,0.16712417245328604,15183
C18_798.4191068_20.61957664,-0.7998046369183861,0.4288682066882018,0.9742203846590763,-0.6965623153148398,15184
C18_798.5668443_225.4944305,-1.5176437787480739,0.13750140886675233,0.7792738576106346,-0.7622230209471351,15185
C18_798.8824709_61.56912226,-0.20138358540249457,0.8414884982928156,1,-0.08572258382441937,15186
C18_798.9202784_44.6644197,-0.1823002351010561,0.8563303568713003,1,-0.05910544750469111,15187
C18_799.0009964_51.11065252,0.19802089996984404,0.8440997019704823,1,0.023669242110603537,15188
C18_799.5553975_202.5373795,0.5474158513647677,0.5873408368925679,0.9913379189285378,0.2774360067904308,15189
C18_799.5693097_209.8335667,0.3019892798463349,0.7643309956639488,1,0.13367520614194353,15190
C18_799.9790672_44.70563555,-1.7760952508375771,0.08384293435308697,0.6957822607914386,-0.48590677803445037,15191
C18_799.9986165_50.59685886,1.8502234886626128,0.0721829724729911,0.6674130316676234,0.6253826014808279,15192
C18_800.4163693_20.39577973,-0.19326224634616113,0.8477979491374816,1,-0.1881158018022135,15193
C18_800.536467_191.3785334,0.5638324326923901,0.5762292660161877,0.9913379189285378,0.1849198071263509,15194
C18_800.5426191_190.9859514,0.7737446702956344,0.44393887557277534,0.9745894987688215,0.37941917536745273,15195
C18_800.5548499_187.6935891,2.1579784296905373,0.03740960392478819,0.5220805529735174,0.6691476798489879,15196
C18_800.5698943_198.8217861,0.8571760335989529,0.3967998391138119,0.9669701703160376,0.3030032229190087,15197
C18_800.9531323_50.96998234,0.9964491065315874,0.32542705516593606,0.9506069103298993,0.1578034088951453,15198
C18_801.540688_190.5900037,1.7220111366872106,0.09331858062887435,0.7113221259969026,0.7006641031529764,15199
C18_801.5436713_189.9480881,1.7872637321880183,0.08199057323914118,0.6948552844377854,0.7950378288872293,15200
C18_801.5588176_187.9216243,0.8572117233031088,0.39678036963456165,0.9669701703160376,0.4311805630905372,15201
C18_801.5771581_195.7932696,-0.5827893121004544,0.5635280707629123,0.990786345850868,-0.2935655160734778,15202
C18_801.9274793_53.03411454,2.194482400376498,0.034477273216310805,0.5048831476813758,0.56004714852052,15203
C18_802.598715_252.2116268,0.0261039380765362,0.979313040832654,1,0.015203063617669193,15204
C18_802.9068025_41.14206627,-0.06567651017981953,0.9479847265809527,1,-0.023892587721463077,15205
C18_802.9191747_42.55644084,-0.373883634368367,0.7105993400186839,1,-0.10553741561616126,15206
C18_802.9524426_39.95937413,1.7549563974040856,0.08744547969681417,0.6965941799907964,0.6445006780392067,15207
C18_802.9587154_44.04426327,0.3071069370782669,0.7604632359320264,1,0.09484364899466417,15208
C18_803.5514286_176.6700972,1.2104208895909292,0.23370169636706337,0.8879818864087687,0.36653320826337865,15209
C18_804.4093044_20.17164686,-0.6272601070690095,0.5342946267812163,0.9833164118236528,-0.46840763857054996,15210
C18_804.8779839_50.15010481,-0.45242893255572175,0.6535699937706341,0.9965858111391217,-0.13567115372953967,15211
C18_804.9102476_37.43843329,1.0038026694857627,0.3219157907445322,0.9495488307541496,0.29381901356356543,15212
C18_804.9290387_34.23074259,0.2966316882677388,0.7683866531363394,1,0.1711124678855884,15213
C18_804.9471272_48.79122317,-0.8044878113098943,0.42619305683110587,0.9732405036444339,-0.27299429775009165,15214
C18_805.2597805_121.5338041,-0.3483295852525208,0.7295432422568343,1,-0.15133169816517308,15215
C18_805.5664515_189.9868712,-0.3678847876964024,0.7150302950981254,1,-0.0930376931053738,15216
C18_805.9226862_49.0497691,1.4277597460817697,0.16164733174297516,0.8218381018016443,0.4707396307232021,15217
C18_805.9320769_44.45201662,-1.3429521481010196,0.18737041236908222,0.8486518958782779,-0.3947616461388479,15218
C18_806.4059473_20.56385086,-0.8777148294823047,0.3856948069620416,0.965927852283385,-0.9105740011695931,15219
C18_806.5830775_191.2314564,-0.1087325887478265,0.9139951042755841,1,-0.04387511486474644,15220
C18_806.5923129_188.059319,0.06408224370878926,0.9492455774722095,1,0.027512195979649746,15221
C18_806.902978_41.05003638,-2.2741995041666816,0.028773462650671416,0.47682605299794084,-0.6868109021058264,15222
C18_806.9895404_46.88216696,0.23004948519042234,0.8193052910525634,1,0.0575545067608221,15223
C18_807.5063318_206.4774788,-0.27067486735081236,0.7881273547481484,1,-0.09539447272129095,15224
C18_807.9683423_48.82426902,1.2258867205776687,0.22789439504276615,0.8840833026918968,0.3574524655818509,15225
C18_807.9780746_137.0063992,0.2083081862408161,0.8361171267819825,1,0.2186280401172523,15226
C18_807.996094_46.64390224,-0.9937006816585813,0.32674603505393396,0.9506069103298993,-0.32334908958616143,15227
C18_808.0053865_130.8791323,-0.0977715449662898,0.9226351191185869,1,-0.054504883446842074,15228
C18_808.9494438_48.75356442,0.25401325729524205,0.800874808706252,1,0.039063049044076606,15229
C18_809.9263886_48.19385229,1.1983301197691716,0.23831715718901517,0.8941873750750964,0.2812572205532678,15230
C18_809.9476425_49.20392,0.42334027446587147,0.6744684096582217,0.9996367449012522,0.12775286825340487,15231
C18_810.3983726_20.72438121,-0.6227459700502623,0.5372253708935895,0.9833164118236528,-0.6131637530228541,15232
C18_810.5667625_191.0761422,0.1747735903471462,0.8621990068100797,1,0.09281871927398433,15233
C18_810.5760022_188.7720422,0.5576851617009843,0.5803779516390445,0.9913379189285378,0.24738749312865665,15234
C18_810.8921775_58.58177036,-0.8330730547825723,0.4100851953586121,0.9686420717311376,-0.23130175563365385,15235
C18_810.8969599_58.06736708,0.9399249646233373,0.35327935872245053,0.9588670540445742,0.29615141663779043,15236
C18_810.9012828_55.96722409,1.2179970864479768,0.23084339171066684,0.8875782173548652,0.32382561458252856,15237
C18_810.9075466_52.83471238,2.747913800260158,0.009172346965010975,0.2752088704868528,0.5078316143979619,15238
C18_810.9127407_55.33819565,0.397449565326311,0.6932923208059771,0.9999159889500627,0.12537480028499198,15239
C18_810.9384514_53.95372353,1.1919846644474124,0.24076606122480168,0.8963115691567854,0.37256295775796155,15240
C18_810.9477196_51.49747074,-0.021166308009670686,0.9832253648807969,1,-0.005553674553967992,15241
C18_811.5439221_243.9215231,0.8975849114158906,0.37514126190177854,0.9637531830220828,0.5272147656146996,15242
C18_811.5710005_192.014112,0.8410097181171944,0.405680478897234,0.9672616821631036,0.42441742983192604,15243
C18_811.9591622_45.74798099,-0.18724988597795988,0.8524755103319909,1,-0.05541318141885555,15244
C18_812.3956511_20.72761588,-0.96262324253949,0.34191135439162235,0.9550137755006265,-0.7358164198493189,15245
C18_812.5866686_190.8156816,-0.13687553741389688,0.8918623804811658,1,-0.05963083817216761,15246
C18_812.5927676_188.789021,2.992630036657686,0.0048745354107270905,0.2145068663936207,1.009179607812001,15247
C18_812.8648222_51.82648068,-0.731291128118248,0.4691525870616887,0.9777549229263227,-0.36070477154556385,15248
C18_812.9007321_60.17263403,0.1649989157028231,0.8698322628036842,1,0.05281967101763163,15249
C18_812.9349934_45.84555965,-0.4798176706999613,0.634147586612626,0.9947980550876518,-0.14925602098968052,15250
C18_812.9443582_43.77090988,0.021458985726967028,0.982993449446012,1,0.005733070547422831,15251
C18_813.0175448_51.08482389,-0.5240541342359033,0.6033288675105208,0.9928201179984223,-0.07838101949408298,15252
C18_813.5915803_188.6255522,2.8016062981377616,0.00800240908584314,0.26208748604396903,1.0620498465514647,15253
C18_814.393005_20.59542905,-0.8690450400542566,0.39035814743488817,0.9669701703160376,-0.973462733939625,15254
C18_814.5517002_194.4036596,0.3789024009421897,0.7069001010732543,0.9999159889500627,0.14387494708528825,15255
C18_814.5675192_190.988376,0.3801387806507224,0.7059898890906808,0.9999159889500627,0.12843469485651185,15256
C18_814.975927_51.60425774,1.336594112077667,0.18941909189439995,0.849590510284177,0.19203836402888422,15257
C18_815.5572707_192.897179,0.9989405137529366,0.32423453671523395,0.9506069103298993,0.5476196382557571,15258
C18_815.5635742_195.5285138,2.8724319380207346,0.0066710723462098135,0.24429498032390717,1.5894610104632323,15259
C18_815.9606903_49.83020398,0.041855693748190884,0.9668360972495391,1,0.011038471083140182,15260
C18_816.1011704_16.87021299,0.29510071895987233,0.7695468041965069,1,0.3477163355478669,15261
C18_816.3905489_20.45047563,-0.7992841809934983,0.4291661305616581,0.9742203846590763,-0.6064321112438753,15262
C18_816.5396941_189.1306378,-0.2646062541708871,0.7927636963522808,1,-0.07542369134838478,15263
C18_816.5458793_184.854408,1.2658378355930822,0.21338943299980895,0.8700201576306809,0.4700302334250054,15264
C18_816.6086407_17.13184314,-1.0308433273390964,0.3092260204764517,0.9421850854569164,-0.9838214567275773,15265
C18_816.9344622_46.38420375,1.3307492550287345,0.19131752755027176,0.8507713974810356,0.32970065808788995,15266
C18_816.9449484_44.23839821,0.9931141910330201,0.3270279613495237,0.9506069103298993,0.4654828030502612,15267
C18_817.9381551_41.45394688,-0.8305183108722254,0.4115093059859063,0.96978156031432206,-0.17699741188507714,15268
C18_818.5444338_171.6897429,1.9738887887793406,0.05580528658804436,0.6096669348387879,0.5804030768686314,15269
C18_818.559822_175.2288745,-0.5595764908437241,0.5790999766415412,0.9913379189285378,-0.12212222969586949,15270
C18_818.8926374_45.05569394,0.39390937256510894,0.6958819398903175,0.9999159889500627,0.14113629611967404,15271
C18_818.9405902_37.30922005,-0.296990347447934,0.7681149432161467,1,-0.086600389361084,15272
C18_818.9749666_48.90270077,0.7653583061885805,0.44885493452801617,0.9745894987688215,0.21828747807387935,15273
C18_819.5509716_175.3613228,-0.9753185633305684,0.3356604732613929,0.9533946908220001,-0.3848852050578997,15274
C18_819.5634544_177.4140919,1.3611489255229792,0.18160112715552088,0.8448097971996803,0.45705641996959456,15275
C18_819.5698113_172.962861,1.8477605291687422,0.07254697701201615,0.6684533776297794,0.4338016741461522,15276
C18_819.5822958_193.5288996,-2.1625385717436467,0.03703160202670903,0.5220805529735174,-0.6145507823621809,15277
C18_819.9446649_46.92294205,-0.6022890573910349,0.5506113071406045,0.9858134543858914,-0.14902022436245557,15278
C18_819.9605459_43.30021197,-0.9260418813883994,0.36035365353515847,0.9608881797217599,-0.24282613264142458,15279
C18_820.5657725_174.8143892,0.004988922104238079,0.9960459137624305,1,0.0017810903112327624,15280
C18_820.6004515_191.5652615,-0.9334329085000036,0.35657602081987116,0.9588670540445742,-0.4546563940717479,15281
C18_820.9287754_49.42729412,0.4356523343132786,0.6655898078148685,0.9978767801948073,0.09689108916234276,15282
C18_820.9949037_47.26016298,0.08099189716889617,0.9358796926033242,1,0.018474437085969794,15283
C18_821.0072654_48.4659173,-0.03288775316576367,0.973938758851864,1,-0.008177826143809588,15284
C18_821.2444183_109.6341203,0.24080125990168527,0.8110225943536431,1,0.12356808928541932,15285
C18_821.2569665_114.0047395,-0.5467185341814688,0.5878150932111004,0.9913379189285378,-0.2997377064114407,15286
C18_822.3796655_20.55964105,-0.4865559088158473,0.6294084678775267,0.9947980550876518,-0.28780359414194456,15287
C18_822.9695754_49.80469435,1.0938652274466116,0.28100016233080055,0.9295944216943315,0.3337022088900896,15288
C18_823.5517448_196.8820889,1.393186366470516,0.1717782558655296,0.8326851500809265,0.35200432045947533,15289
C18_823.5675_199.2717387,0.6812852099734276,0.49988244666039405,0.9781047779839798,0.23079865635571176,15290
C18_823.9736749_50.64314798,0.050403277498790526,0.960068899379343,1,0.013512400427633789,15291
C18_824.0851891_17.0132725,1.0831973192250535,0.28564580436308495,0.9295944216943315,0.8035014986048916,15292
C18_824.3762194_20.52560864,-0.9610511428476186,0.34269077865176567,0.9555683586473622,-0.7168268805048607,15293
C18_824.5454545_189.9565729,0.14935697138792892,0.8820733937906653,1,0.05854690858848392,15294
C18_824.5548808_185.6450054,1.1616841544267045,0.25271432267263927,0.9054022050039036,0.3439635614360165,15295
C18_824.5708225_196.1118245,0.3613860224752844,0.7198418043747883,1,0.11888412000561208,15296
C18_824.9077695_56.35429572,0.8692083488757264,0.3902699780169768,0.9669701703160376,0.2322038846709204,15297
C18_824.9205353_53.15938441,0.8379661129123771,0.40736614270070326,0.9676316311691489,0.139700175517292,15298
C18_824.9585989_48.5935878,1.180032261328056,0.2454288399847565,0.9002001515555613,0.371457267351743,15299
C18_825.5441124_191.5401575,2.378902606378254,0.022570685685222174,0.4253621992037915,0.8297238472301107,15300
C18_825.579088_195.3125344,2.455965612058482,0.018807087832128717,0.3976572676214564,1.0773100836590583,15301
C18_825.5885539_189.6642112,1.4192616191912064,0.16409296632889891,0.8262501605855777,0.6095174983741399,15302
C18_826.372906_20.626846,-0.39977159093727677,0.6915957998875666,0.9999159889500627,-0.294718663577436,15303
C18_826.5955345_193.7525833,0.19278226197008555,0.8481711701410845,1,0.08152031965096719,15304
C18_826.6050518_191.1553639,0.8228201693949229,0.41581896877342983,0.971089044065792,0.39426589901098247,15305
C18_826.8797465_56.68225509,0.5402910248594242,0.5921951959268745,0.9919344024228657,0.16146867592885708,15306
C18_826.9209028_59.52088421,1.5572947767824759,0.1278120255058598,0.767062863320257,0.38925702778433036,15307
C18_826.9272642_55.86271909,0.6425052946730175,0.5244593233277823,0.9824083431236167,0.212862601639846,15308
C18_826.9624559_47.31145897,-1.0232210527026095,0.31276774609730784,0.9421850854569164,-0.2794022939784178,15309
C18_827.5884509_196.4455734,0.084415740600985,0.9331755464944366,1,0.0358848128876219,15310
C18_827.6042506_191.1718232,0.6648384091181704,0.5102274124021068,0.9802142331323181,0.4336761778272713,15311
C18_827.9431386_47.63257926,1.599873718339113,0.11803014278072847,0.7513182913635511,0.4429204518431101,15312
C18_828.3701707_20.55330176,-0.7278530877287052,0.47122998221896095,0.9781047779839798,-0.8249352594048004,15313
C18_828.560409_194.2133858,0.38843733688403725,0.699891944395421,0.9999159889500627,0.15538077389264893,15314
C18_828.5894318_182.5625946,0.42065034264274065,0.676414550988673,0.9996367449012522,0.19993687450838835,15315
C18_828.908238_48.53808116,-0.07079966484890056,0.9439339323874718,1,-0.023338145645145754,15316
C18_828.9158871_53.60342309,1.4817008546999721,0.14678582103517687,0.7984782716283341,0.4490358213010397,15317
C18_828.9935409_51.95043385,-1.4273940964780274,0.16175196758565782,0.8218381018016443,-0.47626277213790247,15318
C18_829.5695701_186.4902053,0.49436293599454534,0.6239374519670441,0.9947980550876518,0.15132133655381919,15319
C18_829.5921829_192.6948921,-0.1891915904283305,0.850964283157805,1,-0.04725044302792213,15320
C18_829.9769627_50.38472425,1.0391689335416618,0.3053891104829607,0.9402374180413365,0.34152170373456,15321
C18_830.3674138_20.55880842,-0.851231956634062,0.400050821184632,0.9669701703160376,-0.6117304642665499,15322
C18_830.6065162_191.5249978,-0.8904357897266987,0.3789167961332971,0.9638726330536317,-0.417633060999574,15323
C18_830.9373491_44.85117316,-0.32124248375736447,0.7498126498211954,1,-0.08892005711288455,15324
C18_830.9530923_46.29717984,-0.03734798227050301,0.9704059257948043,1,-0.01593224715142748,15325
C18_831.5836698_189.1324079,0.3026927839481785,0.763798944683648,1,0.07852836185700644,15326
C18_831.9347678_47.3723335,1.360936243626389,0.18166775696693396,0.8448097971996803,0.45973750397686863,15327
C18_832.3644809_20.51519146,-0.055634845171956736,0.9559284648364559,1,-0.04209108131938751,15328
C18_832.6016731_189.8493306,1.6086910811908641,0.11608281093543218,0.7449595424001796,0.5477829285181363,15329
C18_832.9078309_48.54933384,-0.9099931190668601,0.3686459812929572,0.9637531830220828,-0.31756645398920225,15330
C18_832.9375016_38.87789401,-0.03076602807276766,0.9756195140491133,1,-0.009189005206397786,15331
C18_832.9648546_39.00054736,0.6054623088461714,0.5485237503647229,0.9857989553982086,0.22680926564428847,15332
C18_833.5085551_209.7696791,0.8046109949161275,0.4261228281395679,0.9732405036444339,0.2555921163949774,15333
C18_833.5211014_209.8070929,0.211198599240725,0.8338773849818751,1,0.0835205331063642,15334
C18_833.973736_46.42963913,-0.09836186752391018,0.9221695471473585,1,-0.026625482588201948,15335
C18_834.5267577_209.8123397,0.6231109711487327,0.5369880867042494,0.9833164118236528,0.20568846237479035,15336
C18_834.5462291_189.0401546,0.8959452255734559,0.3760050550376285,0.9637531830220828,0.35355728070593156,15337
C18_834.5560003_193.3811583,-0.2501085185544214,0.8038703837796,1,-0.10110229754059583,15338
C18_834.8698753_62.3320635,-0.13953304898879748,0.8897766459525165,1,-0.05915807985520317,15339
C18_834.918506_40.39158899,-1.6854772086273893,0.10021276600207021,0.718134185467518,-0.48241274944815715,15340
C18_834.9280942_42.93062164,-0.9554079198203386,0.34549833365118887,0.9572455292742392,-0.2601675376053915,15341
C18_834.9505985_49.71619588,2.764929438556992,0.0087854098975362,0.27106863387821756,0.6317048196052566,15342
C18_835.5337428_220.0640537,0.8911057196605426,0.37856196846912804,0.9638726330536317,0.41440801927774873,15343
C18_835.543587_223.5844826,2.583499063930494,0.013813962832535236,0.3378806910443402,1.7887417707956137,15344
C18_835.929213_50.34920799,1.2723612861353906,0.2110882722311013,0.8683661493536527,0.39841420904773855,15345
C18_836.0102252_143.6955468,0.2847802481790751,0.7773814245600931,1,0.1614384467898859,15346
C18_836.5426827_220.9896,0.20998256218255032,0.8348195058452438,1,0.1381975461639886,15347
C18_836.9648701_51.86655188,1.159515043992295,0.2535858715890271,0.9060345787272268,0.3459300979793078,15348
C18_836.979646_51.78114153,0.3982870334299577,0.6926802638863588,0.9999159889500627,0.11763803238470397,15349
C18_836.9871311_49.18304968,0.0727512923746866,0.9423912033491593,1,0.011873148951834032,15350
C18_836.9981373_46.09193656,1.166460618132024,0.25080279966130176,0.9053010394091442,0.6902125773372618,15351
C18_837.2474854_119.8374798,-1.2711503266257016,0.21151402374329795,0.8683661493536527,-0.6005131350614498,15352
C18_837.5600347_253.4227953,4.3358361556880025,1.0530305445683007e-4,0.04090965254871794,2.7600623571978775,15353
C18_837.5703861_255.474647,3.9309723384338193,3.521611210055833e-4,0.062162373157277684,2.7485782953243887,15354
C18_838.5527691_197.0005129,0.1459830757707201,0.8847177043962269,1,0.058221323946600484,15355
C18_838.5658907_193.2510513,-0.40477720993283955,0.6879440728803392,0.9999159889500627,-0.13254285228132634,15356
C18_838.6016123_193.7869549,0.7143734684624805,0.47942561062824995,0.9781047779839798,0.30508646733248557,15357
C18_838.6081325_188.1728201,1.1427374075474888,0.2604007336434414,0.911112589206785,0.43919099434961634,15358
C18_838.9244223_55.18386564,-0.15773325689595669,0.8755144043265919,1,-0.03863590893950342,15359
C18_838.9404314_53.46856823,0.5614981132166054,0.5778029421030889,0.9913379189285378,0.1702624983344321,15360
C18_839.5606567_193.8551298,1.4902746741286352,0.14452698305039371,0.791644336233801,1.2039191146674002,15361
C18_839.5764236_281.4728384,2.1962801109098966,0.03433829018098371,0.5048831476813758,0.6546133023948344,15362
C18_839.6063079_191.7490831,1.165211015213011,0.2513018690755292,0.9053010394091442,0.5757702713664907,15363
C18_839.9167565_47.90041517,0.15160140888815327,0.880315057908734,1,0.041033904199755486,15364
C18_840.578667_280.2308727,1.2482614953446367,0.21968319299336275,0.8775039313312304,0.6211005636494126,15365
C18_840.8951104_55.07426679,-0.3808217409653639,0.7054872871235234,0.9999159889500627,-0.11617894059637317,15366
C18_840.9432787_55.52772933,-0.05928936597562172,0.9530368839533463,1,-0.026628436341362808,15367
C18_840.9794054_47.86772962,0.2893782560219035,0.7738879558447044,1,0.08946944122464118,15368
C18_841.9555505_49.73484393,1.8578816543936116,0.07106108597720719,0.6627050518241218,0.4310591820544492,15369
C18_842.3477103_20.59959142,-1.0485520468209453,0.3011043743081962,0.9396681966123791,-0.607180931714166,15370
C18_842.5591829_174.5714174,0.25964741357354226,0.7965578623834288,1,0.06466863452150834,15371
C18_842.6050841_190.9297127,-0.24893595209192212,0.8047705222963814,1,-0.11128538527402677,15372
C18_842.9119966_33.66669209,-1.8141807828357466,0.0776676947287972,0.6866401149068114,-0.6868366971901431,15373
C18_842.9367599_50.83067443,-0.5868880246686091,0.5608004801109241,0.9899322889121577,-0.16661316590927291,15374
C18_843.5644833_174.5060392,-1.2802237473086595,0.20833964597219576,0.8683661493536527,-0.56733429687223,15375
C18_843.5708975_171.8168177,-0.3504352385775069,0.7279755609164428,1,-0.12267447825490689,15376
C18_843.584053_193.3620094,-0.7959809533238072,0.43105990901047087,0.9742203846590763,-0.22174563663970323,15377
C18_843.6070427_192.4439762,0.9009567708512415,0.3733689655877448,0.9637531830220828,0.34755220451518326,15378
C18_843.9131679_46.88814232,1.2777939608044224,0.20918617482859472,0.8683661493536527,0.40428493102332086,15379
C18_844.3413485_20.57660164,0.9477469748882262,0.3493340668327133,0.9574386235069654,0.7972722522282077,15380
C18_844.5681996_175.8568032,1.5868592129894337,0.1209530573528862,0.7582492142912378,0.5557268764749138,15381
C18_844.9537113_43.55246204,0.503992838468256,0.6172186374590268,0.9941935580372473,0.21408474831381247,15382
C18_844.9734369_47.65842422,-0.5615081819036393,0.5777961498042512,0.9913379189285378,-0.17567280379366315,15383
C18_844.9798842_49.83636449,0.3469149918559888,0.7305970835524638,1,0.08755663638046902,15384
C18_845.5999984_192.7981425,-0.016659771325674595,0.9867964816338239,1,-0.004415747206255157,15385
C18_845.6230314_191.9851013,0.020319649859085357,0.9838962581230366,1,0.006453283193070655,15386
C18_845.9501095_47.08202001,-0.390032172828663,0.6987223149126336,0.9999159889500627,-0.12746874266513697,15387
C18_846.5878436_174.1544084,1.6849621030295854,0.10031291313195424,0.718134185467518,0.9536040825126098,15388
C18_846.6207406_192.4158212,0.17215540804553875,0.8642423217055683,1,0.05504737596841195,15389
C18_846.6273108_189.9750461,0.1537038603634664,0.8786685132316694,1,0.05421184138911572,15390
C18_846.9283318_48.47374345,-0.3446803276241313,0.7322629377652039,1,-0.09139436018209857,15391
C18_846.942736_43.29686053,0.9417721008680388,0.35234505959535756,0.9584471216727528,0.4916144224399063,15392
C18_846.9515365_40.38432086,0.058726339825766076,0.9534823284318329,1,0.01569605515431853,15393
C18_846.971354_39.7528899,0.3782919379840479,0.7073496795316605,0.9999159889500627,0.1272123496641257,15394
C18_846.9811793_42.37322907,-0.36167037689619713,0.7196310326208857,1,-0.10078009544888229,15395
C18_847.1243978_21.71328341,1.7849900016172804,0.08236486098509822,0.6948552844377854,0.624091433067035,15396
C18_847.5604697_197.3424628,-0.7745208562475707,0.443485500511381,0.9745894987688215,-0.40742379198381085,15397
C18_847.5703683_193.8342326,-0.03284742530434976,0.9739707040521779,1,-0.01783979887071359,15398
C18_847.987729_48.72440789,2.624075986170814,0.012501120716734069,0.32301415536166483,0.7071578164789328,15399
C18_848.561386_193.8242077,0.22786754167093068,0.820988761924083,1,0.08528269532919344,15400
C18_848.8865336_60.44743858,0.17659205499259406,0.8607803811596453,1,0.06511215662742241,15401
C18_848.939648_46.33767223,0.7310632262113458,0.46929013079721504,0.9777549229263227,0.23384048243238964,15402
C18_848.9729792_48.63844207,-0.42386965789031994,0.6740856717046375,0.9996367449012522,-0.11302437509491362,15403
C18_849.5707946_193.9519182,-0.022242426039901245,0.9823726651504564,1,-0.013093316811300765,15404
C18_849.9397928_51.32956998,1.1640865925770634,0.2517515595215749,0.9053010394091442,0.3456549226573429,15405
C18_849.9529879_47.70066156,-0.6396663792681414,0.5262834884536045,0.9824083431236167,-0.16433751667660915,15406
C18_850.9251556_39.25705366,-0.5711348609843132,0.5713199838505549,0.9913379189285378,-0.1505344789636714,15407
C18_851.0016873_46.53204207,1.0000436092128104,0.32370748408407757,0.9506069103298993,0.27898805338098825,15408
C18_851.0152025_46.69974521,0.3415804335327311,0.7345759603740273,1,0.04931205930586611,15409
C18_851.5549925_197.9093453,2.802834314325181,0.007977352685007667,0.26208748604396903,0.8930347980311291,15410
C18_851.5781798_187.4802804,0.8965749222246612,0.37567317730044303,0.9637531830220828,0.2895936020565299,15411
C18_851.6014533_197.9906293,0.15180623699520607,0.8801546220250764,1,0.07461458931225393,15412
C18_851.9952318_125.5836443,-0.013932205931991296,0.9889580259067711,1,-0.012578974306097486,15413
C18_852.5660333_192.8369721,0.5318204487563059,0.5979912596498664,0.9926487049255592,0.1566147057043089,15414
C18_852.6063479_193.2052602,-0.5217468619297262,0.6049188876903933,0.9928201179984223,-0.2746348202093406,15415
C18_852.61974_190.9284555,-0.6625948655979119,0.5116475712822697,0.980797573128938,-0.3690469346404675,15416
C18_852.9438148_56.93967503,2.592501477657894,0.013512210174561157,0.3337685878024462,0.86961818501703,15417
C18_852.9572037_54.68899204,0.30235624476386264,0.7640534504198613,1,0.08996934170218442,15418
C18_852.9735756_47.46477054,0.7655114765296791,0.4487648592764384,0.9745894987688215,0.4407160970574714,15419
C18_853.585985_193.9607452,-0.17620847181901028,0.8610795843924857,1,-0.06061429186816528,15420
C18_853.5927728_189.3834084,0.9928628300575253,0.3271488409807579,0.9506069103298993,0.23288193913036598,15421
C18_853.6161525_195.5241227,1.625911755553589,0.1123553524145693,0.7386028370327659,0.6954145840302711,15422
C18_853.9411601_45.04328734,0.4752526576342047,0.6373671479192203,0.9953856535986481,0.13468801378129067,15423
C18_854.9029245_57.03787209,0.4029568762585691,0.6892711826507834,0.9999159889500627,0.15460295588704745,15424
C18_854.9096379_54.60044266,0.6982018874161472,0.48936388607073666,0.9781047779839798,0.19190723225970927,15425
C18_855.5841504_191.2602968,6.875132524200832e-4,0.9994550931061115,1,2.460637112050301e-4,15426
C18_855.6077404_188.5508106,0.3909566623173559,0.698044648120192,0.9999159889500627,0.10462823227997085,15427
C18_855.9807835_49.52234371,0.22575532572605003,0.8226192524903746,1,0.07015786920887815,15428
C18_856.6094946_190.1651164,-0.035182889972404145,0.9721207688656398,1,-0.00902062136521722,15429
C18_856.6164132_187.1499792,-0.0514643379095801,0.9592290469233576,1,-0.017298444522831406,15430
C18_856.8754746_53.00058803,-1.5312088299045445,0.13412225067532074,0.7732426627275885,-0.7612292113800747,15431
C18_856.8926116_34.72242413,0.6905457474141621,0.4941089535830594,0.9781047779839798,0.3443484300963016,15432
C18_856.9259967_34.72081037,-0.010284389244900098,0.9918489809354918,1,-0.002860325071382912,15433
C18_856.9596851_51.08222365,1.5969037164340176,0.11869204615560097,0.7528419284512633,0.5245866539895611,15434
C18_857.505395_208.2794224,-0.0042770852667329854,0.9966100927766184,1,-0.0012921268154623372,15435
C18_857.5201846_208.2319285,0.21454942258668522,0.8312826330015277,1,0.06841281081797913,15436
C18_857.6098538_190.1802976,-1.0390196159369647,0.3054576338937947,0.9402374180413365,-0.5139821675783589,15437
C18_857.9336063_44.08172345,-1.610126993727091,0.11576818761097239,0.7446629530930814,-0.45661717707766836,15438
C18_858.5273108_208.296903,-0.2533680253932965,0.801369598651056,1,-0.07928395226729472,15439
C18_858.8854291_38.74757808,-2.226704217925698,0.03206055473474909,0.49525203036667476,-1.0077364184657087,15440
C18_859.5241319_209.5197028,-0.03250035571024614,0.9742456325883465,1,-0.011328424117787714,15441
C18_859.5451872_213.1286217,-0.3045668770694911,0.7623821593872847,1,-0.15510926290903004,15442
C18_860.5362134_213.0055446,-1.058694454352515,0.2965199668818951,0.9388006206599299,-0.5501173814908866,15443
C18_860.9428019_51.23358213,-0.6033111593453723,0.5499384626558637,0.9857989553982086,-0.18672340065444415,15444
C18_860.9602859_43.93739631,0.7314051127511147,0.4690838035717263,0.9777549229263227,0.21062703973758054,15445
C18_860.9970332_44.32800551,0.17198378749356436,0.8643762931396481,1,0.08744658506012475,15446
C18_861.5507044_225.0571015,-0.10503213468722288,0.9169108491705281,1,-0.03259216247374455,15447
C18_861.9304825_46.47370748,0.01007145347675013,0.9920177398745852,1,0.0029687633331021363,15448
C18_861.965507_42.61671367,0.16686355214820192,0.8683751296933642,1,0.0644791922987868,15449
C18_862.5549447_224.9767318,-0.27663610532141086,0.7835806370142226,1,-0.16416353263962488,15450
C18_862.8954278_59.10578495,1.3791111477325237,0.1760416681922816,0.8365744600905479,0.5053062552403955,15451
C18_862.9057237_56.41560468,-0.019561407067511357,0.9844971009696054,1,-0.006330004482111179,15452
C18_862.9201594_45.94619748,0.640602285613721,0.5256817427376317,0.9824083431236167,0.26296485776340767,15453
C18_862.9567494_48.4406445,-0.3616763465484594,0.7196266079788991,1,-0.09449788887365818,15454
C18_862.9668119_46.04527033,1.1120835435825378,0.27319039032526354,0.9212133579231264,0.3287800073377772,15455
C18_863.9680478_51.04265252,1.459505376302191,0.1527639582672285,0.807225909482135,0.4202426614318581,15456
C18_864.912851_59.24685735,-0.3588908419753269,0.7216922533865894,1,-0.10883036376956502,15457
C18_864.9402865_45.54529979,-1.7586133104258594,0.08681311720235967,0.6962067550962847,-0.5379029554240017,15458
C18_865.0187383_47.9274194,1.1045382381746776,0.276405959774017,0.9227236778686373,0.3025350583540367,15459
C18_865.0321791_48.26413468,0.4025492846542835,0.689568472842632,0.9999159889500627,0.06291903167280602,15460
C18_865.5687327_197.0731115,1.8702374694354347,0.06928237589804978,0.6547128556609609,0.7750095358437513,15461
C18_865.592632_189.0851866,2.248784991020243,0.03049281911360195,0.485844004335382,0.6317148357524152,15462
C18_865.9243811_47.5009283,-0.012102619957593864,0.990407986652762,1,-0.0034558828175629886,15463
C18_866.5606124_173.531226,-0.7626029115023504,0.4504771286382888,0.9745894987688215,-0.4008554866632483,15464
C18_866.5776973_193.2037672,0.7128742302287088,0.48034212632075024,0.9781047779839798,0.2784576437408444,15465
C18_866.9888061_49.536449,0.9002961678540582,0.37371576229981396,0.9637531830220828,0.11282744385933127,15466
C18_867.5851056_196.2513363,0.3074021912253168,0.7602402813008377,1,0.08968665939193096,15467
C18_867.5988643_194.1010425,-0.3857568423491552,0.7018594485113241,0.9999159889500627,-0.1419445742886606,15468
C18_867.9625351_48.44016062,-1.1221295975825656,0.26895052023830335,0.9185780391297615,-0.30081765671252825,15469
C18_868.9345167_51.64575311,1.1192280477700929,0.27017024546367685,0.9185780391297615,0.328467633213705,15470
C18_868.9454223_49.52235959,-0.5106034874830857,0.6126255399184604,0.9930197309243719,-0.19281264112997465,15471
C18_869.1242554_22.3632344,0.5625036330809837,0.5771248152271738,0.9913379189285378,0.2941241809718604,15472
C18_869.5985378_193.0343361,-0.029495924660043547,0.9766256992194666,1,-0.012906327296126991,15473
C18_870.5420188_189.741592,0.488673289248922,0.6279225378708926,0.9947980550876518,0.17543631580158012,15474
C18_870.5523264_188.8201187,0.9523080147722155,0.34704703837092166,0.9574386235069654,0.29813180706230963,15475
C18_870.6110394_196.3016039,-0.11591945818066897,0.9083357404815812,1,-0.04763331596423411,15476
C18_870.6178457_193.7192545,-0.21639183584579566,0.8298567501664538,1,-0.07262637763415121,15477
C18_870.6282574_191.1247693,0.15340723126478353,0.8789007867870343,1,0.0740534185443675,15478
C18_870.8903546_53.75984339,1.6200217341073684,0.11361906264161829,0.7398432349432608,0.6470424084316692,15479
C18_870.8973882_37.32850316,-1.173899796096092,0.24784661723362256,0.9013193895014,-0.45108288912026195,15480
C18_870.9454812_37.32278517,-0.09064455189969532,0.9282581209303878,1,-0.027534468913273723,15481
C18_871.54945_189.2942234,0.08213498299739225,0.9349767980243147,1,0.03875239651516878,15482
C18_871.9536345_50.99923107,0.6141021170102476,0.5428606459493894,0.9844101439284977,0.1713747736462369,15483
C18_872.565735_187.7778862,1.697094638976453,0.09797603847867761,0.7177897439971538,0.9146458589417947,15484
C18_872.8993764_37.97807145,1.0739968946933591,0.28969555220195353,0.9318421632048914,0.2838059476925092,15485
C18_872.9045849_40.66930488,0.474038959157544,0.6382243346245368,0.9955023063019077,0.15996395466082874,15486
C18_874.9607985_46.0915851,-0.6393880379441286,0.5264625200352966,0.9824083431236167,-0.17214391035260246,15487
C18_874.9762831_45.62704531,0.9745300649374191,0.33604646835244667,0.9538012678982722,0.23980380915099053,15488
C18_875.9479569_49.3544449,1.7483245132921024,0.08860214533216104,0.6991326024755875,0.5510881824657364,15489
C18_875.97246_43.54959919,1.4361370914667833,0.15926457072171632,0.8193248359762065,0.47763060434110505,15490
C18_876.9369429_47.7395853,0.6180586097906826,0.5402774502369602,0.9843162174675454,0.09368033186075314,15491
C18_876.9682818_49.93479539,1.0479836564243585,0.30136273489555926,0.9396681966123791,0.5217022187840782,15492
C18_878.5946942_191.3564598,0.746867967387631,0.4598067783469125,0.9755657681934743,0.3843457629631133,15493
C18_878.8990754_55.23479306,-0.10633213808571898,0.9158863866451785,1,-0.03297121512026294,15494
C18_878.9302852_54.68596227,0.3766272864218652,0.7085761596123612,0.9999159889500627,0.12406783195855153,15495
C18_878.965149_50.10474757,-0.2596934382927892,0.7965226242419484,1,-0.08820922830133074,15496
C18_879.0455942_48.93456277,0.3423312279515931,0.7340155153208624,1,0.10648118476618637,15497
C18_879.6020885_191.1484679,1.9395891817348179,0.05998973081552534,0.6241315702727834,1.0060049194593377,15498
C18_879.9417999_48.4843963,1.4319098803355126,0.1604634350515487,0.8211337344168828,0.45744898372532133,15499
C18_880.8885001_53.89360516,-0.3999886315834194,0.6914373075303027,0.9999159889500627,-0.20916741640800604,15500
C18_880.9199211_45.88343538,0.3350164936037958,0.7394819754533382,1,0.1095328914604092,15501
C18_880.9903499_50.08104817,-0.7973860545448477,0.43025373268908707,0.9742203846590763,-0.2166823676739549,15502
C18_881.0054099_49.9152043,1.2979711285310547,0.20223473591171198,0.8647457759331585,0.16130521265097164,15503
C18_881.5167942_206.216076,-0.31899675729392096,0.7515014666395862,1,-0.1271189351596309,15504
C18_882.5292551_206.1324041,0.982771390513034,0.3320267523791083,0.9514278664761784,0.49514626384887156,15505
C18_882.9627548_50.11981628,1.1782209193306907,0.2461411794883898,0.9003208218306411,0.21161014411580464,15506
C18_883.5329474_210.8015973,0.38861342586591324,0.6997627668516706,0.9999159889500627,0.11701435228435116,15507
C18_884.5488278_211.0416419,1.7708971006420988,0.08471702852872992,0.6959761542836904,0.7170724293653872,15508
C18_884.5559193_189.1951354,1.6375807993580096,0.10988579580026936,0.7336651855103924,0.5815663357436149,15509
C18_884.5699932_186.589596,-0.035998271597135686,0.9714749365482096,1,-0.015586134055930912,15510
C18_884.9215083_42.41317236,-0.459246332995621,0.648711942996315,0.9965858111391217,-0.15207959640414465,15511
C18_884.9549059_41.74425944,-0.3791979992578111,0.7066824444409163,0.9999159889500627,-0.13558742971574275,15512
C18_885.5523479_221.8767568,-0.1506498993507661,0.8810604145067084,1,-0.043027956591298724,15513
C18_886.5542278_222.5863554,-0.42113938028222275,0.6760605688796182,0.9996367449012522,-0.12634282612938913,15514
C18_886.8813406_43.1199594,-0.7591997502240365,0.4524854460497939,0.9750316892785739,-0.24492735424305434,15515
C18_886.8908075_46.12325432,-1.529686043664128e-4,0.9998787606592564,1,-6.111155013783362e-5,15516
C18_886.9083979_40.27272553,0.7158439648025234,0.4785276307830315,0.9781047779839798,0.24798219084506798,15517
C18_886.9154946_43.39883662,1.028080189105467,0.31050672663020823,0.9421850854569164,0.31762152370667884,15518
C18_887.5583443_222.8875753,-0.08454316931758232,0.9330749187794154,1,-0.029176416278014556,15519
C18_887.9303002_47.16309298,-1.0229387681415751,0.3128994426706143,0.9421850854569164,-0.28287059282037824,15520
C18_888.5589244_222.8715693,-0.28688599901627937,0.7757809335733912,1,-0.22182700935884772,15521
C18_888.8754001_58.00064065,1.0787657032730862,0.2875914718631598,0.930014439641605,0.5349706038701663,15522
C18_888.9786141_47.06328574,-0.09190355297734604,0.9272645241074498,1,-0.028494176331600247,15523
C18_888.9939064_47.66168244,0.4275242681636283,0.6714458302152397,0.9996367449012522,0.09262811345482998,15524
C18_889.9932513_46.96231627,2.5728308748413267,0.0141795579743204,0.3416577542585483,0.711160346811826,15525
C18_890.9454047_49.06996346,1.0791664687512736,0.28741513709556316,0.930014439641605,0.1951346118704462,15526
C18_891.5314358_241.3258681,1.6630333434150122,0.10465388529784472,0.7264215103023821,0.6695998161819089,15527
C18_891.9491421_49.18838105,0.4010798798072434,0.6906406447103988,0.9999159889500627,0.09146884695711485,15528
C18_892.6072941_195.0569644,1.8672002496482247,0.06971604305018834,0.6570120193871979,0.9190498370130913,15529
C18_892.6179993_192.9037163,2.112921843678338,0.0413318970438514,0.5371727662805484,0.8662266864010268,15530
C18_892.9086595_53.19915962,-0.24302407180688007,0.8093129455144592,1,-0.08306146296907634,15531
C18_892.9509515_51.77699193,0.9712350376113948,0.33766270419316236,0.9541737438762358,0.26136605317104794,15532
C18_893.1571897_15.311724,-0.040475310814605876,0.9679292051038011,1,-0.04009378500527934,15533
C18_893.6137026_193.8660625,3.4234415559813556,0.0015114430834421342,0.11582815044329722,1.666423725535101,15534
C18_894.5502595_189.1258663,1.5826086264025088,0.12192036219271629,0.7603687534924862,0.5346899454814722,15535
C18_894.5608756_185.8060219,2.039565844579502,0.048494890083563676,0.5736857855517963,0.6167324179062361,15536
C18_894.9093877_58.54204982,2.3832481113358366,0.02234155263739129,0.4244273204202801,0.792516733884181,15537
C18_894.9418483_47.98818442,-1.2131629229416951,0.2326641980044138,0.8879258919320564,-0.4014961551431541,15538
C18_895.0242962_50.46549738,-0.3391237170006793,0.7364108509396265,1,-0.07216894391717697,15539
C18_896.9809842_50.43902199,-0.9840387807079822,0.331411460717814,0.9506069103298993,-0.15323463122542783,15540
C18_898.5816899_188.2788554,0.6448706387524711,0.5229420325029333,0.9824083431236167,0.20458567372401856,15541
C18_898.921786_41.96852681,0.03150436389734232,0.9750346174799107,1,0.012610454581196978,15542
C18_898.9434889_44.91829639,-0.21660824418893848,0.8296893053011072,1,-0.043138491833987214,15543
C18_899.9389453_42.27728356,0.03156649637886033,0.9749853978606235,1,0.009731505137309807,15544
C18_900.8852649_46.41056914,1.8964209431693868,0.0656384916154775,0.6415887934966203,0.5463649810831492,15545
C18_900.8962473_50.12152303,0.782330615389625,0.4389391106340912,0.9745124110909839,0.2268938045463702,15546
C18_900.9324952_50.53200704,1.9746390387415518,0.055716657259017005,0.6091222585519535,0.6261523711456873,15547
C18_901.9532195_48.49788161,-0.3481689928732558,0.7296628533860006,1,-0.09653794692202944,15548
C18_902.855437_64.09432892,-2.460867814425122,0.01858817215819984,0.39569130705327843,-1.055787265567367,15549
C18_902.8846125_54.98761221,1.0900098191419123,0.282672914091529,0.9295944216943315,0.4454214691660467,15550
C18_902.8916608_57.08516643,0.015775181569221433,0.9874974921273422,1,0.0047529463386804345,15551
C18_903.00823_48.89342943,0.44208801423589245,0.660968081088499,0.9968021749030789,0.10576725436692669,15552
C18_904.9690006_50.33990069,0.14940011954424873,0.8820395849566566,1,0.027133238513195625,15553
C18_905.9616029_50.22109114,-0.8556787928791849,0.397617155492868,0.9669701703160376,-0.21202602701797282,15554
C18_906.921174_52.61155496,0.534282262922376,0.5963039803185415,0.9924074341965825,0.09025496964208271,15555
C18_908.5654068_188.0622403,-1.031588930991591,0.30888105858311454,0.9421850854569164,-0.5439200178576763,15556
C18_908.8817182_52.51198017,0.12117270141518253,0.9042020708494326,1,0.03941496594673776,15557
C18_908.9220072_52.89030422,1.747893117556318,0.08867782731445792,0.6991326024755875,0.47958838092750583,15558
C18_909.5623552_219.8183587,0.9797540461770458,0.3334946993835042,0.9523228101868886,0.9258797564583324,15559
C18_910.9959993_51.52319909,-0.9765027438353169,0.3350813373230128,0.9529111307364223,-0.45028359741213747,15560
C18_912.936609_42.33739231,2.0422169907949304,0.04821822177410816,0.5734819207320505,0.7254004382907882,15561
C18_912.943871_46.32972938,0.22389623730248429,0.8240550053904836,1,0.06893605548786044,15562
C18_914.9204348_48.07510339,-0.029779791500330444,0.9764008144248022,1,-0.005514106625519733,15563
C18_914.9276549_45.4055118,1.341795464776539,0.18774184585602566,0.8489710044879274,0.5584570766611459,15564
C18_915.5374255_235.8750561,0.27651053675218423,0.7836763312709929,1,0.15045377140334742,15565
C18_916.8694257_58.02634484,1.9864729058775439,0.05433474162585355,0.6020988853157871,0.6724349405377248,15566
C18_916.8769248_60.5588153,-0.9289073675882875,0.35888598102939917,0.959676385016487,-0.26936886942751814,15567
C18_918.9912695_50.19128332,-0.008494056649376903,0.993267892304136,1,-0.0022759544112457165,15568
C18_919.2101362_16.09085947,-0.21811275765554586,0.8285254184835444,1,-0.13046404869159836,15569
C18_920.9254206_55.35884664,2.4326983290583026,0.019878448352323854,0.40452127411270433,0.8357550814997443,15570
C18_920.9441686_53.29640076,0.02923219092391336,0.9768346359128575,1,0.0044772245946018965,15571
C18_922.5816164_190.1720293,0.6151368642022079,0.5421844412727086,0.9844101439284977,0.2384972672310889,15572
C18_922.8901533_55.93487381,-0.43000169744975697,0.6696586970409378,0.9994663226129565,-0.10773673812478489,15573
C18_922.8995092_51.97304533,0.4604461962649611,0.6478585248895121,0.9965858111391217,0.14109493745729731,15574
C18_924.9065947_34.99580601,1.7252512556324051,0.09272672889516939,0.7109023686553717,0.9057527183415233,15575
C18_926.9671983_47.1447704,0.3273207004630302,0.7452480252649776,1,0.09946136532824626,15576
C18_928.9171394_49.19509758,0.6380221896432217,0.5273415145354989,0.9824083431236167,0.20773852555210195,15577
C18_928.9478503_40.99907921,-0.3032929980449703,0.7633451023024347,1,-0.13598724752877264,15578
C18_930.8769155_57.48130666,0.1311902584921604,0.8963270388812385,1,0.033565944615744386,15579
C18_930.8866211_54.45049848,0.9783423441574969,0.334182990510295,0.9526428562723162,0.3695652104835673,15580
C18_932.8506286_63.99438132,1.3728151492185305,0.17797511571809305,0.8404813690786701,0.6284796268595295,15581
C18_933.020258_46.38511608,-0.3475810304232564,0.730100833248893,1,-0.11004849218467709,15582
C18_934.9727_46.75733709,-0.5292000482639801,0.5997897056571031,0.9927179766037689,-0.18053443213886164,15583
C18_936.1887251_16.08087395,1.2141432540703092,0.23229409805267215,0.8879258919320564,1.0697637104535997,15584
C18_936.9054067_54.69641138,-0.5076832625746764,0.6146525833720973,0.9931667617408494,-0.14091313816155956,15585
C18_938.8713351_54.40347446,0.39838188950248754,0.6926109522284827,0.9999159889500627,0.1516432998435483,15586
C18_938.8829197_48.57386065,-0.11009089149981409,0.9129251397678351,1,-0.04671559932530837,15587
C18_938.9292711_34.80863537,-1.6613333856203731,0.10499679177143773,0.7270102455490702,-0.5102709572062298,15588
C18_940.8936198_37.10958959,-0.05128210804383249,0.9593732825146504,1,-0.025331734514074517,15589
C18_942.9458107_51.15843869,-0.7608617539014445,0.4515039861145589,0.9747323927249857,-0.20523927872170283,15590
C18_942.9536161_46.77070764,0.3453171958127217,0.7317880434270139,1,0.0782746906568341,15591
C18_942.9730673_43.53628508,-1.2728239852457741,0.21092576593253087,0.8683661493536527,-0.3381987529327095,15592
C18_944.8878434_57.80199675,0.5088923303032038,0.6138129489752371,0.9931667617408494,0.22910632166703646,15593
C18_944.8878776_57.58146951,1.0087190538828807,0.3195826599722997,0.9483800637817349,0.3602349427335588,15594
C18_944.9034907_54.76405355,0.45508775142900176,0.6516734978734426,0.9965858111391217,0.13970525032057216,15595
C18_944.9208728_47.96785207,0.9505738732070421,0.34791541312600804,0.9574386235069654,0.5223639978064757,15596
C18_944.9218024_47.44075659,-0.24459397751561307,0.8081060413646333,1,-0.1206087324987036,15597
C18_946.8555281_62.26613981,-0.28226438276614907,0.7792949150704775,1,-0.07078044317500963,15598
C18_947.0353401_47.78703811,-1.1517084455154931,0.25674057808897893,0.9089454034850852,-0.3114605392430036,15599
C18_948.9919361_48.87572188,-0.23180808649150358,0.8179490783917587,1,-0.0468881160401917,15600
C18_950.9391435_52.75566231,1.2616404486042683,0.21487999806982563,0.8718400748132646,0.3770646604139551,15601
C18_952.8901465_53.4537549,1.1523825780319268,0.2564670425596458,0.9085114391831796,0.5252438637818165,15602
C18_952.8983587_40.28349114,-0.2020235962887389,0.8409917193836721,1,-0.07977556250652096,15603
C18_952.921975_37.47675649,0.4012245024017139,0.6905350901035858,0.9999159889500627,0.21428784551692595,15604
C18_952.9414639_38.08415611,3.262664255982067,0.0023584558320982113,0.13876906787364382,0.7830919246491387,15605
C18_954.8986538_40.73362172,1.190251473568629,0.2414381479360406,0.8965589582842357,0.4336491051809538,15606
C18_954.9105732_37.93587205,1.8080907332773128,0.07862848054997892,0.6896168250598674,0.5041597166860278,15607
C18_956.98118_46.49100238,0.0646890970581134,0.9487656221220588,1,0.011444208315352634,15608
C18_957.1689164_16.72577433,-1.2034659967313226,0.23634850018249698,0.8910898353573972,-0.9491690437568165,15609
C18_958.1504808_16.82338794,-0.49404576978954917,0.6241592987837232,0.9947980550876518,-0.3416366853679406,15610
C18_958.9108956_58.00824884,-0.09170437420719157,0.9274217070964128,1,-0.05751133259510818,15611
C18_958.9230119_49.20284868,0.1910782525439258,0.8494964406902226,1,0.05720855361618459,15612
C18_958.9387702_47.12644189,0.924968101315067,0.3609046408991581,0.9611690139330997,0.18750546814756427,15613
C18_959.1580626_16.67760452,-0.7452326708491069,0.4607828042703277,0.9755657681934743,-0.4656070299035718,15614
C18_960.882548_60.99525438,1.0862189534395061,0.28432449761585077,0.9295944216943315,0.4577344854971946,15615
C18_962.8362819_64.84176514,-0.6746810414025501,0.5040224760906076,0.9781047779839798,-0.5463883096781207,15616
C18_963.0083947_49.58364813,-2.0281662202436,0.04970039194485094,0.5787940381420372,-0.5486454998338882,15617
C18_964.9656989_50.1814799,-0.013488040453433004,0.9893100271154727,1,-0.003172993946958663,15618
C18_966.9108961_39.47028471,0.6505376072585582,0.5193164192445017,0.9824083431236167,0.2081258154124276,15619
C18_966.9189026_42.52976649,0.9881471988940237,0.32942218541123125,0.9506069103298993,0.3657115725130239,15620
C18_968.8750198_43.69220194,-0.7983968450338885,0.4296743555993029,0.9742203846590763,-0.23860276550888482,15621
C18_968.9232153_43.97860603,2.7793130805664044,0.00847021288678963,0.2687354589845491,0.7872441800048329,15622
C18_970.978795_47.36242725,-0.8785235668163615,0.3852616125584679,0.9654585951975644,-0.23222532913327978,15623
C18_970.9961332_47.84608598,0.4696659197591641,0.6413170055210831,0.9955023063019077,0.09081020802100538,15624
C18_971.011161_48.0509091,-0.3512135070249891,0.727396430951246,1,-0.10045980975497365,15625
C18_972.9349659_49.3001221,-0.9996506189671169,0.3238951859152782,0.9506069103298993,-0.2704035319262242,15626
C18_972.9529376_49.29285209,1.2761295643912167,0.2097675388556488,0.8683661493536527,0.2193556847712504,15627
C18_973.9537697_49.27288709,2.7563743106919794,0.008978018029216878,0.2752088704868528,0.9313408551907854,15628
C18_974.9124453_51.03069402,0.7028694909947667,0.48648360331684526,0.9781047779839798,0.24926566336695713,15629
C18_975.1326665_16.9220157,0.062321839446917576,0.9506379745704927,1,0.06395321813289177,15630
C18_977.5741024_186.333119,-7.421948233072643e-15,0.9999999999999941,1,-6.95295678568072e-16,15631
C18_978.9823505_50.90169594,0.6578212516713527,0.5146763892860993,0.9824083431236167,0.19108520360042877,15632
C18_980.9256595_43.55898556,0.9952607296542777,0.32599691912157736,0.9506069103298993,0.297213300968607,15633
C18_980.9419442_45.16529918,0.08720490666935085,0.9309732589880524,1,0.02534737384611136,15634
C18_982.8831454_42.35523519,0.6088476957837713,0.5463011299667847,0.9857989553982086,0.1447602799666487,15635
C18_982.8994929_46.01779998,0.4453678456822334,0.6586178483021561,0.9966192045168055,0.16438864586713967,15636
C18_984.8997314_55.92582955,1.1995608303033725,0.23784431397253977,0.8932665963443939,0.6106927337366015,15637
C18_985.0076925_47.81827023,-0.39814149034668084,0.6927866179221713,0.9999159889500627,-0.11728610420560327,15638
C18_986.9522446_49.72334787,-0.07748973785768037,0.9386464886965084,1,-0.01814150046541651,15639
C18_986.9706507_49.63704598,0.5421462780684523,0.590929312238996,0.9919344024228657,0.09807352890250963,15640
C18_988.9275821_51.26864066,1.0089035621937419,0.31949532391110813,0.9483800637817349,0.1399275771784974,15641
C18_990.1264083_16.91361414,0.12752085651295572,0.8992104503779341,1,0.12493006165962317,15642
C18_990.879744_52.79263955,0.37973353822317757,0.7062881769079352,0.9999159889500627,0.12724338777564842,15643
C18_994.9398016_44.90257138,0.4040619955655993,0.6884653791823723,0.9999159889500627,0.1513245539316191,15644
C18_994.9608199_47.37634688,-0.226846919723013,0.8217765143483162,1,-0.0696849433263082,15645
C18_996.9011416_47.58703295,0.5560362515149843,0.5814932443025651,0.9913379189285378,0.1440952923410579,15646
C18_996.9163345_47.9674251,0.8700496505708384,0.38981596403797014,0.9669701703160376,0.3810446396058434,15647
C18_997.6365604_203.1094935,-1.621087496488253,0.11338954299673,0.7398432349432608,-0.31715414689797217,15648
C18_998.6226768_203.2290692,-6.329686258818451e-15,0.999999999999995,1,-5.929714630502327e-16,15649
C18_998.8767396_56.4817938,1.7686747618948464,0.08509305909219268,0.6959761542836904,0.6843036343030368,15650
C18_1000.985663_50.29933235,0.46768731344126935,0.6427184372342298,0.9955023063019077,0.14255919783006177,15651
C18_1000.998303_52.36268692,0.40237841154694554,0.6896931195382755,0.9999159889500627,0.12052009654390469,15652
C18_1002.945719_52.26405657,-0.06224826440278485,0.9506961724201776,1,-0.01629913880742915,15653
C18_1004.898821_54.51059569,-1.3478757583289656,0.18579565857995517,0.8473657717462296,-0.4403242510430894,15654
C18_1008.981121_48.7531692,0.5421140791239895,0.5909512713039337,0.9919344024228657,0.2629152535056964,15655
C18_1010.773584_220.4087978,1.7091354719410174,0.09570174019682619,0.7129804503146869,0.7105586884770981,15656
C18_1010.932386_48.93562126,0.16862503457046715,0.8669990341042422,1,0.04269083243023331,15657
C18_1011.075102_17.43946432,-0.7740667150309511,0.4437507338177774,0.9745894987688215,-0.70862762527971,15658
C18_1012.79491_244.1645616,2.9541877859334225,0.0053926304775684724,0.22165929035001536,2.0246358606351915,15659
C18_1012.876383_57.48409599,-0.10060986574389442,0.9203968651434913,1,-0.028515109483640305,15660
C18_1012.889372_52.65318099,-1.1380692858829704,0.26232010630800257,0.9131550993531528,-0.3411155642423983,15661
C18_1012.897969_55.21222626,0.6199885763183713,0.5390196995571923,0.983683589406213,0.18674419329066974,15662
C18_1014.843506_63.01971034,0.9929872708717382,0.32708899355239796,0.9506069103298993,0.42571745268828726,15663
C18_1016.963834_52.90461748,-1.4857792745056468,0.14570785058261393,0.7939890158351942,-0.5619211152572314,15664
C18_1018.916483_53.53710022,0.6733827486912036,0.5048385602228038,0.9781047779839798,0.18358416524029744,15665
C18_1024.944763_50.83476282,3.722882777574807,6.455292883215546e-4,0.07052604538411186,1.2208746865686184,15666
C18_1024.958198_47.0141433,-0.14073242455943213,0.888835581083034,1,-0.04294527056979856,15667
C18_1026.911701_53.81501588,-0.9492684980452347,0.34857002975348883,0.9574386235069654,-0.2426510596242607,15668
C18_1026.920458_50.35800552,0.27446935996016136,0.7852323633636346,1,0.08288537705676437,15669
C18_1028.870916_60.72672082,0.6619737994454984,0.5120410840755218,0.980797573128938,0.27234693966563933,15670
C18_1034.783184_215.6636532,2.2388461175861187,0.031189803553859544,0.48999181383113344,1.366298945837724,15671
C18_1035.667606_233.1077647,-1.8564209114169583,0.07127392324477233,0.6633124226015927,-0.871934839111376,15672
C18_1035.681085_229.7057919,-0.31778246187111014,0.7524151499852756,1,-0.10979996763195311,15673
C18_1036.670306_232.7548289,-1.6949315100815905,0.09838933838782044,0.718134185467518,-0.4735950252427024,15674
C18_1036.796756_231.3312703,3.063802657588774,0.00403667534639372,0.19452812788909615,1.8248564700256584,15675
C18_1037.796671_232.2883208,4.178148357997378,1.6918525912554394e-4,0.04352015664488242,2.6876595512465093,15676
C18_1038.8158_251.4680461,3.4280455048529577,0.0014921154408825599,0.1154735644150986,2.353381344585945,15677
C18_1038.99003_45.54798259,0.24435561150564322,0.8082892606646116,1,0.059894592413992594,15678
C18_1040.938954_45.4012463,2.482025627072668,0.01766970002922679,0.38500830438162675,0.8401475914791464,15679
C18_1042.884071_59.38352423,1.6460553758844054,0.10812040872170896,0.7299405333124399,0.8723815431592333,15680
C18_1048.921732_40.08698542,0.20102252287198408,0.84176878540403,1,0.060379963806964254,15681
C18_1049.674205_232.966876,-0.83758156455139,0.40757942891860277,0.9676316311691489,-0.31195807434837286,15682
C18_1050.679179_232.6967375,-0.576739432172025,0.5675662345849543,0.9913379189285378,-0.09238933662623537,15683
C18_1053.004718_47.6154982,-0.31463243712672495,0.7547870319997144,1,-0.08948995956935374,15684
C18_1054.95804_48.42336606,1.9619142989786038,0.05723649024805892,0.6133199145431344,0.40844205019568475,15685
C18_1059.671863_211.4875334,-1.726942664470025e-14,0.9999999999999862,1,-1.6178174975544696e-15,15686
C18_1060.794048_228.4108656,2.7506658900418812,0.009108709906061772,0.2752088704868528,1.9203404870648888,15687
C18_1062.809301_251.5533299,3.8641096074122694,4.283753125024055e-4,0.06595282851518033,2.9251564219213444,15688
C18_1062.947697_43.11158225,-0.16796722846328505,0.8675128729417582,1,-0.04752637189096624,15689
C18_1064.899339_43.48891856,-0.19901746992524091,0.8433256548450822,1,-0.06417295999616413,15690
C18_1068.977179_49.10257607,-0.024335234057772624,0.9807144164916045,1,-0.006206960080924585,15691
C18_1070.926485_50.85033651,-0.5853506174755587,0.561822806361604,0.9899322889121577,-0.188787315501468,15692
C18_1076.953245_45.44617591,0.06682601801262665,0.9470757039988115,1,0.020672119365232867,15693
C18_1078.919533_46.4126702,1.05940410072005,0.29620103197188147,0.9385474409597132,0.33082196732816516,15694
C18_1083.667403_204.6660927,-3.3402041145346506,0.0019050908867418923,0.12699856034871324,-1.295202471469852,15695
C18_1084.659134_204.4328502,-1.2729452049793355,0.2108832074594052,0.8683661493536527,-0.63706940616979,15696
C18_1084.946766_52.53704804,0.9535256720437963,0.34643815249331344,0.9572455292742392,0.2993951691597935,15697
C18_1085.681124_204.7090883,-9.984567044442103e-15,0.999999999999992,1,-9.353644218965051e-16,15698
C18_1092.937621_49.07883377,-0.39307818341246387,0.6964904838980829,0.9999159889500627,-0.09795313086979075,15699
C18_1094.899329_54.16888509,0.23524349221797075,0.8153013723923576,1,0.06386515773040158,15700
C18_1097.675925_204.4953586,-1.7072071522578305,0.09606298119190576,0.7130752058283747,-0.3988634007936515,15701
C18_1098.677172_204.5889461,-1.5460588244268736,0.13049995399481265,0.7695072627505222,-0.22943023514116836,15702
C18_1107.656025_201.3788682,-0.3867657056455489,0.7011186899544665,0.9999159889500627,-0.08333333333333294,15703
C18_1108.661065_201.0954007,-0.7512775690254887,0.4571809193235664,0.9755657681934743,-0.08333333333333393,15704
C18_1121.684966_201.3737827,-0.9091690336887946,0.36907509276191897,0.9637531830220828,-0.11182506187078269,15705
C18_1131.667735_198.9416911,-0.7512775690254899,0.45718091932356564,0.9755657681934743,-0.08333333333333406,15706
C18_1268.422685_129.7139014,0.7653708617597681,0.4488475505413385,0.9745894987688215,0.7500034073191215,15707
C18_1269.435766_129.690278,0.5458981848942203,0.5883732613881705,0.9913379189285378,0.28622603211254516,15708
C18_1270.431975_129.4581684,0.568528103820634,0.5730700788007911,0.9913379189285378,0.2957829576142217,15709
C18_1271.423345_129.6838526,0.3951095473665541,0.6950036074649,0.9999159889500627,0.20090168325364477,15710
